0 0.03334259013539005 0.7656649414766011 0.033315940506019805 0.19060927544565232
0 0.26611328125 0.220947265625 0.029144287109375 0.1325225830078125
0 0.110107421875 0.17578125 0.0197906494140625 0.1166534423828125
0 0.75830078125 0.05046844482421875 0.0154266357421875 0.091705322265625
0 0.8701171875 0.1410675048828125 0.0193023681640625 0.0783538818359375
0 0.443603515625 0.263519287109375 0.017181396484375 0.11016845703125
0 0.84033203125 0.0586700439453125 0.017242431640625 0.08758544921875
0 0.14306640625 0.2655029296875 0.0225372314453125 0.115509033203125
0 0.329833984375 0.277557373046875 0.0246124267578125 0.1129150390625
0 0.4755859375 0.2301025390625 0.0235595703125 0.0888824462890625
0 0.330810546875 0.135345458984375 0.02001953125 0.092926025390625
0 0.5703125 0.1114654541015625 0.0167236328125 0.0888824462890625
0 0.2293701171875 0.2764892578125 0.0295867919921875 0.1184844970703125
0 0.63720703125 0.22552490234375 0.017578125 0.103607177734375
0 0.8408203125 0.238037109375 0.0247955322265625 0.10345458984375
0 0.6689453125 0.1361083984375 0.019683837890625 0.0868988037109375
0 0.259033203125 0.0868988037109375 0.01490020751953125 0.097808837890625
0 0.369873046875 0.2349853515625 0.0222015380859375 0.1103973388671875
0 0.7421875 0.31158447265625 0.0235137939453125 0.09063720703125
0 0.040252685546875 0.306549072265625 0.0231475830078125 0.0995635986328125
0 0.07318115234375 0.201568603515625 0.0235595703125 0.087890625
0 0.95849609375 0.246124267578125 0.02838134765625 0.1239776611328125
0 0.509765625 0.1654052734375 0.020172119140625 0.087890625
0 0.7294921875 0.116424560546875 0.021240234375 0.1012420654296875
0 0.9638671875 0.097808837890625 0.020416259765625 0.0914764404296875
0 0.640625 0.063629150390625 0.0177764892578125 0.090484619140625
0 0.053802490234375 0.0591278076171875 0.0239105224609375 0.1087188720703125
0 0.54345703125 0.106201171875 0.017242431640625 0.07030487060546875
0 0.92822265625 0.07366180419921875 0.022979736328125 0.090484619140625
0 0.45361328125 0.06336212158203125 0.020721435546875 0.1026153564453125
0 0.1363525390625 0.04779815673828125 0.0189056396484375 0.0872039794921875