0 0.76904296875 0.135040283203125 0.019561767578125 0.086517333984375
0 0.0276336669921875 0.0943756103515625 0.022247314453125 0.111236572265625
0 0.061187744140625 0.0823211669921875 0.0189056396484375 0.09307861328125
0 0.2269287109375 0.1055908203125 0.023468017578125 0.1151275634765625
0 0.06829833984375 0.22552490234375 0.023956298828125 0.122833251953125
0 0.5400390625 0.07770538330078125 0.0197601318359375 0.10955810546875
0 0.87158203125 0.272064208984375 0.0203399658203125 0.1136016845703125
0 0.927734375 0.07167816162109375 0.0197601318359375 0.097503662109375
0 0.43896484375 0.280609130859375 0.023468017578125 0.11016845703125
0 0.13330078125 0.1239776611328125 0.0207672119140625 0.09490966796875
0 0.431396484375 0.1052093505859375 0.017852783203125 0.086212158203125
0 0.273193359375 0.22430419921875 0.0231475830078125 0.10955810546875
0 0.371826171875 0.25970458984375 0.0200653076171875 0.1045989990234375
0 0.336181640625 0.283203125 0.024749755859375 0.11383056640625
0 0.509765625 0.200042724609375 0.0191192626953125 0.0965118408203125
0 0.92578125 0.29876708984375 0.02447509765625 0.1082611083984375
0 0.16162109375 0.0995635986328125 0.016845703125 0.09063720703125
0 0.9658203125 0.230560302734375 0.02447509765625 0.1251983642578125
0 0.83251953125 0.1146697998046875 0.018829345703125 0.0946807861328125
0 0.6748046875 0.24932861328125 0.02069091796875 0.0962066650390625
0 0.034881591796875 0.74951171875 0.03265380859375 0.15960693359375
0 0.66162109375 0.0626373291015625 0.016845703125 0.0836181640625
0 0.8642578125 0.0719451904296875 0.015960693359375 0.09674072265625
0 0.56982421875 0.140838623046875 0.0182952880859375 0.103607177734375
0 0.70849609375 0.138702392578125 0.017578125 0.092010498046875
0 0.2384033203125 0.271453857421875 0.025909423828125 0.123291015625
0 0.6328125 0.125885009765625 0.019561767578125 0.1055908203125
0 0.361572265625 0.06191253662109375 0.019012451171875 0.0934600830078125
0 0.740234375 0.055999755859375 0.020721435546875 0.0962066650390625
0 0.474609375 0.249786376953125 0.01495361328125 0.09490966796875
0 0.1409912109375 0.3021240234375 0.02191162109375 0.117340087890625