0 0.268555 0.0801 0.020495 0.098575
0 0.034545 0.7470749999999999 0.03096 0.148775
0 0.5512699999999999 0.24155000000000001 0.027375 0.12375
0 0.072085 0.111225 0.019425 0.07195
0 0.43921 0.112525 0.01924 0.07115
0 0.04303 0.283825 0.02104 0.100475
0 0.255125 0.254525 0.02391 0.108725
0 0.47119 0.11735 0.01724 0.09362500000000001
0 0.23401 0.108725 0.018539999999999997 0.0953
0 0.11029000000000001 0.196375 0.022414999999999997 0.10147500000000001
0 0.75293 0.26015 0.02284 0.12635
0 0.6362300000000001 0.11445 0.01738 0.088575
0 0.510255 0.222925 0.021865 0.10742499999999999
0 0.532715 0.1036 0.0184 0.093225
0 0.970215 0.20920000000000002 0.027524999999999997 0.12304999999999999
0 0.65283 0.28015 0.020415 0.0789
0 0.1698 0.128775 0.018645 0.0859
0 0.362305 0.07595 0.017855 0.09147500000000001
0 0.85742 0.089575 0.017515 0.09765
0 0.03882 0.075075 0.019715 0.09292500000000001
0 0.34082 0.32104999999999995 0.02133 0.091325
0 0.956545 0.050475000000000006 0.0188 0.09362500000000001
0 0.66992 0.10147500000000001 0.02014 0.094675
0 0.8710950000000001 0.201875 0.02307 0.11315
0 0.37817500000000004 0.228875 0.018645 0.1011
0 0.7695299999999999 0.12442500000000001 0.018645 0.08522500000000001
0 0.9365249999999999 0.30715 0.02153 0.105825
0 0.410155 0.22385000000000002 0.0206 0.09255000000000001
0 0.14562999999999998 0.246575 0.02133 0.1091
0 0.71289 0.231925 0.02034 0.10247500000000001
0 0.83545 0.272525 0.02556 0.1233