0 0.034457457323315344 0.7538149509385788 0.03960879889141906 0.1932720162072755
0 0.336181640625 0.2764892578125 0.0290374755859375 0.145721435546875
0 0.57470703125 0.22216796875 0.0236968994140625 0.12115478515625
0 0.71142578125 0.222625732421875 0.0211639404296875 0.1099395751953125
0 0.06903076171875 0.09185791015625 0.0200653076171875 0.0958251953125
0 0.169677734375 0.13427734375 0.0185089111328125 0.0995635986328125
0 0.25537109375 0.250701904296875 0.0260009765625 0.1244354248046875
0 0.53076171875 0.107421875 0.0177764892578125 0.0914764404296875
0 0.37109375 0.20233154296875 0.0211639404296875 0.100860595703125
0 0.966796875 0.1068115234375 0.0194549560546875 0.0980377197265625
0 0.8681640625 0.07595062255859375 0.023193359375 0.1045989990234375
0 0.6611328125 0.0902557373046875 0.019866943359375 0.1058197021484375
0 0.93115234375 0.0628662109375 0.0223236083984375 0.1024627685546875
0 0.416259765625 0.245208740234375 0.02386474609375 0.11444091796875
0 0.56005859375 0.0945281982421875 0.0173797607421875 0.0885772705078125
0 0.330078125 0.14434814453125 0.0216217041015625 0.0963592529296875
0 0.040924072265625 0.22552490234375 0.021697998046875 0.1088714599609375
0 0.2313232421875 0.0658416748046875 0.02001953125 0.1003265380859375
0 0.62841796875 0.0971221923828125 0.0200958251953125 0.1052093505859375
0 0.6689453125 0.22430419921875 0.0222930908203125 0.111846923828125
0 0.2161865234375 0.276031494140625 0.0207672119140625 0.11444091796875
0 0.457763671875 0.247955322265625 0.02276611328125 0.128326416015625
0 0.953125 0.238037109375 0.0211639404296875 0.1166534423828125
0 0.7685546875 0.1157379150390625 0.018157958984375 0.0888824462890625
0 0.75146484375 0.251617431640625 0.0241851806640625 0.125885009765625
0 0.1094970703125 0.19775390625 0.0171051025390625 0.0965118408203125
0 0.01085662841796875 0.2197265625 0.021331787109375 0.102996826171875
0 0.83544921875 0.0972747802734375 0.018829345703125 0.095062255859375
0 0.43359375 0.1093292236328125 0.019866943359375 0.0958251953125
0 0.8095703125 0.201263427734375 0.0205230712890625 0.107879638671875
0 0.1385498046875 0.27099609375 0.0165252685546875 0.0849151611328125