0 0.87646484375 0.19775390625 0.0213623046875 0.1082611083984375
0 0.857421875 0.06412506103515625 0.01666259765625 0.1044464111328125
0 0.771484375 0.24017333984375 0.020965576171875 0.1045989990234375
0 0.1328125 0.06610870361328125 0.0225372314453125 0.1070404052734375
0 0.3369140625 0.07770538330078125 0.0217742919921875 0.10955810546875
0 0.40869140625 0.167388916015625 0.0191650390625 0.1088714599609375
0 0.5322265625 0.106658935546875 0.02191162109375 0.1099395751953125
0 0.96533203125 0.2288818359375 0.0197601318359375 0.1105499267578125
0 0.7314453125 0.1052093505859375 0.021453857421875 0.108489990234375
0 0.2490234375 0.257720947265625 0.022796630859375 0.0945281982421875
0 0.671875 0.25543212890625 0.021240234375 0.09857177734375
0 0.6640625 0.10223388671875 0.0190582275390625 0.098419189453125
0 0.43896484375 0.058441162109375 0.0207977294921875 0.09307861328125
0 0.0343017578125 0.1012420654296875 0.0219879150390625 0.1093292236328125
0 0.3115234375 0.223388671875 0.0221099853515625 0.1190948486328125
0 0.2113037109375 0.230560302734375 0.0217437744140625 0.11383056640625
0 0.51318359375 0.2349853515625 0.0227203369140625 0.115509033203125
0 0.369384765625 0.1277923583984375 0.02069091796875 0.0899505615234375
0 0.7314453125 0.31280517578125 0.021240234375 0.10345458984375
0 0.46923828125 0.1325225830078125 0.0184783935546875 0.0911712646484375
0 0.845703125 0.300445556640625 0.0224609375 0.1114654541015625
0 0.96142578125 0.0945281982421875 0.0194549560546875 0.0981903076171875
0 0.6318359375 0.1116180419921875 0.021240234375 0.1016998291015625
0 0.11029052734375 0.221405029296875 0.0220794677734375 0.1161956787109375
0 0.5546875 0.250701904296875 0.0255126953125 0.135040283203125
0 0.26953125 0.123291015625 0.0185089111328125 0.09307861328125
0 0.0618896484375 0.274505615234375 0.0224609375 0.1120758056640625
0 0.16748046875 0.1126861572265625 0.019012451171875 0.0934600830078125
0 0.9228515625 0.26947021484375 0.026702880859375 0.1268768310546875
0 0.06671142578125 0.1157379150390625 0.0194549560546875 0.0771331787109375
0 0.033599853515625 0.748291015625 0.042724609375 0.2056884765625