0 0.03287108642825397 0.7552445823658842 0.021156630854429564 0.19190090789583078
0 0.366455078125 0.238494873046875 0.0223236083984375 0.1016998291015625
0 0.83740234375 0.274505615234375 0.0226287841796875 0.106201171875
0 0.2105712890625 0.238494873046875 0.0217742919921875 0.1114654541015625
0 0.1536865234375 0.24749755859375 0.021697998046875 0.106658935546875
0 0.646484375 0.27862548828125 0.02337646484375 0.1116180419921875
0 0.029205322265625 0.284881591796875 0.0233306884765625 0.113372802734375
0 0.443603515625 0.271453857421875 0.0227203369140625 0.120697021484375
0 0.96875 0.130767822265625 0.01898193359375 0.0849151611328125
0 0.63671875 0.06534576416015625 0.0210113525390625 0.10345458984375
0 0.544921875 0.303192138671875 0.0209197998046875 0.1024627685546875
0 0.1680908203125 0.11016845703125 0.0182952880859375 0.0902557373046875
0 0.432861328125 0.05645751953125 0.02276611328125 0.104827880859375
0 0.76220703125 0.0695037841796875 0.0182647705078125 0.0955963134765625
0 0.90869140625 0.153656005859375 0.0186920166015625 0.1003265380859375
0 0.06982421875 0.237579345703125 0.0216217041015625 0.1004791259765625
0 0.55810546875 0.0577545166015625 0.0177764892578125 0.0911712646484375
0 0.6103515625 0.1953125 0.0202484130859375 0.099334716796875
0 0.24365234375 0.23406982421875 0.0253753662109375 0.11932373046875
0 0.11376953125 0.235748291015625 0.0255126953125 0.1153564453125
0 0.576171875 0.2008056640625 0.0212860107421875 0.1142120361328125
0 0.23388671875 0.04947662353515625 0.019195556640625 0.09185791015625
0 0.77490234375 0.256805419921875 0.0188751220703125 0.0955963134765625
0 0.93701171875 0.2069091796875 0.0225372314453125 0.1004791259765625
0 0.73291015625 0.1161956787109375 0.0177764892578125 0.0885772705078125
0 0.85986328125 0.0925445556640625 0.017303466796875 0.090789794921875
0 0.83056640625 0.1131439208984375 0.0221099853515625 0.103607177734375
0 0.33056640625 0.0954437255859375 0.0228424072265625 0.1081085205078125
0 0.03216552734375 0.13153076171875 0.018768310546875 0.093994140625
0 0.46533203125 0.06977081298828125 0.0182952880859375 0.0995635986328125
0 0.36376953125 0.0958251953125 0.017578125 0.096893310546875