0 0.9363168626682843 0.11607574119438241 0.020363611928377965 0.06412936580649926
0 0.537109375 0.26458740234375 0.019500732421875 0.153961181640625
0 0.970703125 0.090789794921875 0.021240234375 0.0811004638671875
0 0.134033203125 0.079498291015625 0.0221099853515625 0.0997161865234375
0 0.365234375 0.0646209716796875 0.019989013671875 0.1088714599609375
0 0.330810546875 0.085906982421875 0.0174407958984375 0.1003265380859375
0 0.474853515625 0.246124267578125 0.02001953125 0.1044464111328125
0 0.2371826171875 0.098419189453125 0.0192413330078125 0.0868988037109375
0 0.76708984375 0.116424560546875 0.01934814453125 0.09765625
0 0.271240234375 0.0909423828125 0.0197601318359375 0.08758544921875
0 0.83154296875 0.1010894775390625 0.020843505859375 0.092010498046875
0 0.55419921875 0.053119659423828125 0.011688232421875 0.10623931884765625
0 0.1689453125 0.1151275634765625 0.01763916015625 0.0872039794921875
0 0.365234375 0.2764892578125 0.019989013671875 0.098419189453125
0 0.2486572265625 0.2606201171875 0.022796630859375 0.117340087890625
0 0.033538818359375 0.738525390625 0.022674560546875 0.179443359375
0 0.431396484375 0.115966796875 0.0197601318359375 0.091705322265625
0 0.63037109375 0.1175689697265625 0.0203399658203125 0.0963592529296875
0 0.73291015625 0.06145477294921875 0.0210113525390625 0.1050567626953125
0 0.912109375 0.25299072265625 0.0211639404296875 0.11077880859375
0 0.0234222412109375 0.299835205078125 0.022247314453125 0.1087188720703125
0 0.86279296875 0.0591278076171875 0.0208892822265625 0.107421875
0 0.6611328125 0.05939483642578125 0.021331787109375 0.1187896728515625
0 0.71044921875 0.204925537109375 0.0216522216796875 0.109100341796875
0 0.57373046875 0.222625732421875 0.022796630859375 0.1087188720703125
0 0.6611328125 0.22674560546875 0.022796630859375 0.13458251953125
0 0.154296875 0.255889892578125 0.0211181640625 0.10955810546875
0 0.84814453125 0.241546630859375 0.0262603759765625 0.1554107666015625
0 0.06610107421875 0.06977081298828125 0.02044677734375 0.1039886474609375
0 0.4404296875 0.279083251953125 0.02191162109375 0.1190948486328125
0 0.06427001953125 0.248870849609375 0.021942138671875 0.1039886474609375