0 0.96923828125 0.208892822265625 0.0285491943359375 0.1129150390625
0 0.427001953125 0.28167724609375 0.0239105224609375 0.12115478515625
0 0.369873046875 0.0855255126953125 0.02191162109375 0.1045989990234375
0 0.92626953125 0.1568603515625 0.0214080810546875 0.1099395751953125
0 0.06683349609375 0.1052093505859375 0.018798828125 0.0914764404296875
0 0.27294921875 0.254058837890625 0.020843505859375 0.1026153564453125
0 0.6337890625 0.052642822265625 0.0197601318359375 0.0923919677734375
0 0.110107421875 0.18524169921875 0.021697998046875 0.109100341796875
0 0.83544921875 0.0638580322265625 0.0177154541015625 0.0923919677734375
0 0.2298583984375 0.1038360595703125 0.020172119140625 0.104827880859375
0 0.7705078125 0.079498291015625 0.0194244384765625 0.090789794921875
0 0.759765625 0.271453857421875 0.0257568359375 0.1070404052734375
0 0.64404296875 0.244293212890625 0.02752685546875 0.1320648193359375
0 0.85009765625 0.2545166015625 0.0252227783203125 0.1105499267578125
0 0.169189453125 0.086212158203125 0.0185089111328125 0.095977783203125
0 0.71875 0.2874755859375 0.0220794677734375 0.103607177734375
0 0.54833984375 0.270538330078125 0.021942138671875 0.0971221923828125
0 0.018402099609375 0.256805419921875 0.0219879150390625 0.1068115234375
0 0.66845703125 0.118865966796875 0.0199432373046875 0.0926971435546875
0 0.8134765625 0.252532958984375 0.0227203369140625 0.0980377197265625
0 0.260498046875 0.0577545166015625 0.0188751220703125 0.1070404052734375
0 0.95361328125 0.05039215087890625 0.012969970703125 0.1007843017578125
0 0.465576171875 0.0628662109375 0.018096923828125 0.09307861328125
0 0.55615234375 0.0946807861328125 0.0165252685546875 0.091705322265625
0 0.144287109375 0.274505615234375 0.021820068359375 0.1070404052734375
0 0.03302001953125 0.0846099853515625 0.021697998046875 0.10284423828125
0 0.466796875 0.277557373046875 0.0217437744140625 0.1026153564453125
0 0.53173828125 0.1213836669921875 0.01934814453125 0.104827880859375
0 0.31201171875 0.2197265625 0.0217742919921875 0.1016998291015625
0 0.3505859375 0.287933349609375 0.0213623046875 0.10223388671875
0 0.0360107421875 0.760498046875 0.034088134765625 0.170440673828125