0 0.529296875 0.1239776611328125 0.0160980224609375 0.0814056396484375
0 0.10968017578125 0.186920166015625 0.020965576171875 0.0708770751953125
0 0.73193359375 0.0765228271484375 0.0211181640625 0.102996826171875
0 0.8701171875 0.107421875 0.0223236083984375 0.080108642578125
0 0.65380859375 0.04322052001953125 0.0194244384765625 0.0814056396484375
0 0.71484375 0.240631103515625 0.021484375 0.1076507568359375
0 0.368896484375 0.1200103759765625 0.0187225341796875 0.078887939453125
0 0.53466796875 0.27801513671875 0.02447509765625 0.1018524169921875
0 0.626953125 0.116424560546875 0.0237274169921875 0.1110076904296875
0 0.259521484375 0.05710601806640625 0.0162200927734375 0.079803466796875
0 0.935546875 0.1123046875 0.0212860107421875 0.0774383544921875
0 0.95703125 0.26947021484375 0.0235137939453125 0.0836181640625
0 0.04046630859375 0.080108642578125 0.0184783935546875 0.05664825439453125
0 0.340087890625 0.22796630859375 0.0243377685546875 0.1244354248046875
0 0.308349609375 0.167694091796875 0.017913818359375 0.0997161865234375
0 0.140869140625 0.1088714599609375 0.016021728515625 0.086517333984375
0 0.07171630859375 0.1397705078125 0.0192413330078125 0.089263916015625
0 0.8115234375 0.194091796875 0.0204925537109375 0.0888824462890625
0 0.17236328125 0.1221466064453125 0.0205230712890625 0.0946807861328125
0 0.439697265625 0.058441162109375 0.020721435546875 0.08392333984375
0 0.033721923828125 0.7501220703125 0.0287628173828125 0.20843505859375
0 0.671875 0.238037109375 0.0153045654296875 0.133819580078125
0 0.43994140625 0.26214599609375 0.0217437744140625 0.102081298828125
0 0.7568359375 0.28900146484375 0.021209716796875 0.1044464111328125
0 0.244873046875 0.306549072265625 0.0207672119140625 0.097503662109375
0 0.97021484375 0.0868988037109375 0.0216522216796875 0.095062255859375
0 0.01085662841796875 0.214080810546875 0.015960693359375 0.0820159912109375
0 0.408935546875 0.1519012451171875 0.0192413330078125 0.0914764404296875
0 0.83740234375 0.213623046875 0.0227203369140625 0.0963592529296875
0 0.277587890625 0.2069091796875 0.021453857421875 0.1018524169921875
0 0.57177734375 0.22430419921875 0.018768310546875 0.138702392578125