0 0.4111328125 0.218505859375 0.02276611328125 0.1026153564453125
0 0.5556640625 0.050048828125 0.01812744140625 0.0989532470703125
0 0.1363525390625 0.057525634765625 0.021240234375 0.097503662109375
0 0.470458984375 0.084228515625 0.0190582275390625 0.0952911376953125
0 0.359130859375 0.0852203369140625 0.016845703125 0.0885772705078125
0 0.061767578125 0.05084991455078125 0.0204925537109375 0.099945068359375
0 0.21435546875 0.261688232421875 0.0225067138671875 0.10223388671875
0 0.0274810791015625 0.0823211669921875 0.026611328125 0.0972747802734375
0 0.8388671875 0.0885772705078125 0.01953125 0.0885772705078125
0 0.142578125 0.22796630859375 0.0234222412109375 0.11444091796875
0 0.37255859375 0.210113525390625 0.0222930908203125 0.1277923583984375
0 0.232666015625 0.0684356689453125 0.0219879150390625 0.1088714599609375
0 0.168701171875 0.123748779296875 0.01934814453125 0.0945281982421875
0 0.337158203125 0.2740478515625 0.02337646484375 0.119781494140625
0 0.26806640625 0.0689697265625 0.0182952880859375 0.0902557373046875
0 0.75830078125 0.050048828125 0.02423095703125 0.0888824462890625
0 0.0633544921875 0.27099609375 0.0213623046875 0.1209259033203125
0 0.97021484375 0.0989532470703125 0.0188751220703125 0.0829315185546875
0 0.94091796875 0.06534576416015625 0.0191650390625 0.0885772705078125
0 0.437255859375 0.1032257080078125 0.019378662109375 0.1012420654296875
0 0.66015625 0.051727294921875 0.01812744140625 0.10345458984375
0 0.91015625 0.19775390625 0.0196075439453125 0.0963592529296875
0 0.568359375 0.216827392578125 0.0311431884765625 0.1058197021484375
0 0.84033203125 0.223846435546875 0.021697998046875 0.099334716796875
0 0.03338623046875 0.7489013671875 0.029144287109375 0.146026611328125
0 0.626953125 0.0914764404296875 0.0211181640625 0.1103973388671875
0 0.8681640625 0.0945281982421875 0.0210113525390625 0.10345458984375
0 0.62890625 0.3082275390625 0.025665283203125 0.132293701171875
0 0.7265625 0.27862548828125 0.0229339599609375 0.1482391357421875
0 0.53662109375 0.31158447265625 0.02215576171875 0.121917724609375
0 0.7669284542963721 0.2638278306968521 0.02247401956896101 0.10869117748546529