0 0.5419921875 0.272064208984375 0.01953125 0.1004791259765625
0 0.83544921875 0.0823211669921875 0.02044677734375 0.0958251953125
0 0.1353759765625 0.269927978515625 0.0239105224609375 0.1045989990234375
0 0.53076171875 0.1448822021484375 0.0186920166015625 0.0807952880859375
0 0.91015625 0.21087646484375 0.0228424072265625 0.0909423828125
0 0.9384765625 0.106658935546875 0.01763916015625 0.0885772705078125
0 0.3486328125 0.244293212890625 0.020172119140625 0.1136016845703125
0 0.7353515625 0.05245208740234375 0.01837158203125 0.089263916015625
0 0.035675048828125 0.1114654541015625 0.0205230712890625 0.087890625
0 0.312255859375 0.24200439453125 0.0223236083984375 0.106201171875
0 0.66943359375 0.090484619140625 0.021209716796875 0.108489990234375
0 0.81298828125 0.245208740234375 0.020416259765625 0.102081298828125
0 0.8681640625 0.123748779296875 0.018798828125 0.0926971435546875
0 0.60986328125 0.20263671875 0.018829345703125 0.1004791259765625
0 0.47021484375 0.08392333984375 0.01812744140625 0.089569091796875
0 0.57470703125 0.207366943359375 0.0200958251953125 0.12237548828125
0 0.1591796875 0.0600433349609375 0.0211181640625 0.1016998291015625
0 0.76806640625 0.084228515625 0.022369384765625 0.107269287109375
0 0.94775390625 0.270538330078125 0.0247955322265625 0.11688232421875
0 0.23388671875 0.3155517578125 0.02056884765625 0.0943756103515625
0 0.056549072265625 0.25543212890625 0.0239105224609375 0.113372802734375
0 0.2314453125 0.1052093505859375 0.02044677734375 0.09857177734375
0 0.64892578125 0.281219482421875 0.021484375 0.104217529296875
0 0.368896484375 0.0768280029296875 0.019195556640625 0.09307861328125
0 0.74658203125 0.2740478515625 0.02191162109375 0.1026153564453125
0 0.45458984375 0.28533935546875 0.0204925537109375 0.0995635986328125
0 0.414794921875 0.247039794921875 0.02386474609375 0.1235198974609375
0 0.273193359375 0.233154296875 0.02044677734375 0.1045989990234375
0 0.171630859375 0.254058837890625 0.022369384765625 0.1099395751953125
0 0.0699462890625 0.0885772705078125 0.0202178955078125 0.0988006591796875
0 0.03265380859375 0.755615234375 0.0330810546875 0.16510009765625