0 0.1614990234375 0.058441162109375 0.02386474609375 0.0943756103515625
0 0.93408203125 0.12664794921875 0.015838623046875 0.095062255859375
0 0.6689453125 0.146026611328125 0.018157958984375 0.0849151611328125
0 0.06573486328125 0.21484375 0.02484130859375 0.109710693359375
0 0.431396484375 0.06687164306640625 0.01507568359375 0.086517333984375
0 0.1256103515625 0.296630859375 0.0222930908203125 0.1186370849609375
0 0.259765625 0.09063720703125 0.019195556640625 0.0909423828125
0 0.2303466796875 0.0997161865234375 0.019561767578125 0.09490966796875
0 0.70947265625 0.18035888671875 0.0169219970703125 0.0923919677734375
0 0.56689453125 0.0586700439453125 0.0177154541015625 0.0962066650390625
0 0.060760498046875 0.0926971435546875 0.0228424072265625 0.08819580078125
0 0.368896484375 0.118255615234375 0.021484375 0.086517333984375
0 0.60986328125 0.1568603515625 0.0174407958984375 0.0804901123046875
0 0.4609375 0.277557373046875 0.021484375 0.1093292236328125
0 0.312255859375 0.22430419921875 0.0211181640625 0.103607177734375
0 0.94775390625 0.30487060546875 0.020416259765625 0.100860595703125
0 0.1629638671875 0.2301025390625 0.021484375 0.128326416015625
0 0.74169921875 0.1018524169921875 0.0167236328125 0.096893310546875
0 0.55859375 0.27862548828125 0.02276611328125 0.113983154296875
0 0.8095703125 0.18310546875 0.019500732421875 0.1110076904296875
0 0.8427734375 0.280609130859375 0.021331787109375 0.10223388671875
0 0.9794921875 0.199737548828125 0.0192413330078125 0.089569091796875
0 0.6376953125 0.231475830078125 0.0222930908203125 0.1105499267578125
0 0.035736083984375 0.7427978515625 0.0263519287109375 0.203094482421875
0 0.350830078125 0.25970458984375 0.0252685546875 0.123291015625
0 0.8408203125 0.06664276123046875 0.01519012451171875 0.0914764404296875
0 0.2374267578125 0.27557373046875 0.02447509765625 0.11932373046875
0 0.4189453125 0.25970458984375 0.0257110595703125 0.1275634765625
0 0.0282745361328125 0.099334716796875 0.0192413330078125 0.1293182373046875
0 0.740234375 0.24383544921875 0.0261077880859375 0.093841552734375
0 0.53076171875 0.0783538818359375 0.0218658447265625 0.1125335693359375