0 0.6630859375 0.0577545166015625 0.02215576171875 0.0945281982421875
0 0.00955963134765625 0.1824951171875 0.0194549560546875 0.113372802734375
0 0.14453125 0.25970458984375 0.0224151611328125 0.1204681396484375
0 0.56494140625 0.0708770751953125 0.0163421630859375 0.089569091796875
0 0.31005859375 0.1898193359375 0.018646240234375 0.087890625
0 0.5322265625 0.1435089111328125 0.0173797607421875 0.0921630859375
0 0.2239990234375 0.27496337890625 0.0217437744140625 0.097808837890625
0 0.95947265625 0.070037841796875 0.0169830322265625 0.0885772705078125
0 0.11083984375 0.212860107421875 0.02069091796875 0.1116180419921875
0 0.63134765625 0.1161956787109375 0.0208892822265625 0.0946807861328125
0 0.65576171875 0.250244140625 0.026763916015625 0.1392364501953125
0 0.03228759765625 0.76416015625 0.036834716796875 0.16510009765625
0 0.5341796875 0.297088623046875 0.0229339599609375 0.1123046875
0 0.469970703125 0.089569091796875 0.0185089111328125 0.093841552734375
0 0.4365234375 0.08392333984375 0.021087646484375 0.109710693359375
0 0.041778564453125 0.225982666015625 0.021240234375 0.104827880859375
0 0.810546875 0.19927978515625 0.02001953125 0.1016998291015625
0 0.83740234375 0.216827392578125 0.024932861328125 0.1129150390625
0 0.7294921875 0.27557373046875 0.0279083251953125 0.119781494140625
0 0.06903076171875 0.124664306640625 0.018646240234375 0.089569091796875
0 0.232177734375 0.12420654296875 0.0174407958984375 0.0955963134765625
0 0.369140625 0.0954437255859375 0.018585205078125 0.086517333984375
0 0.3408203125 0.0628662109375 0.0181884765625 0.093994140625
0 0.1378173828125 0.1070404052734375 0.0171051025390625 0.084228515625
0 0.869140625 0.089569091796875 0.0192718505859375 0.09185791015625
0 0.412353515625 0.2606201171875 0.0189361572265625 0.104827880859375
0 0.267578125 0.0765228271484375 0.02069091796875 0.11077880859375
0 0.94775390625 0.2801513671875 0.0188751220703125 0.0888824462890625
0 0.76708984375 0.22674560546875 0.0240020751953125 0.1392364501953125
0 0.93212890625 0.15625 0.0162811279296875 0.0829315185546875
0 0.7578125 0.0988006591796875 0.0200653076171875 0.0962066650390625