0 0.161376953125 0.06664276123046875 0.018768310546875 0.097808837890625
0 0.423828125 0.303802490234375 0.0210113525390625 0.1003265380859375
0 0.309326171875 0.219268798828125 0.0177764892578125 0.1003265380859375
0 0.4326171875 0.0925445556640625 0.0180511474609375 0.097808837890625
0 0.84033203125 0.262603759765625 0.0221099853515625 0.1050567626953125
0 0.267333984375 0.10345458984375 0.0210113525390625 0.095062255859375
0 0.05511474609375 0.0516510009765625 0.02276611328125 0.097808837890625
0 0.0352783203125 0.27862548828125 0.0294189453125 0.124664306640625
0 0.371337890625 0.1093292236328125 0.02337646484375 0.104217529296875
0 0.6689453125 0.1157379150390625 0.017852783203125 0.0820159912109375
0 0.0709228515625 0.247955322265625 0.0191650390625 0.0926971435546875
0 0.467529296875 0.0811004638671875 0.020721435546875 0.09918212890625
0 0.56201171875 0.054931640625 0.0186920166015625 0.095062255859375
0 0.7138671875 0.23406982421875 0.0237274169921875 0.11688232421875
0 0.139404296875 0.31402587890625 0.0200653076171875 0.101470947265625
0 0.72998046875 0.07537841796875 0.021484375 0.1055908203125
0 0.76611328125 0.105438232421875 0.0187225341796875 0.0962066650390625
0 0.90966796875 0.1525115966796875 0.0208892822265625 0.09765625
0 0.17578125 0.220489501953125 0.0205230712890625 0.0958251953125
0 0.97021484375 0.103607177734375 0.017303466796875 0.0820159912109375
0 0.34326171875 0.2410888671875 0.0196075439453125 0.1093292236328125
0 0.80859375 0.164794921875 0.018585205078125 0.1044464111328125
0 0.230712890625 0.0676727294921875 0.0231475830078125 0.1052093505859375
0 0.53076171875 0.1340484619140625 0.0189056396484375 0.096893310546875
0 0.83837890625 0.054931640625 0.021697998046875 0.090484619140625
0 0.9375 0.2520751953125 0.021209716796875 0.09857177734375
0 0.65673828125 0.266571044921875 0.02447509765625 0.1273345947265625
0 0.0345458984375 0.7476806640625 0.03656005859375 0.178070068359375
0 0.63525390625 0.078582763671875 0.01971435546875 0.0946807861328125
0 0.2548828125 0.24566650390625 0.0259552001953125 0.11444091796875