0 0.252685546875 0.29388427734375 0.0190582275390625 0.100860595703125
0 0.82861328125 0.265960693359375 0.028594970703125 0.136871337890625
0 0.049774169921875 0.2734375 0.026153564453125 0.09674072265625
0 0.521484375 0.27801513671875 0.0237274169921875 0.12420654296875
0 0.426513671875 0.274505615234375 0.0236968994140625 0.1202392578125
0 0.0305023193359375 0.75439453125 0.0302734375 0.1953125
0 0.369384765625 0.1427459716796875 0.017578125 0.0849151611328125
0 0.036834716796875 0.087890625 0.016021728515625 0.0817108154296875
0 0.4658203125 0.277099609375 0.0226287841796875 0.1032257080078125
0 0.5693359375 0.078582763671875 0.01467132568359375 0.0849151611328125
0 0.2138671875 0.240631103515625 0.0199432373046875 0.1010894775390625
0 0.97998046875 0.211181640625 0.019500732421875 0.095977783203125
0 0.73291015625 0.1186370849609375 0.0200958251953125 0.0972747802734375
0 0.430419921875 0.0885772705078125 0.01971435546875 0.0965118408203125
0 0.1240234375 0.106048583984375 0.0142822265625 0.118865966796875
0 0.34130859375 0.05889892578125 0.0211639404296875 0.090789794921875
0 0.73779296875 0.2911376953125 0.021484375 0.0972747802734375
0 0.66455078125 0.0646209716796875 0.0207672119140625 0.104217529296875
0 0.23583984375 0.0836181640625 0.0191192626953125 0.097503662109375
0 0.86083984375 0.090484619140625 0.01971435546875 0.0965118408203125
0 0.308837890625 0.15625 0.0184326171875 0.091705322265625
0 0.53271484375 0.1213836669921875 0.01837158203125 0.090789794921875
0 0.154296875 0.089263916015625 0.019378662109375 0.1070404052734375
0 0.82666015625 0.0962066650390625 0.025421142578125 0.1110076904296875
0 0.9326171875 0.1290130615234375 0.018341064453125 0.0963592529296875
0 0.95849609375 0.0954437255859375 0.0162200927734375 0.0811004638671875
0 0.6279296875 0.30548095703125 0.020172119140625 0.1082611083984375
0 0.7724609375 0.26702880859375 0.018646240234375 0.1004791259765625
0 0.1710205078125 0.19378662109375 0.0223236083984375 0.117340087890625
0 0.06915283203125 0.1381683349609375 0.0164031982421875 0.0846099853515625
0 0.630859375 0.0914764404296875 0.01953125 0.093994140625