0 0.2607421875 0.27496337890625 0.0253753662109375 0.1175689697265625
0 0.755859375 0.247039794921875 0.0240020751953125 0.11077880859375
0 0.47216796875 0.219268798828125 0.0278472900390625 0.1256561279296875
0 0.92822265625 0.1230621337890625 0.0225372314453125 0.111236572265625
0 0.6318359375 0.31402587890625 0.0224151611328125 0.1058197021484375
0 0.63037109375 0.0981903076171875 0.0199432373046875 0.1088714599609375
0 0.458984375 0.085906982421875 0.0179901123046875 0.0899505615234375
0 0.955078125 0.242462158203125 0.021575927734375 0.1305389404296875
0 0.1702880859375 0.086517333984375 0.0199127197265625 0.09765625
0 0.15087890625 0.292816162109375 0.021942138671875 0.11077880859375
0 0.73291015625 0.07335662841796875 0.021697998046875 0.1032257080078125
0 0.42822265625 0.09765625 0.01666259765625 0.1016998291015625
0 0.5693359375 0.1293182373046875 0.0213623046875 0.0849151611328125
0 0.96044921875 0.05710601806640625 0.0174407958984375 0.1120758056640625
0 0.234375 0.1280975341796875 0.01751708984375 0.0820159912109375
0 0.767578125 0.11077880859375 0.0194244384765625 0.0926971435546875
0 0.51123046875 0.23193359375 0.018646240234375 0.06740570068359375
0 0.0323486328125 0.1416778564453125 0.0173797607421875 0.0820159912109375
0 0.8740234375 0.23101806640625 0.0193023681640625 0.1161956787109375
0 0.270263671875 0.0913238525390625 0.018402099609375 0.07537841796875
0 0.0738525390625 0.2447509765625 0.0240478515625 0.1200103759765625
0 0.339599609375 0.286407470703125 0.02203369140625 0.1018524169921875
0 0.036224365234375 0.2911376953125 0.0217742919921875 0.101470947265625
0 0.1370849609375 0.0849151611328125 0.021331787109375 0.097503662109375
0 0.3623046875 0.0676727294921875 0.0190582275390625 0.0962066650390625
0 0.5390625 0.0846099853515625 0.0192718505859375 0.07335662841796875
0 0.82666015625 0.1184844970703125 0.0246124267578125 0.1010894775390625
0 0.662109375 0.055999755859375 0.0180206298828125 0.0963592529296875
0 0.37353515625 0.25726318359375 0.01934814453125 0.097503662109375
0 0.8427734375 0.260162353515625 0.0215301513671875 0.1505279541015625
0 0.033721923828125 0.7391357421875 0.03265380859375 0.191650390625