0 0.44189453125 0.109710693359375 0.0153656005859375 0.07625579833984375
0 0.96630859375 0.0628662109375 0.0189056396484375 0.0955963134765625
0 0.33544921875 0.0646209716796875 0.0177764892578125 0.0888824462890625
0 0.470458984375 0.1213836669921875 0.0196075439453125 0.0963592529296875
0 0.368896484375 0.1177978515625 0.0193023681640625 0.08819580078125
0 0.53466796875 0.067138671875 0.019195556640625 0.0914764404296875
0 0.5517578125 0.250244140625 0.024383544921875 0.1044464111328125
0 0.258544921875 0.0562286376953125 0.01983642578125 0.094146728515625
0 0.0635986328125 0.096893310546875 0.020599365234375 0.102081298828125
0 0.619140625 0.250244140625 0.026153564453125 0.1256561279296875
0 0.438720703125 0.247955322265625 0.01953125 0.0965118408203125
0 0.7744140625 0.23193359375 0.0201416015625 0.09307861328125
0 0.513671875 0.2606201171875 0.0209197998046875 0.1039886474609375
0 0.1685791015625 0.1332855224609375 0.0185394287109375 0.08819580078125
0 0.138427734375 0.0461578369140625 0.0177764892578125 0.0817108154296875
0 0.66357421875 0.1003265380859375 0.0210418701171875 0.100860595703125
0 0.75537109375 0.0502777099609375 0.017578125 0.06923675537109375
0 0.86279296875 0.0739288330078125 0.0191192626953125 0.0965118408203125
0 0.83203125 0.1448822021484375 0.017242431640625 0.0817108154296875
0 0.10858154296875 0.1551055908203125 0.0190887451171875 0.1064300537109375
0 0.2303466796875 0.11077880859375 0.018646240234375 0.093994140625
0 0.876953125 0.233612060546875 0.018585205078125 0.089569091796875
0 0.2421875 0.31341552734375 0.0223236083984375 0.108489990234375
0 0.93115234375 0.0936126708984375 0.019866943359375 0.1070404052734375
0 0.03607177734375 0.7415771484375 0.030914306640625 0.157470703125
0 0.059326171875 0.239410400390625 0.0240936279296875 0.1142120361328125
0 0.3115234375 0.218048095703125 0.023468017578125 0.11932373046875
0 0.7421875 0.267486572265625 0.021942138671875 0.106658935546875
0 0.9248046875 0.300445556640625 0.0225067138671875 0.10345458984375
0 0.019500732421875 0.259246826171875 0.025909423828125 0.1290130615234375
0 0.62841796875 0.07335662841796875 0.0196380615234375 0.0989532470703125