0 0.44873046875 0.292205810546875 0.0228424072265625 0.118255615234375
0 0.039642333984375 0.291748046875 0.0224609375 0.107421875
0 0.2269287109375 0.3076171875 0.0278472900390625 0.132293701171875
0 0.6669921875 0.0913238525390625 0.018585205078125 0.089263916015625
0 0.6083984375 0.1438140869140625 0.0179901123046875 0.10223388671875
0 0.36669921875 0.216827392578125 0.026763916015625 0.116424560546875
0 0.83056640625 0.1153564453125 0.02044677734375 0.107269287109375
0 0.43701171875 0.0846099853515625 0.01751708984375 0.0934600830078125
0 0.51171875 0.204925537109375 0.021575927734375 0.1200103759765625
0 0.95849609375 0.259246826171875 0.021453857421875 0.1099395751953125
0 0.47119140625 0.1032257080078125 0.017303466796875 0.091705322265625
0 0.87255859375 0.25726318359375 0.019561767578125 0.0980377197265625
0 0.763671875 0.269012451171875 0.0216522216796875 0.106048583984375
0 0.0333251953125 0.7513427734375 0.0279083251953125 0.172119140625
0 0.76025390625 0.05664825439453125 0.0229339599609375 0.114898681640625
0 0.83740234375 0.27801513671875 0.0215301513671875 0.1038360595703125
0 0.26416015625 0.23406982421875 0.024383544921875 0.1216888427734375
0 0.1378173828125 0.2520751953125 0.0208892822265625 0.10009765625
0 0.06280517578125 0.0695037841796875 0.01837158203125 0.097808837890625
0 0.141357421875 0.06145477294921875 0.0185089111328125 0.0971221923828125
0 0.5361328125 0.09765625 0.018798828125 0.0981903076171875
0 0.72509765625 0.249786376953125 0.023773193359375 0.115509033203125
0 0.5693359375 0.07801055908203125 0.018157958984375 0.0901031494140625
0 0.2607421875 0.0502777099609375 0.019195556640625 0.100860595703125
0 0.35986328125 0.079498291015625 0.0193023681640625 0.0899505615234375
0 0.64111328125 0.0946807861328125 0.01763916015625 0.085906982421875
0 0.17041015625 0.1052093505859375 0.017852783203125 0.089263916015625
0 0.91650390625 0.257720947265625 0.0253753662109375 0.1146697998046875
0 0.327880859375 0.272979736328125 0.0221099853515625 0.1462554931640625
0 0.96826171875 0.1120758056640625 0.0189361572265625 0.0852203369140625
0 0.03265380859375 0.1482391357421875 0.0174407958984375 0.08392333984375