0 0.469970703125 0.1039886474609375 0.02001953125 0.09674072265625
0 0.03314208984375 0.118865966796875 0.016845703125 0.090789794921875
0 0.311767578125 0.23406982421875 0.0225067138671875 0.095977783203125
0 0.267333984375 0.073089599609375 0.0214080810546875 0.106201171875
0 0.032470703125 0.7440185546875 0.03167724609375 0.201263427734375
0 0.51025390625 0.194549560546875 0.021575927734375 0.09918212890625
0 0.14990234375 0.270538330078125 0.02069091796875 0.101470947265625
0 0.56982421875 0.0962066650390625 0.0185394287109375 0.0872039794921875
0 0.931640625 0.0708770751953125 0.021820068359375 0.1070404052734375
0 0.34521484375 0.25726318359375 0.0248870849609375 0.119781494140625
0 0.2156982421875 0.243377685546875 0.023651123046875 0.11688232421875
0 0.1370849609375 0.1136016845703125 0.01953125 0.107421875
0 0.82958984375 0.125885009765625 0.0230255126953125 0.1153564453125
0 0.17138671875 0.1038360595703125 0.0236053466796875 0.1082611083984375
0 0.41064453125 0.20965576171875 0.0214080810546875 0.092926025390625
0 0.4404296875 0.059814453125 0.019378662109375 0.0804901123046875
0 0.76904296875 0.1361083984375 0.0184783935546875 0.091705322265625
0 0.73974609375 0.05687713623046875 0.0189361572265625 0.095062255859375
0 0.371337890625 0.0965118408203125 0.019683837890625 0.08331298828125
0 0.63037109375 0.1120758056640625 0.0237274169921875 0.113983154296875
0 0.9150390625 0.272979736328125 0.0216522216796875 0.1142120361328125
0 0.041839599609375 0.3173828125 0.0199432373046875 0.095062255859375
0 0.966796875 0.064849853515625 0.02069091796875 0.0981903076171875
0 0.7099609375 0.166015625 0.0203704833984375 0.0997161865234375
0 0.062225341796875 0.06977081298828125 0.01898193359375 0.08819580078125
0 0.865234375 0.23193359375 0.0293121337890625 0.1479339599609375
0 0.2327880859375 0.1123046875 0.018768310546875 0.095977783203125
0 0.66162109375 0.0506591796875 0.020172119140625 0.0962066650390625
0 0.6123046875 0.247955322265625 0.0242767333984375 0.1285552978515625
0 0.5400390625 0.059814453125 0.0193023681640625 0.0926971435546875
0 0.82470703125 0.2655029296875 0.0242767333984375 0.12115478515625