0 0.11279296875 0.235443115234375 0.0235595703125 0.1105499267578125
0 0.60986328125 0.20233154296875 0.019866943359375 0.1058197021484375
0 0.2646484375 0.05451202392578125 0.019378662109375 0.0921630859375
0 0.771484375 0.1204681396484375 0.0200958251953125 0.0872039794921875
0 0.5224609375 0.27801513671875 0.024383544921875 0.1103973388671875
0 0.458740234375 0.260162353515625 0.024993896484375 0.1171112060546875
0 0.94287109375 0.25115966796875 0.023193359375 0.1200103759765625
0 0.341064453125 0.272979736328125 0.0243377685546875 0.095062255859375
0 0.90966796875 0.191192626953125 0.01934814453125 0.09185791015625
0 0.6494140625 0.2801513671875 0.0230255126953125 0.1064300537109375
0 0.1702880859375 0.08331298828125 0.017242431640625 0.089263916015625
0 0.06256103515625 0.0646209716796875 0.0192718505859375 0.097808837890625
0 0.260986328125 0.24017333984375 0.027587890625 0.118865966796875
0 0.8564453125 0.04726409912109375 0.0163421630859375 0.092010498046875
0 0.70849609375 0.1934814453125 0.0164031982421875 0.08758544921875
0 0.830078125 0.14007568359375 0.01837158203125 0.0846099853515625
0 0.33154296875 0.1438140869140625 0.0182342529296875 0.08392333984375
0 0.8359375 0.2734375 0.024932861328125 0.1290130615234375
0 0.6337890625 0.06313323974609375 0.0216522216796875 0.1010894775390625
0 0.036285400390625 0.3094482421875 0.022369384765625 0.0972747802734375
0 0.533203125 0.0971221923828125 0.0196380615234375 0.1045989990234375
0 0.135986328125 0.107269287109375 0.0190582275390625 0.086517333984375
0 0.432861328125 0.07770538330078125 0.01898193359375 0.09765625
0 0.5673828125 0.1105499267578125 0.0188751220703125 0.0820159912109375
0 0.35888671875 0.05889892578125 0.0204925537109375 0.1058197021484375
0 0.22216796875 0.298309326171875 0.027374267578125 0.13275146484375
0 0.7412109375 0.276031494140625 0.021209716796875 0.0913238525390625
0 0.07501220703125 0.22552490234375 0.0217437744140625 0.1052093505859375
0 0.0341796875 0.7476806640625 0.033203125 0.15960693359375
0 0.419189453125 0.28594970703125 0.0208892822265625 0.0995635986328125
0 0.93994140625 0.102081298828125 0.01898193359375 0.0946807861328125