0 0.24292821993705777 0.27763225135663744 0.02578013762597351 0.12295142560079654
0 0.9356206870718685 0.2954800389438499 0.020624110100778806 0.11898525058141601
0 0.1478271484375 0.23712158203125 0.023956298828125 0.1093292236328125
0 0.5615234375 0.279693603515625 0.024383544921875 0.1157379150390625
0 0.2301025390625 0.153961181640625 0.01971435546875 0.1044464111328125
0 0.038818359375 0.073089599609375 0.0150146484375 0.0913238525390625
0 0.436279296875 0.211639404296875 0.0246124267578125 0.1157379150390625
0 0.11083984375 0.213623046875 0.0241851806640625 0.1186370849609375
0 0.3701171875 0.1230621337890625 0.0169830322265625 0.0849151611328125
0 0.06939697265625 0.1221466064453125 0.0210418701171875 0.0962066650390625
0 0.039703369140625 0.270538330078125 0.0202484130859375 0.0855255126953125
0 0.640625 0.302581787109375 0.0271759033203125 0.1125335693359375
0 0.85888671875 0.052642822265625 0.020599365234375 0.104217529296875
0 0.865234375 0.267486572265625 0.027740478515625 0.1116180419921875
0 0.93115234375 0.1126861572265625 0.0179901123046875 0.1007080078125
0 0.339599609375 0.106658935546875 0.01554107666015625 0.08758544921875
0 0.654296875 0.064849853515625 0.021331787109375 0.1045989990234375
0 0.7607421875 0.07537841796875 0.0173797607421875 0.0943756103515625
0 0.439697265625 0.08819580078125 0.018585205078125 0.087890625
0 0.31005859375 0.19561767578125 0.0204925537109375 0.1166534423828125
0 0.56396484375 0.05672454833984375 0.02423095703125 0.1134490966796875
0 0.67138671875 0.2008056640625 0.0217437744140625 0.1175689697265625
0 0.7763671875 0.2447509765625 0.017913818359375 0.0888824462890625
0 0.970703125 0.269927978515625 0.0200653076171875 0.092010498046875
0 0.8232421875 0.284271240234375 0.0284423828125 0.13763427734375
0 0.467529296875 0.085906982421875 0.020294189453125 0.0926971435546875
0 0.529296875 0.072784423828125 0.019989013671875 0.0923919677734375
0 0.7470703125 0.2838134765625 0.0203399658203125 0.1007080078125
0 0.256591796875 0.0496673583984375 0.0197906494140625 0.0971221923828125
0 0.168701171875 0.1177978515625 0.019378662109375 0.0921630859375
0 0.03338623046875 0.7452392578125 0.034881591796875 0.213165283203125