0 0.310791015625 0.242919921875 0.0200958251953125 0.111236572265625
0 0.6728515625 0.1898193359375 0.0247955322265625 0.124664306640625
0 0.54296875 0.228424072265625 0.022369384765625 0.113372802734375
0 0.026763916015625 0.309906005859375 0.02203369140625 0.1126861572265625
0 0.7705078125 0.0926971435546875 0.0182342529296875 0.0926971435546875
0 0.23681640625 0.21759033203125 0.0219879150390625 0.1153564453125
0 0.41943359375 0.28533935546875 0.0225067138671875 0.1131439208984375
0 0.8310546875 0.27496337890625 0.0265045166015625 0.123748779296875
0 0.9365234375 0.0719451904296875 0.017852783203125 0.0913238525390625
0 0.509765625 0.185546875 0.0213623046875 0.1161956787109375
0 0.430419921875 0.0705718994140625 0.023284912109375 0.1070404052734375
0 0.2398681640625 0.094146728515625 0.0169219970703125 0.0885772705078125
0 0.869140625 0.216827392578125 0.0255126953125 0.1268768310546875
0 0.10894775390625 0.1580810546875 0.0182342529296875 0.11016845703125
0 0.85986328125 0.09765625 0.0230255126953125 0.1039886474609375
0 0.62646484375 0.1177978515625 0.0239105224609375 0.125885009765625
0 0.46484375 0.06214141845703125 0.021942138671875 0.104217529296875
0 0.5693359375 0.124969482421875 0.017578125 0.0722503662109375
0 0.2081298828125 0.1522064208984375 0.018096923828125 0.0955963134765625
0 0.7373046875 0.1018524169921875 0.01837158203125 0.098419189453125
0 0.03424072265625 0.7464599609375 0.03277587890625 0.1554107666015625
0 0.74755859375 0.25115966796875 0.023193359375 0.09765625
0 0.96923828125 0.0955963134765625 0.02191162109375 0.118865966796875
0 0.654296875 0.0923919677734375 0.017303466796875 0.0817108154296875
0 0.33935546875 0.0888824462890625 0.0177154541015625 0.0902557373046875
0 0.1431884765625 0.07770538330078125 0.0196380615234375 0.0913238525390625
0 0.3447265625 0.270538330078125 0.019989013671875 0.095977783203125
0 0.06658935546875 0.246124267578125 0.023956298828125 0.118865966796875
0 0.137939453125 0.259246826171875 0.0188751220703125 0.0911712646484375
0 0.0309600830078125 0.090484619140625 0.0185089111328125 0.094146728515625
0 0.951171875 0.298309326171875 0.020965576171875 0.096893310546875