0 0.270751953125 0.198211669921875 0.02447509765625 0.1171112060546875
0 0.771484375 0.10345458984375 0.018096923828125 0.0902557373046875
0 0.1533203125 0.28533935546875 0.0216217041015625 0.1055908203125
0 0.51171875 0.248870849609375 0.0206451416015625 0.11932373046875
0 0.546875 0.24017333984375 0.027008056640625 0.113983154296875
0 0.0343017578125 0.0774383544921875 0.0199432373046875 0.092010498046875
0 0.74365234375 0.2520751953125 0.0274810791015625 0.0965118408203125
0 0.66357421875 0.277557373046875 0.0246124267578125 0.1088714599609375
0 0.85791015625 0.098419189453125 0.0156707763671875 0.07335662841796875
0 0.310546875 0.20843505859375 0.0207672119140625 0.0981903076171875
0 0.96630859375 0.07030487060546875 0.0223236083984375 0.0997161865234375
0 0.833984375 0.13153076171875 0.017303466796875 0.078887939453125
0 0.11279296875 0.2301025390625 0.022979736328125 0.106658935546875
0 0.018096923828125 0.283203125 0.0216522216796875 0.1050567626953125
0 0.033966064453125 0.7537841796875 0.04248046875 0.1120758056640625
0 0.53271484375 0.0516510009765625 0.01971435546875 0.09765625
0 0.434326171875 0.106201171875 0.01898193359375 0.0965118408203125
0 0.88037109375 0.21484375 0.0217742919921875 0.097503662109375
0 0.73974609375 0.1076507568359375 0.01971435546875 0.092926025390625
0 0.623046875 0.2685546875 0.0207672119140625 0.1076507568359375
0 0.253662109375 0.0496673583984375 0.0182952880859375 0.0963592529296875
0 0.630859375 0.085906982421875 0.021697998046875 0.1052093505859375
0 0.4697265625 0.0807952880859375 0.0190582275390625 0.0926971435546875
0 0.947265625 0.23406982421875 0.0237274169921875 0.1157379150390625
0 0.05718994140625 0.2587890625 0.021820068359375 0.1195526123046875
0 0.240966796875 0.302581787109375 0.0164642333984375 0.147705078125
0 0.4130859375 0.235443115234375 0.02276611328125 0.1024627685546875
0 0.1689453125 0.08331298828125 0.0204925537109375 0.106201171875
0 0.338623046875 0.0600433349609375 0.020416259765625 0.104217529296875
0 0.912109375 0.250701904296875 0.024139404296875 0.1055908203125
0 0.369873046875 0.09185791015625 0.0188751220703125 0.085906982421875