0 0.6728515625 0.22552490234375 0.0237274169921875 0.1099395751953125
0 0.755859375 0.2447509765625 0.0240020751953125 0.1088714599609375
0 0.15673828125 0.05123138427734375 0.018157958984375 0.08819580078125
0 0.56787109375 0.07419586181640625 0.0177154541015625 0.0926971435546875
0 0.53369140625 0.0911712646484375 0.019989013671875 0.095062255859375
0 0.227294921875 0.1244354248046875 0.023101806640625 0.101470947265625
0 0.71533203125 0.237579345703125 0.022796630859375 0.1058197021484375
0 0.41015625 0.22003173828125 0.0215301513671875 0.1180267333984375
0 0.44287109375 0.237579345703125 0.02447509765625 0.1166534423828125
0 0.223388671875 0.2484130859375 0.0279083251953125 0.12664794921875
0 0.343017578125 0.07450103759765625 0.0196075439453125 0.102996826171875
0 0.837890625 0.259246826171875 0.0199127197265625 0.0888824462890625
0 0.951171875 0.283203125 0.0216522216796875 0.10009765625
0 0.173828125 0.234527587890625 0.0213623046875 0.104217529296875
0 0.0262603759765625 0.106201171875 0.0240936279296875 0.1131439208984375
0 0.14208984375 0.284271240234375 0.0290374755859375 0.1320648193359375
0 0.0738525390625 0.223846435546875 0.023101806640625 0.106201171875
0 0.26611328125 0.22430419921875 0.0282745361328125 0.1507568359375
0 0.33837890625 0.227203369140625 0.021087646484375 0.09857177734375
0 0.470703125 0.098419189453125 0.0188751220703125 0.102996826171875
0 0.8701171875 0.1200103759765625 0.0206451416015625 0.09490966796875
0 0.3701171875 0.1446533203125 0.0165863037109375 0.089263916015625
0 0.03875732421875 0.267486572265625 0.026702880859375 0.12542724609375
0 0.7333984375 0.107421875 0.0185089111328125 0.0921630859375
0 0.96923828125 0.0823211669921875 0.021697998046875 0.1003265380859375
0 0.81103515625 0.16357421875 0.019012451171875 0.099334716796875
0 0.63525390625 0.316162109375 0.0224609375 0.1070404052734375
0 0.91064453125 0.21759033203125 0.0223236083984375 0.1081085205078125
0 0.033782958984375 0.7452392578125 0.039794921875 0.19012451171875
0 0.6630859375 0.05123138427734375 0.01525115966796875 0.086212158203125
0 0.5628027399696651 0.2883509762745969 0.019581897990357044 0.09917814883825629