0 0.03503 0.7493500000000001 0.032015 0.167025
0 0.666505 0.08927500000000001 0.02199 0.10285
0 0.33301 0.08789999999999999 0.01961 0.09292500000000001
0 0.15259 0.281225 0.022585 0.102075
0 0.459715 0.2588 0.023864999999999997 0.11932499999999999
0 0.432375 0.07595 0.018905 0.09675
0 0.855955 0.2568 0.025175 0.11664999999999999
0 0.25537 0.27907499999999996 0.026155 0.132075
0 0.737795 0.27144999999999997 0.02542 0.10955
0 0.756835 0.058675 0.019684999999999998 0.09415
0 0.77295 0.24337499999999998 0.024885 0.1052
0 0.833495 0.07087500000000001 0.018905 0.08789999999999999
0 0.96045 0.23055 0.027175 0.12304999999999999
0 0.5771499999999999 0.2034 0.019164999999999998 0.095825
0 0.41968 0.289 0.02153 0.102225
0 0.53174 0.11955 0.020295 0.09880000000000001
0 0.21569999999999998 0.24887499999999999 0.021165 0.10505
0 0.16467500000000002 0.0695 0.02284 0.099575
0 0.63574 0.04372499999999999 0.01912 0.082925
0 0.921875 0.25405 0.02696 0.129025
0 0.641115 0.26505 0.022414999999999997 0.10705
0 0.11047499999999999 0.22460000000000002 0.023864999999999997 0.13055
0 0.96289 0.09634999999999999 0.02246 0.11359999999999999
0 0.543945 0.30715 0.022629999999999997 0.102225
0 0.04886 0.26505 0.02461 0.114675
0 0.368165 0.076825 0.02208 0.10505
0 0.868165 0.1104 0.019010000000000003 0.08994999999999999
0 0.268555 0.12092499999999999 0.018875 0.099325
0 0.0376 0.10742499999999999 0.01877 0.098575
0 0.363525 0.28795000000000004 0.020295 0.101875
0 0.072085 0.10545 0.02017 0.0949