0 0.86133 0.082925 0.01837 0.09217499999999999
0 0.0589 0.05325 0.021775 0.0975
0 0.93701 0.092 0.020415 0.103825
0 0.364015 0.060274999999999995 0.02136 0.1036
0 0.6572250000000001 0.09415 0.017915 0.094
0 0.91455 0.27497499999999997 0.01979 0.104825
0 0.7680650000000001 0.082025 0.02057 0.10619999999999999
0 0.640135 0.2823 0.027010000000000003 0.126875
0 0.629885 0.10705 0.019684999999999998 0.09185
0 0.16040000000000001 0.056025 0.02484 0.11205
0 0.953615 0.27907499999999996 0.019559999999999998 0.1001
0 0.5092749999999999 0.160225 0.020095 0.103225
0 0.25049 0.27602499999999996 0.02298 0.110175
0 0.45825 0.242925 0.02289 0.1104
0 0.43042 0.07139999999999999 0.021775 0.10147500000000001
0 0.827635 0.0956 0.022035 0.113975
0 0.726075 0.3122 0.02025 0.0969
0 0.539065 0.25832499999999997 0.020845 0.10032500000000001
0 0.12622 0.302575 0.023195 0.11710000000000001
0 0.868165 0.225075 0.02391 0.12587500000000001
0 0.361085 0.27449999999999997 0.022505 0.1052
0 0.233155 0.054924999999999995 0.01964 0.09292500000000001
0 0.570315 0.107275 0.019715 0.1081
0 0.328855 0.076825 0.021485 0.10445
0 0.467285 0.09385 0.017915 0.090625
0 0.029585 0.097125 0.019454999999999997 0.1081
0 0.26831 0.07365000000000001 0.022109999999999998 0.103225
0 0.163085 0.237575 0.028975 0.127325
0 0.766115 0.269475 0.021165 0.121375
0 0.07068 0.261225 0.024184999999999998 0.10765000000000001
0 0.034545 0.747675 0.032045000000000004 0.15990000000000001