0 0.85791015625 0.05245208740234375 0.0167236328125 0.1064300537109375
0 0.2271728515625 0.274505615234375 0.0282745361328125 0.1076507568359375
0 0.82763671875 0.096893310546875 0.017578125 0.1087188720703125
0 0.9609375 0.27099609375 0.0213623046875 0.1093292236328125
0 0.7666015625 0.078887939453125 0.017578125 0.102996826171875
0 0.41259765625 0.250244140625 0.02337646484375 0.1055908203125
0 0.1329345703125 0.12664794921875 0.018768310546875 0.0826263427734375
0 0.52099609375 0.2655029296875 0.022979736328125 0.1032257080078125
0 0.76318359375 0.28594970703125 0.0216522216796875 0.096893310546875
0 0.6591796875 0.058441162109375 0.0231475830078125 0.10284423828125
0 0.9208984375 0.298309326171875 0.021942138671875 0.08331298828125
0 0.25634765625 0.05184173583984375 0.0227203369140625 0.106658935546875
0 0.373046875 0.201263427734375 0.0261993408203125 0.086517333984375
0 0.053802490234375 0.04947662353515625 0.0129241943359375 0.0954437255859375
0 0.533203125 0.0885772705078125 0.0192718505859375 0.0981903076171875
0 0.6298828125 0.14007568359375 0.0192718505859375 0.089569091796875
0 0.1646728515625 0.255889892578125 0.0216217041015625 0.1039886474609375
0 0.73291015625 0.0914764404296875 0.0180206298828125 0.095977783203125
0 0.340087890625 0.30487060546875 0.023468017578125 0.0995635986328125
0 0.63427734375 0.2734375 0.0252685546875 0.0989532470703125
0 0.56689453125 0.1082611083984375 0.018798828125 0.0855255126953125
0 0.0743408203125 0.232391357421875 0.025177001953125 0.08758544921875
0 0.353271484375 0.05687713623046875 0.0233306884765625 0.107879638671875
0 0.93505859375 0.0988006591796875 0.020843505859375 0.086517333984375
0 0.123779296875 0.277557373046875 0.0243377685546875 0.11016845703125
0 0.86962890625 0.25726318359375 0.0227203369140625 0.11016845703125
0 0.0269622802734375 0.1226043701171875 0.0242767333984375 0.1171112060546875
0 0.228271484375 0.133514404296875 0.015899658203125 0.1068115234375
0 0.449462890625 0.250701904296875 0.0230712890625 0.1093292236328125
0 0.4326171875 0.064849853515625 0.01433563232421875 0.0954437255859375
0 0.034027099609375 0.7550048828125 0.0279083251953125 0.178070068359375