0 0.5363351144863215 0.06799349919644147 0.021733027293725515 0.10481877197433445
0 0.2098388671875 0.216064453125 0.019866943359375 0.1024627685546875
0 0.26708984375 0.07625579833984375 0.0216217041015625 0.090484619140625
0 0.8583984375 0.269012451171875 0.0235137939453125 0.104217529296875
0 0.9599609375 0.09674072265625 0.01554107666015625 0.080108642578125
0 0.432373046875 0.066375732421875 0.0216217041015625 0.1032257080078125
0 0.978515625 0.219268798828125 0.01983642578125 0.0954437255859375
0 0.132568359375 0.1256561279296875 0.018402099609375 0.0943756103515625
0 0.7216796875 0.26947021484375 0.022979736328125 0.1129150390625
0 0.36328125 0.06313323974609375 0.0213623046875 0.11383056640625
0 0.73193359375 0.0872039794921875 0.0196075439453125 0.09765625
0 0.0592041015625 0.0934600830078125 0.0160980224609375 0.0829315185546875
0 0.65625 0.264129638671875 0.02215576171875 0.1044464111328125
0 0.45166015625 0.242462158203125 0.02288818359375 0.11383056640625
0 0.8623046875 0.0540924072265625 0.0188751220703125 0.095062255859375
0 0.63427734375 0.0846099853515625 0.0214080810546875 0.0962066650390625
0 0.51123046875 0.239410400390625 0.02215576171875 0.1055908203125
0 0.33056640625 0.1131439208984375 0.01898193359375 0.0995635986328125
0 0.826171875 0.06923675537109375 0.023773193359375 0.11383056640625
0 0.66845703125 0.116424560546875 0.0182952880859375 0.0988006591796875
0 0.0323486328125 0.11688232421875 0.017242431640625 0.08819580078125
0 0.240478515625 0.220489501953125 0.0222930908203125 0.1151275634765625
0 0.413330078125 0.26214599609375 0.0230712890625 0.106658935546875
0 0.1580810546875 0.096893310546875 0.0154876708984375 0.0814056396484375
0 0.03656005859375 0.7391357421875 0.037261962890625 0.18280029296875
0 0.1783447265625 0.201263427734375 0.0188751220703125 0.093841552734375
0 0.044097900390625 0.281219482421875 0.02288818359375 0.106201171875
0 0.313720703125 0.247039794921875 0.027008056640625 0.1277923583984375
0 0.54638671875 0.2410888671875 0.0214080810546875 0.10284423828125
0 0.9345703125 0.1261138916015625 0.0169830322265625 0.0774383544921875
0 0.76123046875 0.297088623046875 0.025177001953125 0.1239776611328125