0 0.0335 0.75 0.035 0.17
0 0.0457763671875 0.239715576171875 0.0261077880859375 0.117340087890625
0 0.1114501953125 0.22216796875 0.024566650390625 0.1261138916015625
0 0.343505859375 0.272979736328125 0.0206451416015625 0.1007080078125
0 0.338623046875 0.0609588623046875 0.0182647705078125 0.087890625
0 0.1531982421875 0.28167724609375 0.0255584716796875 0.1103973388671875
0 0.2099609375 0.2056884765625 0.021820068359375 0.12237548828125
0 0.310302734375 0.196685791015625 0.0221099853515625 0.1110076904296875
0 0.5263671875 0.31158447265625 0.021240234375 0.099945068359375
0 0.65771484375 0.242462158203125 0.0246124267578125 0.1277923583984375
0 0.955078125 0.271453857421875 0.021942138671875 0.1070404052734375
0 0.035064697265625 0.0540924072265625 0.019866943359375 0.089569091796875
0 0.461669921875 0.07167816162109375 0.0181884765625 0.085906982421875
0 0.1668701171875 0.06561279296875 0.0192718505859375 0.0952911376953125
0 0.26806640625 0.115509033203125 0.019989013671875 0.09307861328125
0 0.431640625 0.1580810546875 0.01678466796875 0.08392333984375
0 0.708984375 0.1763916015625 0.01751708984375 0.07537841796875
0 0.8564453125 0.29876708984375 0.021697998046875 0.086517333984375
0 0.533203125 0.100860595703125 0.0188751220703125 0.0849151611328125
0 0.62939453125 0.06511688232421875 0.0218658447265625 0.104217529296875
0 0.06903076171875 0.117340087890625 0.018646240234375 0.093231201171875
0 0.233154296875 0.0506591796875 0.0208892822265625 0.09490966796875
0 0.619140625 0.286407470703125 0.0222930908203125 0.1177978515625
0 0.8701171875 0.086212158203125 0.0196380615234375 0.07770538330078125
0 0.9150390625 0.250244140625 0.024993896484375 0.1153564453125
0 0.77197265625 0.13031005859375 0.0208892822265625 0.1003265380859375
0 0.4453125 0.295562744140625 0.0182342529296875 0.09674072265625
0 0.8173828125 0.260162353515625 0.024749755859375 0.1116180419921875
0 0.568359375 0.265045166015625 0.0217437744140625 0.1110076904296875
0 0.935546875 0.107879638671875 0.0189361572265625 0.0771331787109375
0 0.74169921875 0.1088714599609375 0.017303466796875 0.063629150390625