0 0.73633 0.0789 0.019715 0.0965
0 0.569335 0.095825 0.02109 0.09895
0 0.53955 0.22385000000000002 0.02141 0.1017
0 0.072265 0.2324 0.021775 0.10085000000000001
0 0.13025 0.11664999999999999 0.022035 0.102625
0 0.459715 0.051449999999999996 0.021775 0.094675
0 0.42023 0.25934999999999997 0.02293 0.161825
0 0.6708999999999999 0.092 0.019454999999999997 0.08789999999999999
0 0.3374 0.217275 0.023195 0.11735
0 0.274415 0.23850000000000002 0.02182 0.08927500000000001
0 0.30907999999999997 0.14625 0.01877 0.09117499999999999
0 0.24181999999999998 0.27344999999999997 0.023285 0.108875
0 0.86914 0.253 0.02246 0.0962
0 0.769045 0.1226 0.01834 0.0872
0 0.06197999999999999 0.0975 0.01805 0.09147500000000001
0 0.034025 0.287925 0.025175 0.11574999999999999
0 0.46118000000000003 0.27497499999999997 0.02434 0.094675
0 0.6367200000000001 0.07335 0.02109 0.10247500000000001
0 0.64795 0.284275 0.016465 0.104225
0 0.86719 0.07625 0.01799 0.10619999999999999
0 0.36865 0.13665 0.01924 0.085525
0 0.51074 0.204175 0.02136 0.09307499999999999
0 0.831055 0.136875 0.016845 0.08689999999999999
0 0.17529499999999998 0.208125 0.021165 0.10085000000000001
0 0.71289 0.22552499999999998 0.018095 0.11574999999999999
0 0.945315 0.3003 0.02014 0.123375
0 0.25830000000000003 0.056875 0.01718 0.106425
0 0.97705 0.2475 0.020495 0.07980000000000001
0 0.158445 0.09147500000000001 0.016465 0.09452500000000001
0 0.9623999999999999 0.07087500000000001 0.016845 0.08262499999999999
0 0.03436 0.751075 0.032740000000000005 0.164625