0 0.3505859375 0.242919921875 0.0206451416015625 0.1120758056640625
0 0.2410888671875 0.24200439453125 0.021697998046875 0.098419189453125
0 0.1702880859375 0.124969482421875 0.0206451416015625 0.07476806640625
0 0.7392578125 0.07419586181640625 0.0177154541015625 0.0849151611328125
0 0.1104736328125 0.20050048828125 0.01837158203125 0.0768280029296875
0 0.85791015625 0.257720947265625 0.0240936279296875 0.1129150390625
0 0.67236328125 0.190887451171875 0.0201416015625 0.0965118408203125
0 0.208984375 0.1800537109375 0.0202484130859375 0.1131439208984375
0 0.3662109375 0.0714111328125 0.0214080810546875 0.1032257080078125
0 0.422607421875 0.297698974609375 0.021820068359375 0.1007080078125
0 0.270751953125 0.14404296875 0.017303466796875 0.0774383544921875
0 0.96337890625 0.212860107421875 0.0217437744140625 0.1157379150390625
0 0.034027099609375 0.122833251953125 0.0169830322265625 0.0814056396484375
0 0.7099609375 0.200042724609375 0.0194549560546875 0.102081298828125
0 0.57373046875 0.233612060546875 0.0206451416015625 0.0971221923828125
0 0.313720703125 0.260162353515625 0.021820068359375 0.10955810546875
0 0.46337890625 0.261688232421875 0.023773193359375 0.10223388671875
0 0.525390625 0.0988006591796875 0.018768310546875 0.11383056640625
0 0.65576171875 0.0849151611328125 0.01490020751953125 0.09857177734375
0 0.55517578125 0.0595855712890625 0.0235595703125 0.1116180419921875
0 0.061431884765625 0.09857177734375 0.0174407958984375 0.07366180419921875
0 0.7421875 0.2740478515625 0.0224609375 0.1099395751953125
0 0.6376953125 0.270538330078125 0.018646240234375 0.16204833984375
0 0.923828125 0.0888824462890625 0.0235137939453125 0.1275634765625
0 0.03326416015625 0.748291015625 0.029205322265625 0.1392364501953125
0 0.8173828125 0.27801513671875 0.0222930908203125 0.102081298828125
0 0.040313720703125 0.299835205078125 0.0252227783203125 0.097503662109375
0 0.8681640625 0.07419586181640625 0.0191192626953125 0.09674072265625
0 0.92822265625 0.31524658203125 0.0282135009765625 0.129547119140625
0 0.432861328125 0.086517333984375 0.019195556640625 0.0829315185546875
0 0.1419677734375 0.0708770751953125 0.01837158203125 0.05535125732421875