0 0.9443359375 0.257720947265625 0.0252685546875 0.098419189453125
0 0.75 0.24566650390625 0.0252685546875 0.1186370849609375
0 0.90966796875 0.199737548828125 0.0201416015625 0.1093292236328125
0 0.438720703125 0.22674560546875 0.0236053466796875 0.1157379150390625
0 0.67724609375 0.19561767578125 0.018402099609375 0.100860595703125
0 0.84130859375 0.272064208984375 0.0225067138671875 0.0997161865234375
0 0.230224609375 0.13153076171875 0.0227203369140625 0.1003265380859375
0 0.1368408203125 0.31280517578125 0.0235595703125 0.107421875
0 0.37109375 0.1045989990234375 0.0214080810546875 0.1093292236328125
0 0.732421875 0.05283355712890625 0.020843505859375 0.093231201171875
0 0.64599609375 0.303192138671875 0.0213623046875 0.102996826171875
0 0.024658203125 0.30426025390625 0.020599365234375 0.101470947265625
0 0.970703125 0.1422119140625 0.0187225341796875 0.086517333984375
0 0.830078125 0.15167236328125 0.0196380615234375 0.0914764404296875
0 0.56982421875 0.07625579833984375 0.018157958984375 0.090484619140625
0 0.5498046875 0.2838134765625 0.02288818359375 0.106201171875
0 0.06512451171875 0.254058837890625 0.0232391357421875 0.098419189453125
0 0.31005859375 0.194854736328125 0.021575927734375 0.099945068359375
0 0.06744384765625 0.07564544677734375 0.0209197998046875 0.0955963134765625
0 0.71240234375 0.252532958984375 0.0232391357421875 0.123291015625
0 0.1298828125 0.1105499267578125 0.0231475830078125 0.1050567626953125
0 0.85693359375 0.05687713623046875 0.01953125 0.0972747802734375
0 0.53466796875 0.06610870361328125 0.0203399658203125 0.1003265380859375
0 0.266357421875 0.218048095703125 0.0247955322265625 0.1186370849609375
0 0.1591796875 0.0510406494140625 0.0184783935546875 0.09185791015625
0 0.470947265625 0.1110076904296875 0.0182342529296875 0.0885772705078125
0 0.259521484375 0.058441162109375 0.0227203369140625 0.107269287109375
0 0.33837890625 0.102996826171875 0.0191650390625 0.078887939453125
0 0.033203125 0.7501220703125 0.0345458984375 0.15960693359375
0 0.658203125 0.05733489990234375 0.0193023681640625 0.0943756103515625
0 0.41064453125 0.2008056640625 0.0196380615234375 0.0888824462890625