0 0.66650390625 0.07167816162109375 0.0200653076171875 0.1024627685546875
0 0.83349609375 0.104217529296875 0.0190582275390625 0.089569091796875
0 0.763671875 0.1038360595703125 0.0165252685546875 0.07801055908203125
0 0.464599609375 0.063629150390625 0.019500732421875 0.104827880859375
0 0.2325439453125 0.101470947265625 0.019989013671875 0.0952911376953125
0 0.3701171875 0.0888824462890625 0.017303466796875 0.0868988037109375
0 0.05718994140625 0.05889892578125 0.0169830322265625 0.0855255126953125
0 0.147216796875 0.2362060546875 0.0216522216796875 0.1045989990234375
0 0.31689453125 0.280609130859375 0.0192718505859375 0.0981903076171875
0 0.4287109375 0.311126708984375 0.0209197998046875 0.107879638671875
0 0.53759765625 0.219268798828125 0.0232391357421875 0.115509033203125
0 0.86669921875 0.072784423828125 0.0236968994140625 0.1076507568359375
0 0.2496337890625 0.245208740234375 0.0304412841796875 0.14404296875
0 0.9375 0.106658935546875 0.0184326171875 0.09307861328125
0 0.4677734375 0.238037109375 0.02276611328125 0.111236572265625
0 0.94677734375 0.2764892578125 0.023651123046875 0.092926025390625
0 0.62109375 0.292205810546875 0.0219879150390625 0.1123046875
0 0.044281005859375 0.27099609375 0.022247314453125 0.109710693359375
0 0.51025390625 0.1934814453125 0.020294189453125 0.10284423828125
0 0.734375 0.30487060546875 0.02215576171875 0.0980377197265625
0 0.7734375 0.251617431640625 0.018768310546875 0.0899505615234375
0 0.53955078125 0.0502777099609375 0.017913818359375 0.089263916015625
0 0.91015625 0.224609375 0.0184783935546875 0.0899505615234375
0 0.033660888671875 0.75439453125 0.0295867919921875 0.14190673828125
0 0.07586669921875 0.228424072265625 0.020843505859375 0.0936126708984375
0 0.2078857421875 0.227203369140625 0.015716552734375 0.0872039794921875
0 0.3349609375 0.089263916015625 0.0193023681640625 0.1093292236328125
0 0.1104736328125 0.207672119140625 0.0230712890625 0.1216888427734375
0 0.16845703125 0.1180267333984375 0.018829345703125 0.0934600830078125
0 0.66162109375 0.246124267578125 0.0224609375 0.1126861572265625
0 0.8125 0.2288818359375 0.0225830078125 0.1116180419921875