0 0.21142578125 0.204925537109375 0.02203369140625 0.11444091796875
0 0.450439453125 0.28228759765625 0.0242767333984375 0.1180267333984375
0 0.8115234375 0.212860107421875 0.022674560546875 0.1151275634765625
0 0.00916290283203125 0.18524169921875 0.01837158203125 0.11077880859375
0 0.53173828125 0.0971221923828125 0.021087646484375 0.1099395751953125
0 0.3408203125 0.220489501953125 0.0258636474609375 0.1177978515625
0 0.337646484375 0.0923919677734375 0.019500732421875 0.0926971435546875
0 0.90966796875 0.17913818359375 0.02044677734375 0.1114654541015625
0 0.96875 0.1297760009765625 0.0153656005859375 0.0936126708984375
0 0.1434326171875 0.27801513671875 0.0232391357421875 0.11016845703125
0 0.36669921875 0.072784423828125 0.022796630859375 0.0846099853515625
0 0.5263671875 0.27557373046875 0.0206451416015625 0.1055908203125
0 0.6552734375 0.05123138427734375 0.01519012451171875 0.078887939453125
0 0.6298828125 0.118865966796875 0.0232391357421875 0.109100341796875
0 0.7392578125 0.1070404052734375 0.014556884765625 0.0901031494140625
0 0.06756591796875 0.07167816162109375 0.01812744140625 0.0981903076171875
0 0.41015625 0.20416259765625 0.0215301513671875 0.1114654541015625
0 0.77099609375 0.1235198974609375 0.022796630859375 0.1099395751953125
0 0.467041015625 0.0768280029296875 0.0217437744140625 0.105438232421875
0 0.26953125 0.0820159912109375 0.0194549560546875 0.0980377197265625
0 0.84619140625 0.2838134765625 0.0180206298828125 0.0925445556640625
0 0.2462158203125 0.27862548828125 0.02069091796875 0.109100341796875
0 0.6455078125 0.3021240234375 0.0230255126953125 0.108489990234375
0 0.1083984375 0.196685791015625 0.0182342529296875 0.1123046875
0 0.9423828125 0.1081085205078125 0.0177154541015625 0.093841552734375
0 0.1395263671875 0.0722503662109375 0.019561767578125 0.0926971435546875
0 0.83740234375 0.06816864013671875 0.019195556640625 0.101470947265625
0 0.044189453125 0.26947021484375 0.0245208740234375 0.10955810546875
0 0.029815673828125 0.772705078125 0.022247314453125 0.1058197021484375
0 0.56591796875 0.284271240234375 0.02203369140625 0.1116180419921875
0 0.740234375 0.2484130859375 0.02001953125 0.102081298828125