0 0.16379540104076348 0.2583734207336842 0.02783949773219028 0.1239429693556417
0 0.033750623962997814 0.746518038503596 0.034704031419579666 0.169706527271571
0 0.9265213663062509 0.3079506084759406 0.025551319836393874 0.12775659918196908
0 0.34521484375 0.31341552734375 0.0211639404296875 0.0997161865234375
0 0.6748046875 0.237579345703125 0.020416259765625 0.10345458984375
0 0.2362060546875 0.0600433349609375 0.01898193359375 0.0888824462890625
0 0.75341796875 0.250244140625 0.02508544921875 0.1410675048828125
0 0.411865234375 0.216827392578125 0.0216522216796875 0.1038360595703125
0 0.2493896484375 0.25299072265625 0.0229339599609375 0.1216888427734375
0 0.81201171875 0.241546630859375 0.020599365234375 0.0972747802734375
0 0.57470703125 0.216064453125 0.021209716796875 0.1016998291015625
0 0.9619140625 0.052642822265625 0.022247314453125 0.100860595703125
0 0.96533203125 0.222930908203125 0.0237274169921875 0.1126861572265625
0 0.332763671875 0.1202392578125 0.017242431640625 0.0901031494140625
0 0.43505859375 0.06816864013671875 0.021209716796875 0.1082611083984375
0 0.8701171875 0.1313018798828125 0.018402099609375 0.08392333984375
0 0.8359375 0.08758544921875 0.018646240234375 0.102081298828125
0 0.27001953125 0.1244354248046875 0.0193023681640625 0.0902557373046875
0 0.76611328125 0.1007080078125 0.0200958251953125 0.089569091796875
0 0.057281494140625 0.0510406494140625 0.019195556640625 0.09674072265625
0 0.12176513671875 0.26947021484375 0.0224609375 0.1012420654296875
0 0.7294921875 0.064849853515625 0.017913818359375 0.1070404052734375
0 0.56005859375 0.0600433349609375 0.0187225341796875 0.09918212890625
0 0.65869140625 0.0591278076171875 0.0169219970703125 0.089569091796875
0 0.451171875 0.2838134765625 0.0222930908203125 0.1088714599609375
0 0.0703125 0.212860107421875 0.02203369140625 0.1293182373046875
0 0.53125 0.1446533203125 0.01751708984375 0.0997161865234375
0 0.359375 0.06816864013671875 0.0180206298828125 0.0911712646484375
0 0.6318359375 0.123291015625 0.01861572265625 0.11016845703125
0 0.13427734375 0.1235198974609375 0.0165863037109375 0.093841552734375
0 0.0293121337890625 0.1403045654296875 0.0164642333984375 0.1166534423828125