0 0.1650390625 0.079498291015625 0.0184326171875 0.0954437255859375
0 0.136474609375 0.299835205078125 0.0217742919921875 0.1007080078125
0 0.5595703125 0.0945281982421875 0.017181396484375 0.0868988037109375
0 0.311767578125 0.191650390625 0.0194244384765625 0.0868988037109375
0 0.343017578125 0.06610870361328125 0.0174407958984375 0.0804901123046875
0 0.258544921875 0.0579833984375 0.01751708984375 0.0846099853515625
0 0.8671875 0.0684356689453125 0.01812744140625 0.0921630859375
0 0.826171875 0.284271240234375 0.024383544921875 0.117340087890625
0 0.83251953125 0.124969482421875 0.018096923828125 0.0888824462890625
0 0.1715087890625 0.2679443359375 0.019866943359375 0.093994140625
0 0.76904296875 0.11383056640625 0.019012451171875 0.089569091796875
0 0.66748046875 0.0774383544921875 0.020965576171875 0.10223388671875
0 0.2322998046875 0.1451873779296875 0.01666259765625 0.0765228271484375
0 0.06292724609375 0.0582122802734375 0.01751708984375 0.0868988037109375
0 0.37060546875 0.1180267333984375 0.018829345703125 0.0934600830078125
0 0.6357421875 0.0980377197265625 0.0200958251953125 0.093841552734375
0 0.75048828125 0.250244140625 0.0243377685546875 0.1123046875
0 0.03582763671875 0.2911376953125 0.02508544921875 0.115966796875
0 0.030792236328125 0.14007568359375 0.0177154541015625 0.0913238525390625
0 0.244384765625 0.277557373046875 0.0215301513671875 0.1268768310546875
0 0.93798828125 0.247039794921875 0.0199127197265625 0.090484619140625
0 0.408935546875 0.18310546875 0.0200958251953125 0.1026153564453125
0 0.9091796875 0.14190673828125 0.01898193359375 0.0885772705078125
0 0.54296875 0.277099609375 0.020172119140625 0.10345458984375
0 0.9697265625 0.0846099853515625 0.0190887451171875 0.05645751953125
0 0.64501953125 0.22796630859375 0.0234222412109375 0.1087188720703125
0 0.73388671875 0.0609588623046875 0.018646240234375 0.0885772705078125
0 0.438720703125 0.096893310546875 0.019195556640625 0.08819580078125
0 0.46923828125 0.091705322265625 0.021484375 0.098419189453125
0 0.57666015625 0.214385986328125 0.0222015380859375 0.1120758056640625
0 0.03228759765625 0.7537841796875 0.030792236328125 0.153350830078125