0 0.77490234375 0.2410888671875 0.021575927734375 0.1024627685546875
0 0.356689453125 0.09063720703125 0.017852783203125 0.0868988037109375
0 0.20947265625 0.167999267578125 0.01971435546875 0.1105499267578125
0 0.4130859375 0.237579345703125 0.0257110595703125 0.1268768310546875
0 0.46923828125 0.079803466796875 0.0189361572265625 0.093994140625
0 0.024993896484375 0.274505615234375 0.0274810791015625 0.1285552978515625
0 0.3359375 0.279693603515625 0.03125 0.1358795166015625
0 0.241455078125 0.06313323974609375 0.018402099609375 0.093841552734375
0 0.5283203125 0.13031005859375 0.02447509765625 0.10223388671875
0 0.1312255859375 0.290679931640625 0.0203399658203125 0.1004791259765625
0 0.81982421875 0.29327392578125 0.0272674560546875 0.1263427734375
0 0.91357421875 0.25360107421875 0.0214080810546875 0.1103973388671875
0 0.6328125 0.07625579833984375 0.018798828125 0.099945068359375
0 0.32373046875 0.1099395751953125 0.022247314453125 0.10345458984375
0 0.27001953125 0.1485443115234375 0.0199127197265625 0.109100341796875
0 0.658203125 0.259246826171875 0.0251312255859375 0.114898681640625
0 0.0574951171875 0.049285888671875 0.01560211181640625 0.089263916015625
0 0.74462890625 0.269927978515625 0.0239105224609375 0.1099395751953125
0 0.9365234375 0.0658416748046875 0.021820068359375 0.1010894775390625
0 0.034088134765625 0.74951171875 0.034820556640625 0.162353515625
0 0.16943359375 0.27801513671875 0.0202178955078125 0.0962066650390625
0 0.85595703125 0.252532958984375 0.03125 0.1392364501953125
0 0.86083984375 0.05306243896484375 0.0235595703125 0.1058197021484375
0 0.7578125 0.0586700439453125 0.0199432373046875 0.097808837890625
0 0.452392578125 0.286865234375 0.0209197998046875 0.102996826171875
0 0.56591796875 0.215606689453125 0.0251312255859375 0.0899505615234375
0 0.95068359375 0.2484130859375 0.02044677734375 0.1088714599609375
0 0.52978515625 0.2740478515625 0.0323486328125 0.1519012451171875
0 0.06597900390625 0.26947021484375 0.024749755859375 0.0923919677734375
0 0.133056640625 0.10955810546875 0.017578125 0.1068115234375
0 0.6184957184568917 0.28727828642756675 0.020760180894436417 0.1119115983578305