0 0.8362908353127375 0.10038166868251068 0.01829177073770188 0.0847667424430088
0 0.9467773437500004 0.28881967149937277 0.02170813106669947 0.10904193088937038
0 0.8505859375 0.2630615234375 0.0252227783203125 0.123748779296875
0 0.36767578125 0.1058197021484375 0.0173797607421875 0.07030487060546875
0 0.64892578125 0.245208740234375 0.02508544921875 0.1239776611328125
0 0.229736328125 0.0902557373046875 0.0190582275390625 0.0981903076171875
0 0.509765625 0.21240234375 0.0207672119140625 0.1038360595703125
0 0.76806640625 0.114898681640625 0.0226287841796875 0.10009765625
0 0.457275390625 0.062408447265625 0.018585205078125 0.096893310546875
0 0.755859375 0.25360107421875 0.0215301513671875 0.1190948486328125
0 0.078369140625 0.23895263671875 0.02191162109375 0.107269287109375
0 0.14111328125 0.2447509765625 0.0241851806640625 0.104217529296875
0 0.71533203125 0.248870849609375 0.0253753662109375 0.124969482421875
0 0.61181640625 0.25299072265625 0.018646240234375 0.1087188720703125
0 0.2646484375 0.0676727294921875 0.0215301513671875 0.1050567626953125
0 0.476318359375 0.20233154296875 0.02288818359375 0.1064300537109375
0 0.332763671875 0.0551605224609375 0.01934814453125 0.09765625
0 0.0330810546875 0.1226043701171875 0.0179901123046875 0.0783538818359375
0 0.5703125 0.1435089111328125 0.0197601318359375 0.08758544921875
0 0.44384765625 0.310516357421875 0.0202178955078125 0.1012420654296875
0 0.5380859375 0.0708770751953125 0.0180511474609375 0.085906982421875
0 0.1705322265625 0.096893310546875 0.0188751220703125 0.0925445556640625
0 0.059967041015625 0.0995635986328125 0.0169830322265625 0.090789794921875
0 0.26513671875 0.274505615234375 0.0210113525390625 0.0913238525390625
0 0.63427734375 0.0579833984375 0.0190582275390625 0.095062255859375
0 0.34814453125 0.2484130859375 0.0276336669921875 0.1297760009765625
0 0.8125 0.22979736328125 0.020721435546875 0.1044464111328125
0 0.03594970703125 0.751953125 0.03265380859375 0.18768310546875
0 0.97021484375 0.106658935546875 0.0215301513671875 0.1213836669921875
0 0.1407470703125 0.11444091796875 0.0212860107421875 0.09765625
0 0.90966796875 0.213623046875 0.021697998046875 0.1010894775390625