0 0.743165 0.264125 0.02162 0.1081
0 0.07031 0.190875 0.019825 0.1313
0 0.24621500000000002 0.24109999999999998 0.026199999999999998 0.11574999999999999
0 0.161375 0.26795 0.022505 0.11185
0 0.33203 0.1011 0.02034 0.10400000000000001
0 0.63867 0.24382500000000001 0.02034 0.0924
0 0.96338 0.23102499999999998 0.022414999999999997 0.157475
0 0.7299800000000001 0.148775 0.016665 0.0969
0 0.870115 0.128325 0.019059999999999997 0.084925
0 0.32788 0.311125 0.02022 0.097125
0 0.024385 0.127325 0.02533 0.10665
0 0.609865 0.156025 0.020445 0.1104
0 0.11963 0.25405 0.02191 0.13847500000000001
0 0.6416000000000001 0.058675 0.01738 0.084225
0 0.57324 0.19195 0.023239999999999997 0.11932499999999999
0 0.27075 0.090475 0.020095 0.09675
0 0.810545 0.19057500000000002 0.02072 0.0953
0 0.54541 0.298775 0.02562 0.12710000000000002
0 0.552735 0.0541 0.019915 0.105825
0 0.84326 0.24475000000000002 0.025465 0.127325
0 0.36523500000000003 0.0661 0.017305 0.0956
0 0.756835 0.06145 0.020845 0.10460000000000001
0 0.44116000000000005 0.0571 0.017305 0.078575
0 0.21130500000000002 0.228875 0.02089 0.09805
0 0.036774999999999995 0.7794249999999999 0.03354 0.15075
0 0.1615 0.062625 0.024184999999999998 0.11955
0 0.470215 0.115975 0.022245 0.0872
0 0.92676 0.133825 0.023605 0.11574999999999999
0 0.91992 0.28275 0.02475 0.11664999999999999
0 0.05664 0.086525 0.015960000000000002 0.1097
0 0.40991000000000005 0.190875 0.01898 0.09415