0 0.63818359375 0.223846435546875 0.0250396728515625 0.1058197021484375
0 0.52783203125 0.0811004638671875 0.01763916015625 0.1131439208984375
0 0.40869140625 0.21759033203125 0.0200958251953125 0.109100341796875
0 0.2401123046875 0.220489501953125 0.0220794677734375 0.1088714599609375
0 0.72509765625 0.27862548828125 0.0197906494140625 0.1082611083984375
0 0.96826171875 0.0852203369140625 0.018829345703125 0.101470947265625
0 0.43798828125 0.0804901123046875 0.019012451171875 0.06412506103515625
0 0.364501953125 0.079803466796875 0.01934814453125 0.0945281982421875
0 0.86474609375 0.0646209716796875 0.0190582275390625 0.07476806640625
0 0.37353515625 0.251617431640625 0.0216217041015625 0.0836181640625
0 0.5654296875 0.238037109375 0.0217437744140625 0.1482391357421875
0 0.83203125 0.1175689697265625 0.0197906494140625 0.0901031494140625
0 0.93310546875 0.09185791015625 0.017578125 0.086517333984375
0 0.06915283203125 0.0868988037109375 0.02056884765625 0.097808837890625
0 0.268798828125 0.09307861328125 0.020721435546875 0.1039886474609375
0 0.11614990234375 0.260162353515625 0.02484130859375 0.11016845703125
0 0.0243377685546875 0.28533935546875 0.0215301513671875 0.1093292236328125
0 0.66845703125 0.1395416259765625 0.0184783935546875 0.084228515625
0 0.6416015625 0.0562286376953125 0.0194244384765625 0.07366180419921875
0 0.331787109375 0.1427459716796875 0.0162811279296875 0.08758544921875
0 0.52734375 0.30426025390625 0.020172119140625 0.135040283203125
0 0.76611328125 0.28594970703125 0.01983642578125 0.0958251953125
0 0.732421875 0.1004791259765625 0.021240234375 0.103607177734375
0 0.23974609375 0.0955963134765625 0.0192718505859375 0.09307861328125
0 0.87158203125 0.269012451171875 0.0201416015625 0.0972747802734375
0 0.15576171875 0.272979736328125 0.0221099853515625 0.1204681396484375
0 0.92236328125 0.295562744140625 0.022369384765625 0.1103973388671875
0 0.172119140625 0.1131439208984375 0.0141754150390625 0.06191253662109375
0 0.063720703125 0.290679931640625 0.0242767333984375 0.078582763671875
0 0.03460693359375 0.7452392578125 0.036285400390625 0.1451873779296875
0 0.444091796875 0.286407470703125 0.01666259765625 0.09918212890625