0 0.23144499999999998 0.10955 0.018125 0.088875
0 0.33911 0.06145 0.021165 0.099325
0 0.5336900000000001 0.10605 0.02133 0.07769999999999999
0 0.027010000000000003 0.09362500000000001 0.01909 0.104225
0 0.133845 0.0688 0.02128 0.09602499999999999
0 0.470215 0.0859 0.019559999999999998 0.09385
0 0.262 0.0684 0.018234999999999998 0.09897500000000001
0 0.066955 0.264575 0.02562 0.1142
0 0.16858 0.11185 0.018234999999999998 0.09385
0 0.11163500000000001 0.225075 0.022155 0.10619999999999999
0 0.34131 0.26505 0.02289 0.0924
0 0.86426 0.07005 0.01979 0.102075
0 0.66792 0.0801 0.018940000000000002 0.09715
0 0.27368000000000003 0.255425 0.019379999999999998 0.10300000000000001
0 0.452395 0.26215 0.023725000000000003 0.09880000000000001
0 0.637205 0.095975 0.018125 0.087575
0 0.370605 0.099325 0.019195 0.09545
0 0.8320299999999999 0.3186 0.020415 0.110175
0 0.436035 0.1056 0.01979 0.071675
0 0.028489999999999998 0.26992499999999997 0.029035000000000002 0.141375
0 0.90918 0.17350000000000002 0.02025 0.103825
0 0.94092 0.26899999999999996 0.023375 0.082925
0 0.970705 0.10665 0.022035 0.09345
0 0.564455 0.27449999999999997 0.02434 0.093225
0 0.6445299999999999 0.234525 0.02533 0.121375
0 0.756835 0.05065 0.017855 0.098425
0 0.7700199999999999 0.20965 0.02646 0.1422
0 0.733885 0.314025 0.02606 0.12635
0 0.8724550000000001 0.23897500000000002 0.02129 0.100075
0 0.522405 0.311425 0.02119 0.073875
0 0.033975 0.7372 0.039845 0.09685