0 0.03457590810175362 0.7539778669930789 0.03078371172930322 0.17845629988001874
0 0.51025390625 0.22796630859375 0.0210113525390625 0.1058197021484375
0 0.261962890625 0.244293212890625 0.023773193359375 0.13031005859375
0 0.82666015625 0.1076507568359375 0.0189361572265625 0.115966796875
0 0.47119140625 0.128326416015625 0.021575927734375 0.094146728515625
0 0.61083984375 0.20416259765625 0.0217437744140625 0.1166534423828125
0 0.1328125 0.11016845703125 0.0224151611328125 0.1012420654296875
0 0.0369873046875 0.295562744140625 0.023101806640625 0.1055908203125
0 0.92919921875 0.1462554931640625 0.019012451171875 0.109710693359375
0 0.54345703125 0.232696533203125 0.023773193359375 0.1230621337890625
0 0.06475830078125 0.06610870361328125 0.017852783203125 0.086212158203125
0 0.22265625 0.28961181640625 0.0247955322265625 0.12237548828125
0 0.173095703125 0.257720947265625 0.0206451416015625 0.1082611083984375
0 0.7666015625 0.06793975830078125 0.0191192626953125 0.093231201171875
0 0.93896484375 0.2679443359375 0.022979736328125 0.111846923828125
0 0.3115234375 0.240631103515625 0.0217437744140625 0.099334716796875
0 0.87109375 0.1953125 0.022247314453125 0.1293182373046875
0 0.2298583984375 0.07450103759765625 0.0189056396484375 0.1123046875
0 0.84521484375 0.2960205078125 0.0261993408203125 0.13458251953125
0 0.339111328125 0.0807952880859375 0.0203399658203125 0.1052093505859375
0 0.95654296875 0.054473876953125 0.022796630859375 0.10894775390625
0 0.344970703125 0.256805419921875 0.0201416015625 0.0888824462890625
0 0.4091796875 0.2056884765625 0.018585205078125 0.100860595703125
0 0.7265625 0.282745361328125 0.0240020751953125 0.122833251953125
0 0.07330322265625 0.265960693359375 0.0192413330078125 0.0971221923828125
0 0.439208984375 0.104217529296875 0.0174407958984375 0.07537841796875
0 0.732421875 0.127105712890625 0.017913818359375 0.0909423828125
0 0.53466796875 0.0496673583984375 0.020294189453125 0.0885772705078125
0 0.6474609375 0.280609130859375 0.022369384765625 0.109710693359375
0 0.66943359375 0.0836181640625 0.0179901123046875 0.09307861328125
0 0.164306640625 0.100860595703125 0.0160980224609375 0.0807952880859375