0 0.64111328125 0.310516357421875 0.0228424072265625 0.09857177734375
0 0.8720703125 0.186004638671875 0.0205230712890625 0.09918212890625
0 0.43408203125 0.08819580078125 0.01983642578125 0.097503662109375
0 0.7421875 0.235443115234375 0.0255126953125 0.1103973388671875
0 0.3427734375 0.239715576171875 0.0244293212890625 0.11688232421875
0 0.97314453125 0.231475830078125 0.021240234375 0.09918212890625
0 0.2120361328125 0.220947265625 0.0210418701171875 0.1070404052734375
0 0.310791015625 0.22003173828125 0.021942138671875 0.0901031494140625
0 0.41845703125 0.2587890625 0.02203369140625 0.096893310546875
0 0.251220703125 0.254974365234375 0.024993896484375 0.1268768310546875
0 0.53857421875 0.0804901123046875 0.02001953125 0.093841552734375
0 0.509765625 0.198516845703125 0.02056884765625 0.09490966796875
0 0.6318359375 0.1126861572265625 0.0189361572265625 0.099945068359375
0 0.8291015625 0.1507568359375 0.019195556640625 0.103607177734375
0 0.014113438558108097 0.2612464309609941 0.022340749836908806 0.09082171934386332
0 0.15857247873253472 0.08982445276844377 0.015921202582256943 0.10297349049782506
0 0.67529296875 0.20965576171875 0.0208892822265625 0.10009765625
0 0.56982421875 0.135345458984375 0.01560211181640625 0.0958251953125
0 0.337890625 0.05664825439453125 0.01861572265625 0.0909423828125
0 0.052703857421875 0.257720947265625 0.0215301513671875 0.0972747802734375
0 0.46728515625 0.107421875 0.018646240234375 0.092926025390625
0 0.033782958984375 0.750732421875 0.03167724609375 0.145721435546875
0 0.26904296875 0.11688232421875 0.019378662109375 0.0936126708984375
0 0.84130859375 0.272064208984375 0.0280609130859375 0.1361083984375
0 0.93896484375 0.277099609375 0.02191162109375 0.14404296875
0 0.736328125 0.0945281982421875 0.0191192626953125 0.093231201171875
0 0.95361328125 0.052642822265625 0.02203369140625 0.07366180419921875
0 0.70849609375 0.17669677734375 0.018157958984375 0.104217529296875
0 0.12667690640755241 0.10326306911507338 0.028552315114582647 0.09582676704329064
0 0.03564579139562593 0.07937797109126957 0.01914725998218563 0.11449082295417957
0 0.1678466796875 0.203857421875 0.023101806640625 0.12542724609375