0 0.328857421875 0.129547119140625 0.0247039794921875 0.124664306640625
0 0.1309814453125 0.11077880859375 0.0217742919921875 0.107421875
0 0.269775390625 0.21881103515625 0.0289764404296875 0.14007568359375
0 0.54736328125 0.261688232421875 0.0233306884765625 0.1190948486328125
0 0.6123046875 0.223846435546875 0.021484375 0.1116180419921875
0 0.038818359375 0.254974365234375 0.01763916015625 0.101470947265625
0 0.0706787109375 0.123291015625 0.0173797607421875 0.095062255859375
0 0.2318115234375 0.26947021484375 0.02685546875 0.1190948486328125
0 0.9541015625 0.291748046875 0.022247314453125 0.1055908203125
0 0.1383056640625 0.27862548828125 0.023468017578125 0.10223388671875
0 0.432861328125 0.270538330078125 0.025909423828125 0.1202392578125
0 0.427490234375 0.0972747802734375 0.018646240234375 0.1004791259765625
0 0.32763671875 0.26947021484375 0.033538818359375 0.1448822021484375
0 0.3662109375 0.226287841796875 0.0276947021484375 0.1125335693359375
0 0.8369140625 0.1045989990234375 0.0189056396484375 0.0962066650390625
0 0.1600341796875 0.094146728515625 0.0182647705078125 0.0914764404296875
0 0.65283203125 0.248870849609375 0.0244293212890625 0.114898681640625
0 0.74462890625 0.290069580078125 0.02203369140625 0.107421875
0 0.81103515625 0.215606689453125 0.0216522216796875 0.106048583984375
0 0.537109375 0.08331298828125 0.018341064453125 0.099945068359375
0 0.01132965087890625 0.22003173828125 0.017852783203125 0.09063720703125
0 0.2298583984375 0.139007568359375 0.021331787109375 0.095977783203125
0 0.51171875 0.244293212890625 0.018096923828125 0.09674072265625
0 0.0341796875 0.74951171875 0.03521728515625 0.153656005859375
0 0.459228515625 0.092926025390625 0.021331787109375 0.087890625
0 0.9130859375 0.23406982421875 0.02191162109375 0.1068115234375
0 0.93408203125 0.0739288330078125 0.0189361572265625 0.0846099853515625
0 0.70849609375 0.210418701171875 0.0167236328125 0.0921630859375
0 0.63427734375 0.107269287109375 0.0194549560546875 0.093231201171875
0 0.77197265625 0.1116180419921875 0.0185394287109375 0.09490966796875
0 0.84912109375 0.25970458984375 0.026458740234375 0.1177978515625