0 0.333984375 0.26123046875 0.026611328125 0.13153076171875
0 0.368408203125 0.24566650390625 0.0238189697265625 0.1216888427734375
0 0.470947265625 0.25115966796875 0.0216217041015625 0.10955810546875
0 0.07611083984375 0.228424072265625 0.0196075439453125 0.09490966796875
0 0.77490234375 0.213165283203125 0.0222015380859375 0.1087188720703125
0 0.529296875 0.1018524169921875 0.01763916015625 0.0962066650390625
0 0.2088623046875 0.1465606689453125 0.0203704833984375 0.104827880859375
0 0.23583984375 0.2008056640625 0.0206451416015625 0.097503662109375
0 0.64453125 0.239410400390625 0.021575927734375 0.1116180419921875
0 0.9326171875 0.143280029296875 0.017242431640625 0.078887939453125
0 0.030731201171875 0.1180267333984375 0.0185089111328125 0.0885772705078125
0 0.60986328125 0.200042724609375 0.0187225341796875 0.1039886474609375
0 0.16943359375 0.0826263427734375 0.0171051025390625 0.0872039794921875
0 0.96630859375 0.078582763671875 0.019683837890625 0.10223388671875
0 0.43310546875 0.266571044921875 0.0224609375 0.113372802734375
0 0.82275390625 0.294952392578125 0.020721435546875 0.11016845703125
0 0.5732421875 0.2447509765625 0.0199127197265625 0.0981903076171875
0 0.86328125 0.25543212890625 0.02447509765625 0.12115478515625
0 0.458740234375 0.059814453125 0.0212860107421875 0.102996826171875
0 0.0552978515625 0.0595855712890625 0.0162811279296875 0.0855255126953125
0 0.26806640625 0.1363372802734375 0.01751708984375 0.0836181640625
0 0.73974609375 0.27496337890625 0.02215576171875 0.1070404052734375
0 0.55810546875 0.059814453125 0.0202178955078125 0.1016998291015625
0 0.97216796875 0.263519287109375 0.017852783203125 0.0909423828125
0 0.136962890625 0.05535125732421875 0.02069091796875 0.098419189453125
0 0.83203125 0.08392333984375 0.0190887451171875 0.099945068359375
0 0.7314752208127968 0.15120686676707906 0.01816436984825021 0.08665445619040817
0 0.11057051353869851 0.21902234312174773 0.02074311791861683 0.10337901170390495
0 0.03460693359375 0.7440185546875 0.036224365234375 0.1727294921875
0 0.32470703125 0.1058197021484375 0.021942138671875 0.1064300537109375
0 0.669921875 0.13153076171875 0.0191192626953125 0.0901031494140625