0 0.751953125 0.269012451171875 0.0210418701171875 0.108489990234375
0 0.6748046875 0.22003173828125 0.023193359375 0.1184844970703125
0 0.142822265625 0.30487060546875 0.0268096923828125 0.1313018798828125
0 0.4697265625 0.1076507568359375 0.02203369140625 0.11077880859375
0 0.76953125 0.1235198974609375 0.0200958251953125 0.102081298828125
0 0.2418212890625 0.229339599609375 0.0229339599609375 0.1146697998046875
0 0.27001953125 0.10284423828125 0.021087646484375 0.1125335693359375
0 0.57080078125 0.107421875 0.0200958251953125 0.0826263427734375
0 0.80859375 0.201263427734375 0.019989013671875 0.1044464111328125
0 0.63037109375 0.107269287109375 0.0177764892578125 0.089263916015625
0 0.357666015625 0.055999755859375 0.0182342529296875 0.09307861328125
0 0.9599609375 0.25115966796875 0.0235137939453125 0.122833251953125
0 0.73583984375 0.0846099853515625 0.018096923828125 0.09307861328125
0 0.034881591796875 0.1103973388671875 0.018157958984375 0.08819580078125
0 0.033905029296875 0.7470703125 0.0257110595703125 0.17578125
0 0.83544921875 0.09674072265625 0.0187225341796875 0.0946807861328125
0 0.054107666015625 0.2606201171875 0.0241851806640625 0.1256561279296875
0 0.1728515625 0.1873779296875 0.0212860107421875 0.1123046875
0 0.06927490234375 0.0814056396484375 0.019012451171875 0.0926971435546875
0 0.330810546875 0.1184844970703125 0.021453857421875 0.1004791259765625
0 0.66015625 0.091705322265625 0.0177154541015625 0.0885772705078125
0 0.4091796875 0.1666259765625 0.017303466796875 0.0829315185546875
0 0.8681640625 0.0771331787109375 0.0225830078125 0.1016998291015625
0 0.44091796875 0.269012451171875 0.0185394287109375 0.0995635986328125
0 0.2393798828125 0.0971221923828125 0.017303466796875 0.0783538818359375
0 0.126220703125 0.1146697998046875 0.020721435546875 0.1044464111328125
0 0.5126953125 0.246124267578125 0.0191650390625 0.10955810546875
0 0.96728515625 0.09857177734375 0.0184326171875 0.0926971435546875
0 0.91845703125 0.2545166015625 0.0232391357421875 0.1126861572265625
0 0.552734375 0.305938720703125 0.0222015380859375 0.101470947265625
0 0.374755859375 0.237579345703125 0.01751708984375 0.1045989990234375