0 0.666015625 0.1052093505859375 0.0189056396484375 0.0934600830078125
0 0.6318359375 0.072784423828125 0.0215301513671875 0.100860595703125
0 0.76953125 0.0989532470703125 0.0190887451171875 0.108489990234375
0 0.75341796875 0.292816162109375 0.0213623046875 0.1032257080078125
0 0.869140625 0.1290130615234375 0.0192718505859375 0.09490966796875
0 0.23828125 0.063629150390625 0.018157958984375 0.0846099853515625
0 0.131103515625 0.1081085205078125 0.0187225341796875 0.0954437255859375
0 0.474853515625 0.1922607421875 0.02386474609375 0.1058197021484375
0 0.50927734375 0.17913818359375 0.0182647705078125 0.063629150390625
0 0.1370849609375 0.3167724609375 0.022369384765625 0.102996826171875
0 0.26904296875 0.125885009765625 0.017913818359375 0.0965118408203125
0 0.34375 0.26214599609375 0.022247314453125 0.0995635986328125
0 0.5380859375 0.235443115234375 0.0230255126953125 0.095062255859375
0 0.339599609375 0.09063720703125 0.021087646484375 0.0804901123046875
0 0.3115234375 0.23193359375 0.021209716796875 0.0943756103515625
0 0.83837890625 0.0522613525390625 0.018798828125 0.085906982421875
0 0.454345703125 0.0562286376953125 0.0182952880859375 0.089263916015625
0 0.71484375 0.254974365234375 0.02191162109375 0.0814056396484375
0 0.036773681640625 0.0489044189453125 0.0191650390625 0.089569091796875
0 0.61474609375 0.23406982421875 0.022674560546875 0.1136016845703125
0 0.9287109375 0.07335662841796875 0.0177764892578125 0.1068115234375
0 0.96533203125 0.092926025390625 0.0174407958984375 0.1052093505859375
0 0.1607666015625 0.0626373291015625 0.02044677734375 0.097503662109375
0 0.2100830078125 0.191192626953125 0.0211639404296875 0.0971221923828125
0 0.03228759765625 0.7403564453125 0.040985107421875 0.148773193359375
0 0.44384765625 0.302581787109375 0.0169830322265625 0.109100341796875
0 0.06756591796875 0.08819580078125 0.020599365234375 0.0952911376953125
0 0.81005859375 0.175323486328125 0.021087646484375 0.10009765625
0 0.042633056640625 0.265045166015625 0.0227203369140625 0.1131439208984375
0 0.9599609375 0.24017333984375 0.0271148681640625 0.1427459716796875
0 0.5693359375 0.154266357421875 0.018768310546875 0.0605010986328125