0 0.35546875 0.25360107421875 0.0258026123046875 0.1275634765625
0 0.1458740234375 0.26214599609375 0.02484130859375 0.098419189453125
0 0.6103515625 0.213165283203125 0.0208892822265625 0.1146697998046875
0 0.51318359375 0.240631103515625 0.0260009765625 0.1261138916015625
0 0.6513671875 0.280609130859375 0.0255126953125 0.1007080078125
0 0.21142578125 0.235748291015625 0.0217437744140625 0.113372802734375
0 0.270751953125 0.11383056640625 0.017852783203125 0.086517333984375
0 0.9091796875 0.194549560546875 0.0194549560546875 0.1076507568359375
0 0.0254669189453125 0.1024627685546875 0.02069091796875 0.1087188720703125
0 0.4287109375 0.106201171875 0.01971435546875 0.107879638671875
0 0.03228759765625 0.272064208984375 0.030792236328125 0.154266357421875
0 0.1556396484375 0.06511688232421875 0.017578125 0.1045989990234375
0 0.7294921875 0.148773193359375 0.0187225341796875 0.094146728515625
0 0.1756591796875 0.22552490234375 0.0210418701171875 0.105438232421875
0 0.529296875 0.07366180419921875 0.01971435546875 0.1221466064453125
0 0.93701171875 0.09674072265625 0.0193023681640625 0.0899505615234375
0 0.33203125 0.067138671875 0.0187225341796875 0.0914764404296875
0 0.31640625 0.2734375 0.022247314453125 0.1070404052734375
0 0.86181640625 0.059814453125 0.021209716796875 0.0965118408203125
0 0.43701171875 0.272979736328125 0.0240936279296875 0.1177978515625
0 0.471923828125 0.25115966796875 0.0228424072265625 0.109710693359375
0 0.83056640625 0.1340484619140625 0.0186920166015625 0.09185791015625
0 0.94482421875 0.243377685546875 0.0248870849609375 0.1142120361328125
0 0.6669921875 0.07366180419921875 0.0197906494140625 0.1123046875
0 0.246337890625 0.28594970703125 0.019561767578125 0.0902557373046875
0 0.7734375 0.1934814453125 0.01678466796875 0.12542724609375
0 0.56494140625 0.099334716796875 0.0233306884765625 0.08758544921875
0 0.05572509765625 0.090789794921875 0.0169219970703125 0.0946807861328125
0 0.87158203125 0.224609375 0.0207977294921875 0.109710693359375
0 0.740234375 0.27099609375 0.0311431884765625 0.1120758056640625
0 0.036773681640625 0.74462890625 0.029754638671875 0.199737548828125