0 0.41162109375 0.22003173828125 0.019012451171875 0.0909423828125
0 0.470947265625 0.0981903076171875 0.01934814453125 0.0804901123046875
0 0.92822265625 0.101470947265625 0.0220794677734375 0.1129150390625
0 0.53369140625 0.27862548828125 0.0222930908203125 0.1012420654296875
0 0.61376953125 0.247955322265625 0.019500732421875 0.0855255126953125
0 0.361083984375 0.057525634765625 0.01666259765625 0.0885772705078125
0 0.375732421875 0.21728515625 0.0212860107421875 0.109100341796875
0 0.7470703125 0.27801513671875 0.0191192626953125 0.0997161865234375
0 0.9609375 0.0849151611328125 0.018402099609375 0.092010498046875
0 0.53076171875 0.1361083984375 0.017852783203125 0.0899505615234375
0 0.165283203125 0.254974365234375 0.0230255126953125 0.1126861572265625
0 0.2340087890625 0.1309967041015625 0.0184783935546875 0.090484619140625
0 0.340087890625 0.309906005859375 0.0204925537109375 0.101470947265625
0 0.443359375 0.238494873046875 0.0214080810546875 0.1126861572265625
0 0.24658203125 0.290069580078125 0.019561767578125 0.1039886474609375
0 0.65234375 0.27496337890625 0.021942138671875 0.1081085205078125
0 0.9326171875 0.271453857421875 0.022247314453125 0.1088714599609375
0 0.06439208984375 0.272979736328125 0.0225067138671875 0.1226043701171875
0 0.732421875 0.1221466064453125 0.01837158203125 0.0888824462890625
0 0.0279541015625 0.0849151611328125 0.0210418701171875 0.1105499267578125
0 0.83447265625 0.093994140625 0.0171051025390625 0.08819580078125
0 0.27685546875 0.244293212890625 0.01751708984375 0.0885772705078125
0 0.85986328125 0.300445556640625 0.019561767578125 0.0911712646484375
0 0.0225372314453125 0.261688232421875 0.0231475830078125 0.113372802734375
0 0.1251220703125 0.303192138671875 0.020416259765625 0.10284423828125
0 0.869140625 0.0989532470703125 0.022796630859375 0.0954437255859375
0 0.63623046875 0.1190948486328125 0.0196380615234375 0.0846099853515625
0 0.033905029296875 0.7513427734375 0.0306243896484375 0.148773193359375
0 0.77587890625 0.24017333984375 0.0194549560546875 0.0946807861328125
0 0.1663818359375 0.066375732421875 0.018585205078125 0.093231201171875
0 0.5625 0.06191253662109375 0.019866943359375 0.1068115234375