0 0.81836 0.2588 0.01961 0.120475
0 0.17346 0.252075 0.02136 0.102075
0 0.913085 0.257275 0.019010000000000003 0.110175
0 0.6416000000000001 0.278625 0.018585 0.097125
0 0.73926 0.26795 0.026855 0.13055
0 0.862305 0.272525 0.02025 0.122825
0 0.60791 0.202625 0.01549 0.1149
0 0.039795000000000004 0.074775 0.014555 0.09185
0 0.72754 0.1477 0.020965 0.12025000000000001
0 0.953125 0.29175 0.02022 0.1007
0 0.23266499999999998 0.14654999999999999 0.017775 0.0862
0 0.433105 0.078575 0.01805 0.09505000000000001
0 0.16052000000000002 0.0571 0.018645 0.10125
0 0.12976 0.104225 0.018645 0.1007
0 0.33398500000000003 0.074775 0.018645 0.0924
0 0.6708999999999999 0.1207 0.019454999999999997 0.064625
0 0.751465 0.0582 0.014505 0.113975
0 0.36841 0.11315 0.019915 0.087575
0 0.24059999999999998 0.299825 0.023649999999999997 0.104225
0 0.54004 0.29557500000000003 0.021455 0.098575
0 0.8271499999999999 0.078575 0.024095 0.130775
0 0.970705 0.09727499999999999 0.019350000000000003 0.069775
0 0.00926 0.17915 0.018525 0.10825
0 0.31543 0.246575 0.026 0.113375
0 0.27661 0.2336 0.02034 0.09545
0 0.563965 0.06922500000000001 0.019530000000000002 0.09345
0 0.457765 0.2626 0.022765 0.11185
0 0.57324 0.2655 0.02069 0.086525
0 0.039549999999999995 0.269475 0.02069 0.09675
0 0.46752999999999995 0.10825 0.019425 0.08994999999999999
0 0.03438 0.7545499999999999 0.0342 0.17629999999999998