0 0.83301 0.124975 0.01834 0.0965
0 0.9384750000000001 0.23407499999999998 0.022109999999999998 0.121375
0 0.72754 0.094675 0.02382 0.0917
0 0.27173 0.20309999999999997 0.025755 0.1001
0 0.9101549999999999 0.19852499999999998 0.016785 0.089575
0 0.96924 0.111475 0.0188 0.086525
0 0.8789049999999999 0.222925 0.019835000000000002 0.09880000000000001
0 0.32617 0.2797 0.024475 0.12115000000000001
0 0.759765 0.05665 0.020370000000000003 0.104825
0 0.86084 0.0969 0.016280000000000003 0.083625
0 0.5268550000000001 0.13 0.026655 0.11359999999999999
0 0.61426 0.24017499999999997 0.025175 0.1217
0 0.42919999999999997 0.13817500000000002 0.02089 0.09972500000000001
0 0.46069499999999997 0.058675 0.022324999999999998 0.11055
0 0.55469 0.09452500000000001 0.02002 0.10545
0 0.36523500000000003 0.100475 0.017775 0.087575
0 0.032409999999999994 0.055575 0.01877 0.0924
0 0.33154500000000003 0.09147500000000001 0.01964 0.09452500000000001
0 0.46704 0.231925 0.02696 0.12092499999999999
0 0.049775 0.2823 0.02533 0.11382500000000001
0 0.033784999999999996 0.7470749999999999 0.033600000000000005 0.154275
0 0.161135 0.065625 0.019684999999999998 0.10185000000000001
0 0.73291 0.313425 0.02289 0.10665
0 0.6674800000000001 0.071675 0.01848 0.1011
0 0.06720000000000001 0.074775 0.02141 0.1017
0 0.17517 0.21805 0.0195 0.09805
0 0.139255 0.31782499999999997 0.02121 0.11205
0 0.5405249999999999 0.261225 0.02298 0.11574999999999999
0 0.23792 0.27835 0.022949999999999998 0.13140000000000002
0 0.229555 0.1392 0.019405000000000002 0.09405
0 0.63409 0.10792500000000001 0.019045000000000003 0.097425