0 0.15686000000000003 0.0969 0.015365 0.07595
0 0.75537 0.053675 0.016585000000000003 0.0882
0 0.23596 0.204175 0.020645 0.0956
0 0.640135 0.05325 0.01718 0.08262499999999999
0 0.209475 0.14404999999999998 0.01912 0.09765
0 0.9331050000000001 0.05644999999999999 0.0193 0.094
0 0.43823 0.058449999999999995 0.017855 0.083625
0 0.44336000000000003 0.2475 0.02298 0.11359999999999999
0 0.411135 0.228875 0.019989999999999997 0.102075
0 0.9677749999999999 0.11512499999999999 0.0195 0.09362500000000001
0 0.055115000000000004 0.0489 0.01799 0.09117499999999999
0 0.570315 0.09972500000000001 0.02182 0.10445
0 0.380125 0.213625 0.018725000000000002 0.09545
0 0.33252 0.154575 0.016280000000000003 0.086525
0 0.26904500000000003 0.1419 0.01758 0.0872
0 0.5444349999999999 0.27649999999999997 0.02025 0.099325
0 0.3479 0.2896 0.02057 0.10125
0 0.070435 0.20079999999999998 0.023725000000000003 0.12215
0 0.5092749999999999 0.195325 0.02014 0.10185000000000001
0 0.63867 0.225975 0.022245 0.114675
0 0.132935 0.1242 0.015960000000000002 0.08460000000000001
0 0.811035 0.238025 0.022324999999999998 0.100475
0 0.84717 0.251625 0.02124 0.1085
0 0.74463 0.2922 0.02104 0.1052
0 0.947755 0.24382500000000001 0.025955 0.11512499999999999
0 0.03589 0.316775 0.025225 0.12025000000000001
0 0.6103500000000001 0.19975 0.01924 0.09345
0 0.836425 0.06665 0.020095 0.10445
0 0.774415 0.19225 0.023864999999999997 0.117575
0 0.17861000000000002 0.205375 0.020045 0.09675
0 0.03314 0.7513500000000001 0.030565000000000002 0.151675