0 0.2115478515625 0.220489501953125 0.0217742919921875 0.106048583984375
0 0.5693359375 0.0913238525390625 0.0165252685546875 0.093231201171875
0 0.369873046875 0.109100341796875 0.016021728515625 0.08819580078125
0 0.11102294921875 0.21484375 0.0191192626953125 0.0952911376953125
0 0.4111328125 0.232696533203125 0.0190582275390625 0.1064300537109375
0 0.33837890625 0.234527587890625 0.0246124267578125 0.111846923828125
0 0.171142578125 0.1161956787109375 0.0210418701171875 0.091705322265625
0 0.436767578125 0.087890625 0.02215576171875 0.0826263427734375
0 0.8388671875 0.27252197265625 0.025909423828125 0.1256561279296875
0 0.341552734375 0.09490966796875 0.017181396484375 0.08758544921875
0 0.06890869140625 0.089569091796875 0.0180511474609375 0.10284423828125
0 0.857421875 0.0901031494140625 0.01751708984375 0.08819580078125
0 0.93408203125 0.06072998046875 0.020965576171875 0.100860595703125
0 0.6123046875 0.228424072265625 0.0199432373046875 0.106658935546875
0 0.76806640625 0.210418701171875 0.0242767333984375 0.1175689697265625
0 0.94482421875 0.2276611328125 0.0239105224609375 0.1024627685546875
0 0.2496337890625 0.279083251953125 0.018402099609375 0.0936126708984375
0 0.1414794921875 0.072784423828125 0.018798828125 0.06793975830078125
0 0.873046875 0.1953125 0.01666259765625 0.11932373046875
0 0.7275390625 0.1313018798828125 0.0207672119140625 0.0823211669921875
0 0.469482421875 0.1277923583984375 0.02001953125 0.086212158203125
0 0.6513671875 0.26123046875 0.022369384765625 0.1239776611328125
0 0.6689453125 0.1200103759765625 0.019500732421875 0.0855255126953125
0 0.96826171875 0.115966796875 0.0194549560546875 0.086517333984375
0 0.53564453125 0.0925445556640625 0.0222930908203125 0.0829315185546875
0 0.5166015625 0.277557373046875 0.0197601318359375 0.0923919677734375
0 0.058441162109375 0.2679443359375 0.02276611328125 0.109710693359375
0 0.7333984375 0.269927978515625 0.021942138671875 0.105438232421875
0 0.0374755859375 0.7513427734375 0.035064697265625 0.20263671875
0 0.01745058393037914 0.2850030499794385 0.02154576257612066 0.0910368525182607
0 0.23514045726952895 0.0703037052119822 0.02275388533602623 0.09882537727847154