0 0.638671875 0.0722503662109375 0.015960693359375 0.0872039794921875
0 0.728515625 0.1416778564453125 0.018829345703125 0.09918212890625
0 0.669921875 0.1435089111328125 0.0182952880859375 0.0849151611328125
0 0.17138671875 0.1004791259765625 0.021240234375 0.0962066650390625
0 0.75537109375 0.04741668701171875 0.0186920166015625 0.093841552734375
0 0.1370849609375 0.0768280029296875 0.0186920166015625 0.0829315185546875
0 0.427001953125 0.099945068359375 0.0232391357421875 0.102996826171875
0 0.1134033203125 0.2545166015625 0.021484375 0.089263916015625
0 0.0110321044921875 0.228424072265625 0.0211181640625 0.1018524169921875
0 0.3681640625 0.235748291015625 0.023468017578125 0.1251983642578125
0 0.822265625 0.288543701171875 0.0237274169921875 0.1202392578125
0 0.363037109375 0.093841552734375 0.0191650390625 0.0963592529296875
0 0.9638671875 0.269012451171875 0.02386474609375 0.113372802734375
0 0.54296875 0.3192138671875 0.0194244384765625 0.0965118408203125
0 0.329833984375 0.08819580078125 0.019012451171875 0.09857177734375
0 0.9287109375 0.079193115234375 0.0225830078125 0.116424560546875
0 0.82763671875 0.072784423828125 0.0212860107421875 0.0965118408203125
0 0.263427734375 0.089569091796875 0.0189056396484375 0.0963592529296875
0 0.609375 0.198516845703125 0.017913818359375 0.10955810546875
0 0.57958984375 0.220489501953125 0.0202178955078125 0.0888824462890625
0 0.85986328125 0.242919921875 0.0269622802734375 0.1275634765625
0 0.92041015625 0.265045166015625 0.0243377685546875 0.1171112060546875
0 0.73779296875 0.269012451171875 0.0197601318359375 0.140838623046875
0 0.5615234375 0.078582763671875 0.017913818359375 0.08819580078125
0 0.2626953125 0.2301025390625 0.0259552001953125 0.13427734375
0 0.03759765625 0.05733489990234375 0.018646240234375 0.0846099853515625
0 0.044097900390625 0.239715576171875 0.023956298828125 0.1076507568359375
0 0.4326171875 0.265045166015625 0.0222015380859375 0.1120758056640625
0 0.0316162109375 0.7568359375 0.03204345703125 0.1568603515625
0 0.2203369140625 0.2679443359375 0.022369384765625 0.101470947265625
0 0.47021484375 0.251617431640625 0.0190887451171875 0.08819580078125