0 0.83056640625 0.139007568359375 0.0197906494140625 0.1012420654296875
0 0.366943359375 0.2630615234375 0.0207977294921875 0.114898681640625
0 0.227783203125 0.125885009765625 0.0202178955078125 0.109710693359375
0 0.908203125 0.15167236328125 0.017578125 0.1016998291015625
0 0.57421875 0.194549560546875 0.018341064453125 0.107269287109375
0 0.1558837890625 0.25115966796875 0.0276947021484375 0.1285552978515625
0 0.443359375 0.25115966796875 0.0250396728515625 0.1136016845703125
0 0.734375 0.0750732421875 0.0179901123046875 0.091705322265625
0 0.55712890625 0.052032470703125 0.021240234375 0.1004791259765625
0 0.260009765625 0.04528045654296875 0.0202178955078125 0.092010498046875
0 0.361083984375 0.0522613525390625 0.0209197998046875 0.096893310546875
0 0.71630859375 0.272064208984375 0.0223236083984375 0.104217529296875
0 0.658203125 0.264129638671875 0.0224609375 0.1016998291015625
0 0.96826171875 0.0923919677734375 0.0213623046875 0.0980377197265625
0 0.41064453125 0.21636962890625 0.019683837890625 0.09185791015625
0 0.1258544921875 0.06191253662109375 0.0196380615234375 0.1082611083984375
0 0.634765625 0.0914764404296875 0.0206451416015625 0.1129150390625
0 0.6171875 0.28533935546875 0.021453857421875 0.0936126708984375
0 0.87255859375 0.20538330078125 0.0192718505859375 0.1273345947265625
0 0.470703125 0.1018524169921875 0.0189056396484375 0.0823211669921875
0 0.1646728515625 0.0988006591796875 0.0221099853515625 0.10284423828125
0 0.5302734375 0.1482391357421875 0.0182952880859375 0.093841552734375
0 0.046630859375 0.237579345703125 0.0252227783203125 0.1099395751953125
0 0.75634765625 0.264129638671875 0.0247039794921875 0.113983154296875
0 0.010986328125 0.246124267578125 0.020721435546875 0.1052093505859375
0 0.03436279296875 0.06072998046875 0.0203704833984375 0.0952911376953125
0 0.83837890625 0.270538330078125 0.0252685546875 0.1131439208984375
0 0.327392578125 0.276031494140625 0.029205322265625 0.1305389404296875
0 0.265869140625 0.232391357421875 0.027069091796875 0.1290130615234375
0 0.93994140625 0.093231201171875 0.01837158203125 0.0885772705078125
0 0.035064697265625 0.7501220703125 0.0416259765625 0.189056396484375