0 0.5595703125 0.07476806640625 0.01751708984375 0.0846099853515625
0 0.30810546875 0.1654052734375 0.017913818359375 0.1012420654296875
0 0.0289306640625 0.1332855224609375 0.020172119140625 0.106048583984375
0 0.2286376953125 0.30548095703125 0.0238189697265625 0.1180267333984375
0 0.0285491943359375 0.270538330078125 0.0196075439453125 0.1184844970703125
0 0.33984375 0.2276611328125 0.0251312255859375 0.127105712890625
0 0.42138671875 0.290679931640625 0.021820068359375 0.11077880859375
0 0.533203125 0.16143798828125 0.0169830322265625 0.0899505615234375
0 0.9169921875 0.27099609375 0.020965576171875 0.0820159912109375
0 0.8426821097024031 0.10185241699218746 0.018737343095193985 0.09307861328124999
0 0.8369140625 0.210418701171875 0.02069091796875 0.09765625
0 0.96923828125 0.12237548828125 0.01751708984375 0.0888824462890625
0 0.06854248046875 0.218048095703125 0.025909423828125 0.1216888427734375
0 0.764251484047597 0.05397768513762125 0.01907303645456886 0.097045336095555
0 0.7314453125 0.1293182373046875 0.01953125 0.091705322265625
0 0.46630859375 0.061187744140625 0.0192718505859375 0.099945068359375
0 0.369140625 0.13153076171875 0.0192718505859375 0.092926025390625
0 0.7685546875 0.24383544921875 0.0245208740234375 0.1226043701171875
0 0.258056640625 0.054931640625 0.020721435546875 0.1076507568359375
0 0.55029296875 0.286407470703125 0.0200653076171875 0.1045989990234375
0 0.460693359375 0.2520751953125 0.0250396728515625 0.1239776611328125
0 0.11376953125 0.246124267578125 0.024993896484375 0.13458251953125
0 0.66015625 0.29449462890625 0.023284912109375 0.1200103759765625
0 0.265380859375 0.21087646484375 0.0259552001953125 0.1114654541015625
0 0.6689453125 0.0868988037109375 0.0177764892578125 0.099334716796875
0 0.9595421213802546 0.29579109225691375 0.025068589270741227 0.10925186224820246
0 0.8095703125 0.153350830078125 0.021697998046875 0.1110076904296875
0 0.1260986328125 0.070037841796875 0.020416259765625 0.1024627685546875
0 0.0345458984375 0.755615234375 0.037689208984375 0.1873779296875
0 0.16341403805813068 0.09534074565818593 0.025551319836393815 0.11822252461615051
0 0.6195241652868921 0.2736279400389938 0.02173769001006633 0.12394296935564171
0 0.73388671875 0.26702880859375 0.0169830322265625 0.0943756103515625