0 0.5322265625 0.123291015625 0.016845703125 0.0855255126953125
0 0.5771484375 0.22796630859375 0.0192413330078125 0.090789794921875
0 0.9326171875 0.1116180419921875 0.0185089111328125 0.0965118408203125
0 0.370361328125 0.1093292236328125 0.0210113525390625 0.089569091796875
0 0.9658203125 0.06740570068359375 0.0210113525390625 0.10345458984375
0 0.66162109375 0.235748291015625 0.020965576171875 0.1177978515625
0 0.916015625 0.2447509765625 0.0203704833984375 0.1129150390625
0 0.33837890625 0.254974365234375 0.02276611328125 0.11444091796875
0 0.6201171875 0.257720947265625 0.0240936279296875 0.125885009765625
0 0.66357421875 0.093994140625 0.018829345703125 0.104217529296875
0 0.271240234375 0.12237548828125 0.02069091796875 0.089569091796875
0 0.408935546875 0.188751220703125 0.021697998046875 0.1204681396484375
0 0.76904296875 0.10284423828125 0.021087646484375 0.0868988037109375
0 0.443115234375 0.2276611328125 0.0217437744140625 0.11016845703125
0 0.7099609375 0.188446044921875 0.0184326171875 0.08331298828125
0 0.071044921875 0.095977783203125 0.01983642578125 0.095062255859375
0 0.87060546875 0.1392364501953125 0.01751708984375 0.0811004638671875
0 0.73681640625 0.204620361328125 0.0204925537109375 0.094146728515625
0 0.55810546875 0.0658416748046875 0.01751708984375 0.089569091796875
0 0.341552734375 0.06313323974609375 0.0173797607421875 0.0774383544921875
0 0.1217041015625 0.277099609375 0.023773193359375 0.103607177734375
0 0.8447265625 0.256805419921875 0.0209197998046875 0.09490966796875
0 0.43701171875 0.0946807861328125 0.0184783935546875 0.08819580078125
0 0.2406005859375 0.258331298828125 0.020599365234375 0.0855255126953125
0 0.2391357421875 0.1044464111328125 0.0165252685546875 0.09307861328125
0 0.133056640625 0.1195526123046875 0.01971435546875 0.07030487060546875
0 0.011871337890625 0.2410888671875 0.023773193359375 0.0826263427734375
0 0.03656005859375 0.0628662109375 0.01861572265625 0.093231201171875
0 0.168701171875 0.07801055908203125 0.0192413330078125 0.097808837890625
0 0.80908203125 0.2008056640625 0.0209197998046875 0.1114654541015625
0 0.034820556640625 0.7568359375 0.046112060546875 0.123748779296875