0 0.8095703125 0.1629638671875 0.0184783935546875 0.0923919677734375
0 0.83837890625 0.221405029296875 0.0238189697265625 0.1136016845703125
0 0.6083984375 0.175018310546875 0.0173797607421875 0.1044464111328125
0 0.734375 0.277557373046875 0.022369384765625 0.1110076904296875
0 0.564453125 0.060272216796875 0.0222015380859375 0.099945068359375
0 0.310791015625 0.2081298828125 0.0218658447265625 0.097503662109375
0 0.229736328125 0.28533935546875 0.0248870849609375 0.1195526123046875
0 0.73046875 0.1045989990234375 0.021331787109375 0.107269287109375
0 0.26904296875 0.246124267578125 0.021453857421875 0.102081298828125
0 0.9296875 0.11077880859375 0.022369384765625 0.1010894775390625
0 0.96044921875 0.05664825439453125 0.018798828125 0.0888824462890625
0 0.040985107421875 0.276031494140625 0.021209716796875 0.1003265380859375
0 0.126220703125 0.27496337890625 0.0305023193359375 0.1381683349609375
0 0.33935546875 0.210418701171875 0.0236053466796875 0.106201171875
0 0.431884765625 0.09490966796875 0.0205230712890625 0.105438232421875
0 0.465576171875 0.2520751953125 0.0207977294921875 0.106201171875
0 0.6415591624899876 0.23766211362002962 0.026938515409662717 0.12177808466193393
0 0.63671875 0.0955963134765625 0.020843505859375 0.08819580078125
0 0.0704345703125 0.1055908203125 0.0199432373046875 0.1003265380859375
0 0.165283203125 0.21514892578125 0.0239105224609375 0.1180267333984375
0 0.970703125 0.25543212890625 0.0187225341796875 0.1088714599609375
0 0.0099639892578125 0.18310546875 0.019927978515625 0.0995635986328125
0 0.771484375 0.25726318359375 0.0226287841796875 0.0981903076171875
0 0.424560546875 0.3076171875 0.02191162109375 0.1018524169921875
0 0.5283203125 0.06561279296875 0.020416259765625 0.097808837890625
0 0.160698838421768 0.08763978112038633 0.020553080841407396 0.09456056810014739
0 0.03460693359375 0.733642578125 0.036712646484375 0.178070068359375
0 0.5161234596688334 0.29243940254770495 0.02456857676576334 0.12650983558490053
0 0.2645729303232258 0.09232989183575921 0.018396043751920416 0.08932472188885304
0 0.336181640625 0.05123138427734375 0.021331787109375 0.092010498046875
0 0.8699876161962132 0.14183728925555272 0.020374417241129095 0.09560303474683664