0 0.8291000000000001 0.10285 0.020370000000000003 0.1017
0 0.74951 0.251625 0.022585 0.10932499999999999
0 0.938965 0.30945 0.023024999999999997 0.131
0 0.7123999999999999 0.22002500000000003 0.023774999999999998 0.11932499999999999
0 0.856445 0.053475 0.02057 0.10247500000000001
0 0.45654500000000003 0.0901 0.02089 0.113975
0 0.02434 0.0805 0.02121 0.10765000000000001
0 0.569335 0.1233 0.01912 0.0882
0 0.7695299999999999 0.122825 0.020445 0.09269999999999999
0 0.666505 0.082925 0.019835000000000002 0.08789999999999999
0 0.838865 0.3038 0.022795000000000003 0.11445
0 0.632815 0.136875 0.01837 0.090625
0 0.133545 0.111225 0.019059999999999997 0.087575
0 0.5351549999999999 0.07365000000000001 0.02002 0.0862
0 0.952635 0.05335 0.022934999999999997 0.1067
0 0.512695 0.236675 0.023100000000000002 0.11710000000000001
0 0.629885 0.293875 0.023515 0.12587500000000001
0 0.270265 0.131 0.020495 0.10605
0 0.020370000000000003 0.263525 0.03021 0.13
0 0.333495 0.0558 0.022535 0.10705
0 0.237185 0.07919999999999999 0.015960000000000002 0.08689999999999999
0 0.308595 0.184925 0.020645 0.11574999999999999
0 0.16772499999999999 0.287925 0.021865 0.11574999999999999
0 0.344725 0.275575 0.023149999999999997 0.12
0 0.13000499999999998 0.29557500000000003 0.024565 0.112525
0 0.46997000000000005 0.20079999999999998 0.020845 0.108875
0 0.43701 0.272075 0.03174 0.16204999999999997
0 0.924805 0.11382500000000001 0.02965 0.143825
0 0.249635 0.26305 0.02391 0.12442500000000001
0 0.032775 0.7434000000000001 0.034820000000000004 0.169525
0 0.061165 0.09050000000000001 0.02341 0.12457499999999999