0 0.412841796875 0.2685546875 0.017913818359375 0.1012420654296875
0 0.330322265625 0.1125335693359375 0.0190887451171875 0.0899505615234375
0 0.0615234375 0.052642822265625 0.01971435546875 0.09185791015625
0 0.171142578125 0.246124267578125 0.0197601318359375 0.09490966796875
0 0.275146484375 0.240631103515625 0.019683837890625 0.1004791259765625
0 0.5380859375 0.052032470703125 0.0185089111328125 0.087890625
0 0.7626953125 0.292816162109375 0.0192413330078125 0.0888824462890625
0 0.6181640625 0.28900146484375 0.0196075439453125 0.111236572265625
0 0.96923828125 0.0952911376953125 0.021484375 0.09918212890625
0 0.027801513671875 0.276031494140625 0.0247039794921875 0.118865966796875
0 0.155517578125 0.052032470703125 0.0222015380859375 0.09918212890625
0 0.7216796875 0.286407470703125 0.0214080810546875 0.1123046875
0 0.375732421875 0.20965576171875 0.0225830078125 0.108489990234375
0 0.13525390625 0.281219482421875 0.030731201171875 0.1251983642578125
0 0.5087890625 0.17578125 0.02056884765625 0.11016845703125
0 0.472412109375 0.098419189453125 0.016845703125 0.0989532470703125
0 0.6572265625 0.279083251953125 0.0247955322265625 0.11077880859375
0 0.908203125 0.1605224609375 0.019195556640625 0.09765625
0 0.81005859375 0.15838623046875 0.02069091796875 0.10284423828125
0 0.452880859375 0.281219482421875 0.0262603759765625 0.1251983642578125
0 0.73388671875 0.100860595703125 0.01861572265625 0.08758544921875
0 0.2315673828125 0.116424560546875 0.017578125 0.09185791015625
0 0.9404296875 0.261688232421875 0.0217437744140625 0.0946807861328125
0 0.83740234375 0.216064453125 0.020416259765625 0.098419189453125
0 0.67041015625 0.094146728515625 0.0173797607421875 0.0817108154296875
0 0.34228515625 0.31341552734375 0.020965576171875 0.1058197021484375
0 0.03448486328125 0.753173828125 0.036224365234375 0.170440673828125
0 0.86962890625 0.1446533203125 0.0174407958984375 0.0872039794921875
0 0.5693359375 0.129547119140625 0.0156707763671875 0.0807952880859375
0 0.06770575575513678 0.268001949864083 0.021941680105831366 0.11284292625856125
0 0.24338129118707194 0.2824608775261011 0.022102774071168625 0.10939002950604074