0 0.970215 0.084225 0.0188 0.08994999999999999
0 0.609865 0.22002500000000003 0.019989999999999997 0.107875
0 0.07068 0.106425 0.020370000000000003 0.09385
0 0.668455 0.0808 0.01909 0.087575
0 0.1333 0.12442500000000001 0.018875 0.08927500000000001
0 0.43407999999999997 0.0917 0.02072 0.09805
0 0.31372000000000005 0.2327 0.023605 0.106425
0 0.36938499999999996 0.112925 0.0184 0.082025
0 0.268555 0.07335 0.018234999999999998 0.08927500000000001
0 0.01095 0.20614999999999997 0.02072 0.09217499999999999
0 0.936035 0.07595 0.02069 0.094675
0 0.039335 0.062625 0.017715 0.09505000000000001
0 0.637205 0.055575 0.02092 0.097125
0 0.838865 0.055575 0.01799 0.084925
0 0.733885 0.06434999999999999 0.02101 0.099175
0 0.913085 0.255425 0.023195 0.09452500000000001
0 0.33496 0.074775 0.022675 0.09995
0 0.16247499999999998 0.0687 0.01724 0.088575
0 0.569825 0.0908 0.01724 0.089575
0 0.21289 0.23102499999999998 0.023420000000000003 0.11977499999999999
0 0.74951 0.240625 0.022245 0.111625
0 0.76758 0.112075 0.0188 0.08789999999999999
0 0.84082 0.23147500000000001 0.026705 0.1162
0 0.53467 0.122825 0.019760000000000003 0.09255000000000001
0 0.55908 0.2771 0.027800000000000002 0.08789999999999999
0 0.033385 0.755625 0.032655 0.149075
0 0.174205 0.2577 0.019289999999999998 0.10247500000000001
0 0.25317500000000004 0.28707499999999997 0.022305 0.11904999999999999
0 0.46142500000000003 0.267025 0.02124 0.1191
0 0.421145 0.29710000000000003 0.022245 0.1085
0 0.8696799999999999 0.134875 0.01899 0.09494999999999999