0 0.22802734375 0.095977783203125 0.0227203369140625 0.1114654541015625
0 0.45556640625 0.2838134765625 0.0169830322265625 0.11688232421875
0 0.1414794921875 0.307159423828125 0.0215301513671875 0.102996826171875
0 0.470458984375 0.132293701171875 0.01751708984375 0.0846099853515625
0 0.232666015625 0.31280517578125 0.0253753662109375 0.09857177734375
0 0.5322265625 0.0872039794921875 0.0210113525390625 0.1088714599609375
0 0.037750244140625 0.0586700439453125 0.0207977294921875 0.1003265380859375
0 0.06939697265625 0.127105712890625 0.0186920166015625 0.0868988037109375
0 0.36669921875 0.0768280029296875 0.018646240234375 0.103607177734375
0 0.3271484375 0.28167724609375 0.0219879150390625 0.102081298828125
0 0.33251953125 0.1317596435546875 0.018585205078125 0.0814056396484375
0 0.1761474609375 0.209197998046875 0.0224609375 0.0972747802734375
0 0.6357421875 0.26947021484375 0.0225067138671875 0.107879638671875
0 0.732421875 0.1496124267578125 0.0182647705078125 0.0946807861328125
0 0.56005859375 0.2520751953125 0.02215576171875 0.1082611083984375
0 0.67236328125 0.222625732421875 0.025421142578125 0.130767822265625
0 0.65966796875 0.0934600830078125 0.018768310546875 0.0955963134765625
0 0.84228515625 0.07770538330078125 0.0169219970703125 0.06072998046875
0 0.1304931640625 0.1131439208984375 0.020172119140625 0.1116180419921875
0 0.56689453125 0.105438232421875 0.0174407958984375 0.086517333984375
0 0.7646484375 0.0714111328125 0.0167236328125 0.0722503662109375
0 0.87158203125 0.13153076171875 0.0200653076171875 0.08758544921875
0 0.260009765625 0.05428314208984375 0.0202484130859375 0.0952911376953125
0 0.010097503662109375 0.18310546875 0.02019500732421875 0.1076507568359375
0 0.90869140625 0.186004638671875 0.0194244384765625 0.0899505615234375
0 0.740234375 0.3076171875 0.0225372314453125 0.106048583984375
0 0.96923828125 0.1216888427734375 0.017303466796875 0.0872039794921875
0 0.436279296875 0.097808837890625 0.0213623046875 0.080108642578125
0 0.94189453125 0.1110076904296875 0.01214599609375 0.0925445556640625
0 0.036895751953125 0.7366943359375 0.034759521484375 0.168914794921875
0 0.8378523279366877 0.26879980169427803 0.023199318984402452 0.10930448367651152