0 0.865235 0.27802499999999997 0.02199 0.104225
0 0.024935 0.278625 0.02527 0.12664999999999998
0 0.31958 0.286875 0.023329999999999997 0.107275
0 0.22925 0.1551 0.0184 0.1085
0 0.44067500000000004 0.07335 0.018510000000000002 0.08927500000000001
0 0.6674800000000001 0.254525 0.02655 0.133275
0 0.167845 0.0805 0.02112 0.104825
0 0.031204999999999997 0.127325 0.018690000000000002 0.08994999999999999
0 0.12561 0.287475 0.02199 0.09805
0 0.7148450000000001 0.27297499999999997 0.022295000000000002 0.1104
0 0.96826 0.1435 0.01744 0.0908
0 0.53418 0.2089 0.02199 0.108725
0 0.754885 0.254975 0.023954999999999997 0.1155
0 0.252685 0.0605 0.02246 0.10085000000000001
0 0.439455 0.27405 0.02162 0.12025000000000001
0 0.734865 0.082925 0.02121 0.0962
0 0.06488 0.0582 0.017855 0.095975
0 0.510255 0.18387499999999998 0.019684999999999998 0.0882
0 0.410155 0.18982500000000002 0.02072 0.085525
0 0.36792 0.11445 0.01816 0.07115
0 0.82666 0.27344999999999997 0.02307 0.113375
0 0.93701 0.21239999999999998 0.024095 0.10285
0 0.654785 0.05355000000000001 0.01816 0.107125
0 0.864745 0.063125 0.01927 0.1036
0 0.94043 0.052024999999999995 0.018295000000000002 0.0882
0 0.27294999999999997 0.18309999999999998 0.019684999999999998 0.139
0 0.5405249999999999 0.05184999999999999 0.017915 0.08262499999999999
0 0.62451 0.0956 0.015365 0.11535000000000001
0 0.03186 0.7446250000000001 0.036985 0.19592500000000002
0 0.36255000000000004 0.27497499999999997 0.02284 0.0872
0 0.16466999999999998 0.29465 0.023645 0.09135