0 0.70849609375 0.149383544921875 0.0171051025390625 0.10223388671875
0 0.541015625 0.0981903076171875 0.0174407958984375 0.09307861328125
0 0.5693359375 0.1120758056640625 0.0182952880859375 0.104827880859375
0 0.329833984375 0.133056640625 0.0220794677734375 0.0958251953125
0 0.06396484375 0.24200439453125 0.027435302734375 0.123748779296875
0 0.74169921875 0.093231201171875 0.0177154541015625 0.0829315185546875
0 0.869140625 0.11688232421875 0.018402099609375 0.08392333984375
0 0.063232421875 0.09765625 0.0217742919921875 0.1026153564453125
0 0.64013671875 0.270538330078125 0.023651123046875 0.1010894775390625
0 0.91552734375 0.254974365234375 0.0188751220703125 0.09674072265625
0 0.6298828125 0.1485443115234375 0.01971435546875 0.0988006591796875
0 0.1385498046875 0.218505859375 0.022369384765625 0.1129150390625
0 0.468505859375 0.27099609375 0.024993896484375 0.1166534423828125
0 0.36669921875 0.221405029296875 0.0235595703125 0.106658935546875
0 0.1385498046875 0.05687713623046875 0.0200958251953125 0.092926025390625
0 0.229736328125 0.1123046875 0.02069091796875 0.0980377197265625
0 0.1693115234375 0.1305389404296875 0.018157958984375 0.093231201171875
0 0.242919921875 0.276031494140625 0.0236968994140625 0.1129150390625
0 0.5380859375 0.230560302734375 0.0234222412109375 0.086517333984375
0 0.93408203125 0.1136016845703125 0.015960693359375 0.0911712646484375
0 0.83544921875 0.0804901123046875 0.020294189453125 0.10284423828125
0 0.46533203125 0.106201171875 0.0182342529296875 0.0888824462890625
0 0.360595703125 0.05645751953125 0.017852783203125 0.1126861572265625
0 0.431884765625 0.106658935546875 0.015716552734375 0.0899505615234375
0 0.9697265625 0.0921630859375 0.0214080810546875 0.0846099853515625
0 0.8544921875 0.261688232421875 0.021331787109375 0.10223388671875
0 0.73828125 0.211181640625 0.0242767333984375 0.097503662109375
0 0.275146484375 0.2362060546875 0.0174407958984375 0.1064300537109375
0 0.023773193359375 0.2655029296875 0.0240020751953125 0.1082611083984375
0 0.0341796875 0.7440185546875 0.03594970703125 0.178070068359375
0 0.03460693359375 0.6817626953125 0.01282501220703125 0.05390167236328125
0 0.6582273330655722 0.06017787876339888 0.022715030293790052 0.11357515146895011