0 0.677245 0.219275 0.02121 0.09805
0 0.631835 0.148775 0.01834 0.08522500000000001
0 0.9570299999999999 0.05752500000000001 0.023559999999999998 0.11315
0 0.661135 0.06665 0.018935 0.099325
0 0.73584 0.10545 0.018435 0.087575
0 0.37451 0.23147500000000001 0.022295000000000002 0.111475
0 0.5268550000000001 0.26992499999999997 0.02696 0.13175
0 0.5649400000000001 0.22552499999999998 0.02942 0.141675
0 0.3374 0.31555 0.021775 0.09972500000000001
0 0.15161000000000002 0.24245 0.023100000000000002 0.10742499999999999
0 0.9643550000000001 0.222925 0.025175 0.1104
0 0.92969 0.3122 0.026350000000000002 0.12375
0 0.7509750000000001 0.257725 0.022155 0.10765000000000001
0 0.8657250000000001 0.06385 0.021455 0.10665
0 0.02881 0.134275 0.020370000000000003 0.1011
0 0.42627 0.281225 0.025515 0.116425
0 0.46532999999999997 0.1007 0.019350000000000003 0.0917
0 0.8208 0.29495 0.02072 0.1081
0 0.27075 0.10032500000000001 0.02124 0.104825
0 0.33178500000000005 0.108725 0.01724 0.088875
0 0.43163999999999997 0.092 0.017775 0.09117499999999999
0 0.244385 0.28015 0.02104 0.0956
0 0.8618150000000001 0.24337499999999998 0.02284 0.11512499999999999
0 0.16736 0.1056 0.017775 0.09805
0 0.06085 0.054924999999999995 0.01816 0.09727499999999999
0 0.23901499999999998 0.065125 0.01848 0.07769999999999999
0 0.13244499999999998 0.068175 0.022155 0.111225
0 0.028655 0.27405 0.023649999999999997 0.147925
0 0.52783 0.12442500000000001 0.018690000000000002 0.09255000000000001
0 0.032784999999999995 0.7584000000000001 0.043115 0.19945000000000002
0 0.712565 0.23407499999999998 0.024435 0.1215