0 0.228271484375 0.1593017578125 0.0197601318359375 0.097808837890625
0 0.83984375 0.233154296875 0.0261993408203125 0.1146697998046875
0 0.07574462890625 0.240631103515625 0.0228424072265625 0.1068115234375
0 0.609375 0.1708984375 0.0182952880859375 0.0963592529296875
0 0.271484375 0.184173583984375 0.0191650390625 0.1190948486328125
0 0.11102294921875 0.221710205078125 0.0226287841796875 0.1204681396484375
0 0.86962890625 0.14434814453125 0.019989013671875 0.07770538330078125
0 0.033721923828125 0.1226043701171875 0.0180511474609375 0.0811004638671875
0 0.7275390625 0.115509033203125 0.0225067138671875 0.109100341796875
0 0.93017578125 0.277557373046875 0.029876708984375 0.1438140869140625
0 0.66796875 0.1416778564453125 0.0171051025390625 0.0888824462890625
0 0.55126953125 0.24932861328125 0.0285491943359375 0.1280975341796875
0 0.149169921875 0.238494873046875 0.023193359375 0.1123046875
0 0.74267578125 0.29937744140625 0.0226287841796875 0.1186370849609375
0 0.0384521484375 0.321044921875 0.022674560546875 0.079803466796875
0 0.92919921875 0.1290130615234375 0.02056884765625 0.0934600830078125
0 0.80859375 0.17120361328125 0.01763916015625 0.0958251953125
0 0.9599609375 0.05184173583984375 0.01560211181640625 0.102081298828125
0 0.458984375 0.0516510009765625 0.02044677734375 0.09918212890625
0 0.7734375 0.18768310546875 0.02606201171875 0.1309967041015625
0 0.134033203125 0.0989532470703125 0.01934814453125 0.096893310546875
0 0.42919921875 0.124664306640625 0.0234222412109375 0.1120758056640625
0 0.51611328125 0.2655029296875 0.0191192626953125 0.1166534423828125
0 0.362060546875 0.256805419921875 0.01953125 0.0997161865234375
0 0.6416015625 0.07450103759765625 0.0199432373046875 0.08331298828125
0 0.53076171875 0.0591278076171875 0.018157958984375 0.092926025390625
0 0.033966064453125 0.7464599609375 0.0325927734375 0.16693115234375
0 0.366943359375 0.1050567626953125 0.01898193359375 0.09307861328125
0 0.252685546875 0.05535125732421875 0.01384735107421875 0.11016845703125
0 0.4658203125 0.226287841796875 0.0200653076171875 0.153656005859375
0 0.33251953125 0.0923919677734375 0.020721435546875 0.098419189453125