0 0.36962890625 0.0952911376953125 0.019866943359375 0.1007080078125
0 0.2347412109375 0.06168365478515625 0.0191650390625 0.0972747802734375
0 0.07598876953125 0.21514892578125 0.0235595703125 0.1177978515625
0 0.76904296875 0.0899505615234375 0.01898193359375 0.0923919677734375
0 0.9384765625 0.213165283203125 0.0233306884765625 0.109100341796875
0 0.9677734375 0.086517333984375 0.0216217041015625 0.09857177734375
0 0.708984375 0.16510009765625 0.018341064453125 0.108489990234375
0 0.3408203125 0.061187744140625 0.0212860107421875 0.1010894775390625
0 0.310791015625 0.198516845703125 0.01983642578125 0.093841552734375
0 0.46728515625 0.06534576416015625 0.018157958984375 0.09185791015625
0 0.26953125 0.0852203369140625 0.021575927734375 0.107421875
0 0.63525390625 0.05733489990234375 0.0222930908203125 0.1012420654296875
0 0.1343994140625 0.0489044189453125 0.0199432373046875 0.08758544921875
0 0.5615234375 0.0628662109375 0.0223236083984375 0.1007080078125
0 0.1683349609375 0.1186370849609375 0.018585205078125 0.0911712646484375
0 0.8720703125 0.18798828125 0.02001953125 0.1007080078125
0 0.93896484375 0.0914764404296875 0.01898193359375 0.0872039794921875
0 0.2139892578125 0.25970458984375 0.023193359375 0.107879638671875
0 0.61083984375 0.240631103515625 0.020843505859375 0.10223388671875
0 0.05877685546875 0.0901031494140625 0.0177764892578125 0.0868988037109375
0 0.035491943359375 0.7440185546875 0.0394287109375 0.190582275390625
0 0.1441650390625 0.23193359375 0.026763916015625 0.1226043701171875
0 0.0305633544921875 0.1131439208984375 0.018341064453125 0.0888824462890625
0 0.841796875 0.269012451171875 0.0282745361328125 0.1448822021484375
0 0.529296875 0.0954437255859375 0.0197906494140625 0.1045989990234375
0 0.53125 0.303192138671875 0.0241851806640625 0.1235198974609375
0 0.74072265625 0.269012451171875 0.0225372314453125 0.1221466064453125
0 0.6455078125 0.236663818359375 0.0234222412109375 0.1070404052734375
0 0.8271484375 0.1525115966796875 0.0206451416015625 0.0695037841796875
0 0.4208984375 0.291748046875 0.0216217041015625 0.1070404052734375
0 0.461181640625 0.257720947265625 0.0250396728515625 0.1273345947265625
0 0.02191162109375 0.738525390625 0.01287078857421875 0.067138671875