0 0.2288818359375 0.311126708984375 0.0224609375 0.1055908203125
0 0.10992431640625 0.20233154296875 0.02056884765625 0.114898681640625
0 0.90966796875 0.18768310546875 0.0201416015625 0.0980377197265625
0 0.8203125 0.27252197265625 0.023651123046875 0.12237548828125
0 0.935546875 0.201263427734375 0.0207977294921875 0.1044464111328125
0 0.03662109375 0.27801513671875 0.021331787109375 0.1171112060546875
0 0.3564453125 0.059814453125 0.021087646484375 0.1058197021484375
0 0.515625 0.254058837890625 0.02423095703125 0.123748779296875
0 0.0296478271484375 0.111846923828125 0.0214080810546875 0.1123046875
0 0.72998046875 0.140838623046875 0.01953125 0.09918212890625
0 0.265869140625 0.064849853515625 0.0177154541015625 0.0943756103515625
0 0.2315673828125 0.098419189453125 0.0204925537109375 0.09674072265625
0 0.568669132840829 0.11345540736974101 0.020027389002545547 0.08661506472299836
0 0.411865234375 0.250701904296875 0.0202484130859375 0.1044464111328125
0 0.0604248046875 0.089263916015625 0.016845703125 0.087890625
0 0.4365234375 0.07770538330078125 0.0217742919921875 0.090789794921875
0 0.66943359375 0.085906982421875 0.0211639404296875 0.10345458984375
0 0.145751953125 0.238494873046875 0.024383544921875 0.12542724609375
0 0.64697265625 0.2801513671875 0.0227203369140625 0.10009765625
0 0.47021484375 0.085906982421875 0.01861572265625 0.0899505615234375
0 0.96875 0.10009765625 0.020172119140625 0.0952911376953125
0 0.343994140625 0.260162353515625 0.0206451416015625 0.111846923828125
0 0.8330078125 0.08819580078125 0.01837158203125 0.0926971435546875
0 0.63720703125 0.059814453125 0.018768310546875 0.090789794921875
0 0.329833984375 0.1416778564453125 0.0161590576171875 0.0885772705078125
0 0.759765625 0.057525634765625 0.0187225341796875 0.09063720703125
0 0.861328125 0.28533935546875 0.0212860107421875 0.0934600830078125
0 0.16748046875 0.1190948486328125 0.0197601318359375 0.0888824462890625
0 0.9674280250717999 0.10446229842945044 0.023128144870162234 0.08990604217140102
0 0.7353515625 0.280609130859375 0.0223236083984375 0.1317596435546875
0 0.0343017578125 0.750732421875 0.029876708984375 0.214080810546875
0 0.5583365662003149 0.2632090041174693 0.02477261215223234 0.10480720525944477
0 0.029541015625 0.6781005859375 0.00989532470703125 0.04222869873046875