0 0.459716796875 0.05428314208984375 0.0199432373046875 0.1026153564453125
0 0.216064453125 0.24566650390625 0.023651123046875 0.117340087890625
0 0.86181640625 0.0540924072265625 0.0199127197265625 0.0934600830078125
0 0.96875 0.078582763671875 0.0185394287109375 0.1007080078125
0 0.60888671875 0.148773193359375 0.0189361572265625 0.0988006591796875
0 0.5361328125 0.05451202392578125 0.0207977294921875 0.09857177734375
0 0.8681640625 0.229339599609375 0.0272216796875 0.128326416015625
0 0.6376953125 0.251617431640625 0.0207977294921875 0.1123046875
0 0.771484375 0.1261138916015625 0.02001953125 0.09185791015625
0 0.66943359375 0.103607177734375 0.02044677734375 0.10223388671875
0 0.3603515625 0.0522613525390625 0.0202178955078125 0.09185791015625
0 0.2325439453125 0.11077880859375 0.02069091796875 0.0902557373046875
0 0.26611328125 0.06816864013671875 0.0215301513671875 0.0958251953125
0 0.5400390625 0.22003173828125 0.0226287841796875 0.10955810546875
0 0.1368408203125 0.08392333984375 0.0225372314453125 0.100860595703125
0 0.1513671875 0.267486572265625 0.0190582275390625 0.0923919677734375
0 0.9169921875 0.254974365234375 0.022979736328125 0.1166534423828125
0 0.7099609375 0.173797607421875 0.0191192626953125 0.1058197021484375
0 0.509765625 0.218048095703125 0.019378662109375 0.105438232421875
0 0.0604248046875 0.244293212890625 0.02215576171875 0.09765625
0 0.73828125 0.2685546875 0.02215576171875 0.1171112060546875
0 0.830078125 0.1239776611328125 0.0211639404296875 0.0954437255859375
0 0.0311431884765625 0.0846099853515625 0.0215301513671875 0.113372802734375
0 0.93408203125 0.109710693359375 0.01971435546875 0.0849151611328125
0 0.06585693359375 0.1010894775390625 0.0190887451171875 0.0936126708984375
0 0.3671875 0.269012451171875 0.02447509765625 0.1064300537109375
0 0.327392578125 0.27557373046875 0.02655029296875 0.1184844970703125
0 0.1697998046875 0.1361083984375 0.019500732421875 0.089263916015625
0 0.4296875 0.130767822265625 0.01971435546875 0.0872039794921875
0 0.436279296875 0.277099609375 0.0245208740234375 0.1052093505859375
0 0.0333251953125 0.7537841796875 0.03271484375 0.162353515625