0 0.328857421875 0.05367279052734375 0.023468017578125 0.10345458984375
0 0.265380859375 0.277099609375 0.0217437744140625 0.11077880859375
0 0.1695556640625 0.211181640625 0.0279541015625 0.1403045654296875
0 0.0169830322265625 0.2764892578125 0.02276611328125 0.1024627685546875
0 0.85595703125 0.284881591796875 0.0213623046875 0.1171112060546875
0 0.5341796875 0.079193115234375 0.0218658447265625 0.0962066650390625
0 0.77099609375 0.1010894775390625 0.022369384765625 0.1039886474609375
0 0.470703125 0.0911712646484375 0.01898193359375 0.0868988037109375
0 0.446044921875 0.280609130859375 0.0236968994140625 0.087890625
0 0.94091796875 0.22216796875 0.0205230712890625 0.1261138916015625
0 0.71044921875 0.216827392578125 0.01971435546875 0.086212158203125
0 0.1279296875 0.14434814453125 0.0184783935546875 0.1093292236328125
0 0.9365234375 0.0923919677734375 0.017181396484375 0.090789794921875
0 0.363525390625 0.06923675537109375 0.0217742919921875 0.115966796875
0 0.64208984375 0.0888824462890625 0.0211181640625 0.060272216796875
0 0.2646484375 0.055999755859375 0.01934814453125 0.0997161865234375
0 0.5556640625 0.25726318359375 0.022796630859375 0.10223388671875
0 0.9091796875 0.178680419921875 0.0208892822265625 0.117340087890625
0 0.81494140625 0.235443115234375 0.0258026123046875 0.11932373046875
0 0.56884765625 0.1126861572265625 0.01812744140625 0.0901031494140625
0 0.86669921875 0.06664276123046875 0.018585205078125 0.090484619140625
0 0.611328125 0.207672119140625 0.0164642333984375 0.0909423828125
0 0.638671875 0.244293212890625 0.0216217041015625 0.06435394287109375
0 0.73876953125 0.060272216796875 0.0191192626953125 0.0768280029296875
0 0.410888671875 0.203094482421875 0.0237274169921875 0.0988006591796875
0 0.134033203125 0.2740478515625 0.01837158203125 0.133056640625
0 0.230712890625 0.093994140625 0.0199127197265625 0.116424560546875
0 0.05706787109375 0.249786376953125 0.0244293212890625 0.1123046875
0 0.06805419921875 0.07625579833984375 0.019989013671875 0.1044464111328125
0 0.312255859375 0.255889892578125 0.0203399658203125 0.1209259033203125
0 0.036285400390625 0.762939453125 0.038177490234375 0.1898193359375