0 0.73388671875 0.130767822265625 0.0161590576171875 0.0804901123046875
0 0.77685546875 0.242462158203125 0.0193023681640625 0.0852203369140625
0 0.81396484375 0.263519287109375 0.0232391357421875 0.1024627685546875
0 0.87060546875 0.0936126708984375 0.020965576171875 0.10223388671875
0 0.5654296875 0.06511688232421875 0.0190582275390625 0.0954437255859375
0 0.478515625 0.193023681640625 0.0191192626953125 0.0981903076171875
0 0.432373046875 0.1557159423828125 0.01751708984375 0.089263916015625
0 0.95751953125 0.05580902099609375 0.01666259765625 0.0921630859375
0 0.92919921875 0.1190948486328125 0.0196075439453125 0.099945068359375
0 0.7470703125 0.2838134765625 0.0239105224609375 0.0952911376953125
0 0.0616455078125 0.06511688232421875 0.0189361572265625 0.093841552734375
0 0.367919921875 0.0945281982421875 0.020294189453125 0.1004791259765625
0 0.457763671875 0.06435394287109375 0.017913818359375 0.086517333984375
0 0.0390625 0.282745361328125 0.0220794677734375 0.1038360595703125
0 0.1678466796875 0.1221466064453125 0.0189056396484375 0.090789794921875
0 0.10858154296875 0.17578125 0.018585205078125 0.114898681640625
0 0.67138671875 0.1290130615234375 0.017242431640625 0.07770538330078125
0 0.308349609375 0.1502227783203125 0.01751708984375 0.0981903076171875
0 0.9755859375 0.227203369140625 0.01983642578125 0.09307861328125
0 0.3388671875 0.25726318359375 0.0218658447265625 0.104827880859375
0 0.642578125 0.26123046875 0.0253753662109375 0.07801055908203125
0 0.5517578125 0.23895263671875 0.0263519287109375 0.118865966796875
0 0.03167724609375 0.142974853515625 0.0174407958984375 0.0849151611328125
0 0.8525390625 0.259246826171875 0.0222930908203125 0.0954437255859375
0 0.139892578125 0.21881103515625 0.020965576171875 0.1131439208984375
0 0.61083984375 0.2276611328125 0.019866943359375 0.06511688232421875
0 0.0342607542761655 0.7479460440571342 0.02509238341352966 0.20749470899649525
0 0.23715821668674295 0.27546212110006574 0.025101282041071073 0.11735664330890376
0 0.22835646843857516 0.10187208620564564 0.015321561765329079 0.1059469696538714
0 0.2586832384358114 0.08872882717987085 0.020008648276803057 0.10123423235287284
0 0.5147462967401368 0.2655909860551839 0.020961441051888983 0.12148107882344739