0 0.6630859375 0.0925445556640625 0.018768310546875 0.0925445556640625
0 0.16259765625 0.0582122802734375 0.0222930908203125 0.1018524169921875
0 0.07318115234375 0.227203369140625 0.0220794677734375 0.1142120361328125
0 0.55224609375 0.05428314208984375 0.020416259765625 0.0888824462890625
0 0.62841796875 0.085906982421875 0.0211181640625 0.1024627685546875
0 0.270263671875 0.0980377197265625 0.0216217041015625 0.09857177734375
0 0.92919921875 0.1087188720703125 0.0199432373046875 0.1024627685546875
0 0.52880859375 0.1519012451171875 0.0177154541015625 0.0868988037109375
0 0.33154296875 0.1157379150390625 0.019866943359375 0.0952911376953125
0 0.5380859375 0.279083251953125 0.026702880859375 0.14007568359375
0 0.1312255859375 0.1050567626953125 0.0223236083984375 0.103607177734375
0 0.7421875 0.07167816162109375 0.020599365234375 0.1024627685546875
0 0.0261077880859375 0.1268768310546875 0.0264129638671875 0.12664794921875
0 0.8671875 0.109710693359375 0.018585205078125 0.089263916015625
0 0.818359375 0.266571044921875 0.0217437744140625 0.1184844970703125
0 0.372802734375 0.258331298828125 0.0190582275390625 0.09765625
0 0.83349609375 0.089569091796875 0.0185394287109375 0.091705322265625
0 0.7685546875 0.15106201171875 0.0177154541015625 0.089569091796875
0 0.1502685546875 0.24749755859375 0.029876708984375 0.1313018798828125
0 0.463134765625 0.09674072265625 0.017242431640625 0.09307861328125
0 0.3388671875 0.284881591796875 0.0222930908203125 0.1125335693359375
0 0.4326171875 0.1114654541015625 0.0169830322265625 0.0768280029296875
0 0.2379150390625 0.098419189453125 0.017303466796875 0.093231201171875
0 0.62158203125 0.2740478515625 0.0265045166015625 0.133056640625
0 0.041534423828125 0.262603759765625 0.024749755859375 0.1361083984375
0 0.97216796875 0.249786376953125 0.0196380615234375 0.1087188720703125
0 0.93505859375 0.27496337890625 0.0240478515625 0.107879638671875
0 0.243408203125 0.2349853515625 0.0236968994140625 0.1129150390625
0 0.73583984375 0.23193359375 0.021453857421875 0.0807952880859375
0 0.433837890625 0.32501220703125 0.023193359375 0.07335662841796875
0 0.03424072265625 0.7501220703125 0.03326416015625 0.162353515625