0 0.73095703125 0.0739288330078125 0.0237274169921875 0.1088714599609375
0 0.6376953125 0.2740478515625 0.0287628173828125 0.1403045654296875
0 0.52392578125 0.27099609375 0.0272216796875 0.127105712890625
0 0.9140625 0.235443115234375 0.02203369140625 0.1099395751953125
0 0.0160980224609375 0.244293212890625 0.0232391357421875 0.1103973388671875
0 0.953125 0.294952392578125 0.0199432373046875 0.109100341796875
0 0.82080078125 0.284271240234375 0.0192413330078125 0.1305389404296875
0 0.65625 0.0989532470703125 0.0196380615234375 0.095977783203125
0 0.96923828125 0.0852203369140625 0.0197601318359375 0.106658935546875
0 0.52880859375 0.0852203369140625 0.0190582275390625 0.0980377197265625
0 0.353759765625 0.052642822265625 0.0207977294921875 0.09185791015625
0 0.1551513671875 0.282745361328125 0.0208892822265625 0.116424560546875
0 0.45703125 0.05664825439453125 0.0218658447265625 0.107269287109375
0 0.56494140625 0.27557373046875 0.02484130859375 0.104827880859375
0 0.058135986328125 0.286407470703125 0.021820068359375 0.1103973388671875
0 0.67333984375 0.20233154296875 0.0239105224609375 0.1280975341796875
0 0.06756591796875 0.0765228271484375 0.0205230712890625 0.10345458984375
0 0.342529296875 0.2679443359375 0.0252685546875 0.119781494140625
0 0.281494140625 0.214385986328125 0.0196075439453125 0.101470947265625
0 0.232666015625 0.157470703125 0.0169219970703125 0.086212158203125
0 0.26025390625 0.06870269775390625 0.015838623046875 0.079803466796875
0 0.4296875 0.1384735107421875 0.0213623046875 0.0963592529296875
0 0.47265625 0.20660400390625 0.0231475830078125 0.0925445556640625
0 0.869140625 0.08392333984375 0.017303466796875 0.0846099853515625
0 0.373779296875 0.227203369140625 0.0222930908203125 0.079803466796875
0 0.0343017578125 0.7489013671875 0.038116455078125 0.203399658203125
0 0.833984375 0.12237548828125 0.0196380615234375 0.0902557373046875
0 0.1163330078125 0.279693603515625 0.0180206298828125 0.108489990234375
0 0.7138671875 0.239410400390625 0.0207672119140625 0.1045989990234375
0 0.17041015625 0.103607177734375 0.018829345703125 0.09490966796875
0 0.75634765625 0.284271240234375 0.0200653076171875 0.0972747802734375