0 0.36647201113055694 0.10812907948500403 0.018843121116305296 0.09128867654813305
0 0.36516192394630376 0.28014546839816457 0.022697505119170108 0.10298502859320409
0 0.3225938286340898 0.28417532722925054 0.021438319294320413 0.12546648421337392
0 0.45842884334272804 0.08723645243975721 0.01915374336547364 0.11456670693689192
0 0.2294921875 0.1012420654296875 0.0199432373046875 0.0962066650390625
0 0.260009765625 0.092926025390625 0.018157958984375 0.0997161865234375
0 0.42529296875 0.0955963134765625 0.022247314453125 0.1123046875
0 0.1611328125 0.05950927734375 0.021820068359375 0.1190185546875
0 0.271728515625 0.226287841796875 0.025177001953125 0.115966796875
0 0.865234375 0.2276611328125 0.026702880859375 0.0955963134765625
0 0.1201171875 0.296630859375 0.02685546875 0.113372802734375
0 0.82470703125 0.0963592529296875 0.0258026123046875 0.124969482421875
0 0.630859375 0.1263427734375 0.0191192626953125 0.0955963134765625
0 0.03912353515625 0.04947662353515625 0.01763916015625 0.0807952880859375
0 0.1273193359375 0.07419586181640625 0.021331787109375 0.1003265380859375
0 0.73486328125 0.2655029296875 0.0233306884765625 0.1332855224609375
0 0.4267578125 0.279083251953125 0.0269622802734375 0.12542724609375
0 0.625 0.2764892578125 0.0244293212890625 0.123291015625
0 0.009746551513671875 0.149383544921875 0.01949310302734375 0.0972747802734375
0 0.54443359375 0.30426025390625 0.022796630859375 0.10955810546875
0 0.57666015625 0.18951416015625 0.021240234375 0.1007080078125
0 0.7568359375 0.0577545166015625 0.0224151611328125 0.0997161865234375
0 0.962890625 0.2838134765625 0.0206451416015625 0.1012420654296875
0 0.66650390625 0.062408447265625 0.0197906494140625 0.10009765625
0 0.931640625 0.085906982421875 0.018341064453125 0.097503662109375
0 0.77197265625 0.240631103515625 0.022674560546875 0.1153564453125
0 0.92236328125 0.2685546875 0.025421142578125 0.1200103759765625
0 0.8291015625 0.31219482421875 0.0258026123046875 0.1151275634765625
0 0.5576171875 0.06313323974609375 0.019866943359375 0.0914764404296875
0 0.038238525390625 0.25299072265625 0.018798828125 0.09765625
0 0.0345458984375 0.73974609375 0.0278472900390625 0.1800537109375