0 0.6376953125 0.0689697265625 0.020965576171875 0.0923919677734375
0 0.460205078125 0.07450103759765625 0.0154266357421875 0.0771331787109375
0 0.85986328125 0.0450897216796875 0.0203399658203125 0.0899505615234375
0 0.82763671875 0.124664306640625 0.0196380615234375 0.1088714599609375
0 0.970703125 0.099945068359375 0.017852783203125 0.08758544921875
0 0.1678466796875 0.1105499267578125 0.0192718505859375 0.0901031494140625
0 0.7412109375 0.2301025390625 0.0251312255859375 0.109710693359375
0 0.564453125 0.280609130859375 0.02215576171875 0.1045989990234375
0 0.6474609375 0.254974365234375 0.0231475830078125 0.11077880859375
0 0.7109375 0.212860107421875 0.0200653076171875 0.0972747802734375
0 0.310546875 0.201568603515625 0.017242431640625 0.0855255126953125
0 0.90966796875 0.1763916015625 0.0208892822265625 0.1076507568359375
0 0.94091796875 0.093994140625 0.019012451171875 0.0823211669921875
0 0.338623046875 0.24658203125 0.0232391357421875 0.1105499267578125
0 0.449462890625 0.3076171875 0.0201416015625 0.092926025390625
0 0.2188720703125 0.288543701171875 0.0215301513671875 0.1055908203125
0 0.342041015625 0.079498291015625 0.01763916015625 0.06816864013671875
0 0.264892578125 0.0582122802734375 0.0177154541015625 0.09674072265625
0 0.48046875 0.208892822265625 0.0194244384765625 0.093841552734375
0 0.034698486328125 0.0958251953125 0.01812744140625 0.0952911376953125
0 0.73779296875 0.0516510009765625 0.01837158203125 0.0888824462890625
0 0.2587890625 0.247039794921875 0.02886962890625 0.109100341796875
0 0.132568359375 0.06168365478515625 0.0194244384765625 0.089569091796875
0 0.61181640625 0.2484130859375 0.0190582275390625 0.097503662109375
0 0.009857177734375 0.198974609375 0.0196380615234375 0.1082611083984375
0 0.53125 0.0934600830078125 0.020599365234375 0.1052093505859375
0 0.56494140625 0.0579833984375 0.0186920166015625 0.093841552734375
0 0.150634765625 0.245208740234375 0.0234222412109375 0.1325225830078125
0 0.045684814453125 0.24017333984375 0.0293121337890625 0.1280975341796875
0 0.032470703125 0.743408203125 0.038330078125 0.19195556640625
0 0.865234375 0.23193359375 0.0261993408203125 0.128326416015625