0 0.21533203125 0.241546630859375 0.026702880859375 0.1221466064453125
0 0.669921875 0.107879638671875 0.0154876708984375 0.09857177734375
0 0.83837890625 0.0595855712890625 0.01812744140625 0.0909423828125
0 0.3671875 0.0684356689453125 0.0217437744140625 0.0934600830078125
0 0.84228515625 0.27252197265625 0.022674560546875 0.09307861328125
0 0.52734375 0.142974853515625 0.0205230712890625 0.0811004638671875
0 0.927734375 0.113372802734375 0.0224151611328125 0.089263916015625
0 0.47509765625 0.2545166015625 0.0215301513671875 0.1012420654296875
0 0.64111328125 0.1004791259765625 0.018341064453125 0.0988006591796875
0 0.74462890625 0.298309326171875 0.020416259765625 0.0989532470703125
0 0.029083251953125 0.135345458984375 0.0245208740234375 0.1230621337890625
0 0.771484375 0.11077880859375 0.017852783203125 0.086212158203125
0 0.87060546875 0.099945068359375 0.021453857421875 0.11077880859375
0 0.7373046875 0.0934600830078125 0.0147857666015625 0.1052093505859375
0 0.64013671875 0.243377685546875 0.0235137939453125 0.124664306640625
0 0.943359375 0.296630859375 0.0237274169921875 0.114898681640625
0 0.26611328125 0.06072998046875 0.021087646484375 0.101470947265625
0 0.13916015625 0.07595062255859375 0.01837158203125 0.097808837890625
0 0.432373046875 0.14434814453125 0.0165863037109375 0.086517333984375
0 0.5517578125 0.05580902099609375 0.0210113525390625 0.1055908203125
0 0.058013916015625 0.0437164306640625 0.0224151611328125 0.0768280029296875
0 0.0305633544921875 0.283203125 0.03277587890625 0.1186370849609375
0 0.1688232421875 0.13763427734375 0.014556884765625 0.092926025390625
0 0.310791015625 0.239410400390625 0.0217742919921875 0.1099395751953125
0 0.97265625 0.198516845703125 0.0285491943359375 0.1424407958984375
0 0.0345458984375 0.755615234375 0.034423828125 0.177001953125
0 0.232177734375 0.1103973388671875 0.0203399658203125 0.0971221923828125
0 0.46533203125 0.07770538330078125 0.019866943359375 0.1110076904296875
0 0.34423828125 0.238037109375 0.0290374755859375 0.1273345947265625
0 0.53662109375 0.26214599609375 0.02880859375 0.1355743408203125
0 0.1463623046875 0.2606201171875 0.020965576171875 0.1125335693359375