0 0.63525390625 0.06336212158203125 0.02215576171875 0.1055908203125
0 0.9404296875 0.3167724609375 0.0160980224609375 0.0868988037109375
0 0.4501953125 0.272064208984375 0.0222930908203125 0.1126861572265625
0 0.77099609375 0.26123046875 0.0241851806640625 0.107269287109375
0 0.412353515625 0.250701904296875 0.019866943359375 0.09674072265625
0 0.37060546875 0.1153564453125 0.021240234375 0.104217529296875
0 0.309326171875 0.154571533203125 0.01837158203125 0.0902557373046875
0 0.126220703125 0.302581787109375 0.0231475830078125 0.1171112060546875
0 0.27001953125 0.0909423828125 0.02001953125 0.093231201171875
0 0.75830078125 0.052642822265625 0.022247314453125 0.1003265380859375
0 0.5205078125 0.286407470703125 0.023773193359375 0.1361083984375
0 0.93359375 0.1184844970703125 0.01934814453125 0.087890625
0 0.611328125 0.243377685546875 0.020599365234375 0.106048583984375
0 0.82568359375 0.0783538818359375 0.0260009765625 0.1290130615234375
0 0.038604736328125 0.0902557373046875 0.0185394287109375 0.084228515625
0 0.66845703125 0.07625579833984375 0.0193023681640625 0.0945281982421875
0 0.23974609375 0.062408447265625 0.0196075439453125 0.09918212890625
0 0.240478515625 0.257720947265625 0.021209716796875 0.1007080078125
0 0.85693359375 0.245208740234375 0.0299835205078125 0.1275634765625
0 0.56787109375 0.11383056640625 0.01861572265625 0.093841552734375
0 0.06756591796875 0.0811004638671875 0.02056884765625 0.0899505615234375
0 0.97900390625 0.232696533203125 0.0191650390625 0.09490966796875
0 0.5634765625 0.27252197265625 0.0225830078125 0.10345458984375
0 0.81982421875 0.29327392578125 0.023468017578125 0.1204681396484375
0 0.1602783203125 0.0551605224609375 0.0246124267578125 0.11077880859375
0 0.72998046875 0.09307861328125 0.0203399658203125 0.1099395751953125
0 0.03955078125 0.220947265625 0.0244293212890625 0.1285552978515625
0 0.436767578125 0.086212158203125 0.02044677734375 0.1024627685546875
0 0.34228515625 0.0997161865234375 0.0190887451171875 0.095977783203125
0 0.1630859375 0.238494873046875 0.0289764404296875 0.125885009765625
0 0.038330078125 0.7470703125 0.03839111328125 0.211639404296875