0 0.02005364241608477 0.3055793130070063 0.02024462948671416 0.10313301813986467
0 0.8408203125 0.261688232421875 0.0225067138671875 0.1050567626953125
0 0.035491943359375 0.1093292236328125 0.0203399658203125 0.0888824462890625
0 0.1124267578125 0.23101806640625 0.026458740234375 0.135345458984375
0 0.970703125 0.2520751953125 0.0202178955078125 0.1070404052734375
0 0.65625 0.05558013916015625 0.023284912109375 0.1081085205078125
0 0.75390625 0.2838134765625 0.0218658447265625 0.106048583984375
0 0.26416015625 0.06561279296875 0.0197601318359375 0.08819580078125
0 0.44580078125 0.29449462890625 0.0205230712890625 0.093231201171875
0 0.438232421875 0.0817108154296875 0.018157958984375 0.093994140625
0 0.9658203125 0.0714111328125 0.020294189453125 0.0909423828125
0 0.1314697265625 0.055999755859375 0.019683837890625 0.0909423828125
0 0.272705078125 0.241546630859375 0.0207672119140625 0.1076507568359375
0 0.9306640625 0.31982421875 0.019683837890625 0.09918212890625
0 0.2340087890625 0.3179931640625 0.021240234375 0.1032257080078125
0 0.732421875 0.06313323974609375 0.019989013671875 0.0934600830078125
0 0.5302734375 0.1416778564453125 0.018646240234375 0.0925445556640625
0 0.33642578125 0.0579833984375 0.021087646484375 0.09857177734375
0 0.308837890625 0.17669677734375 0.0197601318359375 0.0946807861328125
0 0.80859375 0.1593017578125 0.018157958984375 0.0965118408203125
0 0.5419921875 0.2606201171875 0.0268096923828125 0.118865966796875
0 0.152099609375 0.28167724609375 0.021942138671875 0.1177978515625
0 0.8681640625 0.095062255859375 0.0213623046875 0.1003265380859375
0 0.63623046875 0.262603759765625 0.024932861328125 0.1384735107421875
0 0.343505859375 0.27252197265625 0.0215301513671875 0.106048583984375
0 0.410888671875 0.218048095703125 0.0233306884765625 0.07770538330078125
0 0.712890625 0.2288818359375 0.02215576171875 0.1202392578125
0 0.0701904296875 0.09490966796875 0.0197906494140625 0.06435394287109375
0 0.6279296875 0.1392364501953125 0.0137939453125 0.113372802734375
0 0.57177734375 0.18951416015625 0.016021728515625 0.1235198974609375
0 0.0364990234375 0.7525634765625 0.032470703125 0.19195556640625