0 0.032415853523783296 0.7503316683299233 0.02898358668008851 0.1735201570978984
0 0.5611254700523892 0.05354496897487742 0.023998468022475208 0.0993484966521821
0 0.9705563363027673 0.14357155829642124 0.016695030555691843 0.0851708042377453
0 0.759765625 0.085906982421875 0.01983642578125 0.0971221923828125
0 0.87451171875 0.20263671875 0.0240478515625 0.1180267333984375
0 0.66064453125 0.06072998046875 0.0234222412109375 0.1039886474609375
0 0.6650390625 0.21881103515625 0.025665283203125 0.115966796875
0 0.36083984375 0.04779815673828125 0.0193023681640625 0.0921630859375
0 0.82958984375 0.104827880859375 0.0214080810546875 0.087890625
0 0.409912109375 0.183868408203125 0.020599365234375 0.0829315185546875
0 0.728515625 0.27496337890625 0.0279083251953125 0.123748779296875
0 0.180419921875 0.211639404296875 0.0194549560546875 0.1010894775390625
0 0.235595703125 0.08331298828125 0.0171051025390625 0.085906982421875
0 0.327880859375 0.29937744140625 0.0265045166015625 0.1099395751953125
0 0.06854248046875 0.11444091796875 0.01812744140625 0.08758544921875
0 0.62939453125 0.1195526123046875 0.0164031982421875 0.1088714599609375
0 0.85693359375 0.0925445556640625 0.0163421630859375 0.079193115234375
0 0.1563720703125 0.09490966796875 0.01490020751953125 0.070037841796875
0 0.150634765625 0.283203125 0.0201416015625 0.0852203369140625
0 0.04351806640625 0.238037109375 0.0254669189453125 0.1244354248046875
0 0.32763671875 0.0849151611328125 0.0262603759765625 0.0936126708984375
0 0.26953125 0.0945281982421875 0.018402099609375 0.1039886474609375
0 0.467529296875 0.08819580078125 0.0194244384765625 0.0901031494140625
0 0.72607421875 0.0913238525390625 0.0171051025390625 0.1277923583984375
0 0.009273529052734375 0.183563232421875 0.01854705810546875 0.099945068359375
0 0.56884765625 0.266571044921875 0.022796630859375 0.0989532470703125
0 0.2152099609375 0.27801513671875 0.023651123046875 0.096893310546875
0 0.43896484375 0.05306243896484375 0.01953125 0.086212158203125
0 0.94091796875 0.2362060546875 0.0229339599609375 0.078582763671875
0 0.91015625 0.17974853515625 0.020294189453125 0.0936126708984375
0 0.5283203125 0.08758544921875 0.021087646484375 0.08819580078125