0 0.136725666430269 0.075941287465237 0.021983637253489147 0.10488550461797413
0 0.06587671271162002 0.2651407167652723 0.025913730944579386 0.10105169720241966
0 0.2314453125 0.1235198974609375 0.018768310546875 0.0989532470703125
0 0.87109375 0.0989532470703125 0.02069091796875 0.1016998291015625
0 0.77197265625 0.11444091796875 0.0221099853515625 0.0923919677734375
0 0.41650390625 0.2520751953125 0.0263519287109375 0.13031005859375
0 0.14599609375 0.247039794921875 0.0215301513671875 0.09765625
0 0.55029296875 0.2606201171875 0.024383544921875 0.09674072265625
0 0.966796875 0.06534576416015625 0.0200958251953125 0.09185791015625
0 0.95703125 0.2484130859375 0.025421142578125 0.1186370849609375
0 0.458984375 0.279083251953125 0.0230712890625 0.11016845703125
0 0.034088134765625 0.0989532470703125 0.018829345703125 0.089569091796875
0 0.42822265625 0.0689697265625 0.0186920166015625 0.11383056640625
0 0.33349609375 0.107879638671875 0.018341064453125 0.0911712646484375
0 0.51220703125 0.257720947265625 0.01953125 0.09765625
0 0.5703125 0.09063720703125 0.0197601318359375 0.0989532470703125
0 0.276123046875 0.239410400390625 0.0189056396484375 0.089263916015625
0 0.1121826171875 0.23712158203125 0.0201416015625 0.1018524169921875
0 0.66552734375 0.0689697265625 0.0216217041015625 0.1050567626953125
0 0.06634521484375 0.105438232421875 0.0171051025390625 0.0855255126953125
0 0.83544921875 0.070037841796875 0.017181396484375 0.0914764404296875
0 0.23779296875 0.321044921875 0.02056884765625 0.0852203369140625
0 0.36767578125 0.07595062255859375 0.020965576171875 0.1076507568359375
0 0.314697265625 0.232696533203125 0.023773193359375 0.107879638671875
0 0.61572265625 0.23712158203125 0.0230255126953125 0.10955810546875
0 0.74853515625 0.2740478515625 0.0211181640625 0.1064300537109375
0 0.91796875 0.28167724609375 0.0233306884765625 0.113983154296875
0 0.658203125 0.279083251953125 0.0242767333984375 0.10284423828125
0 0.81201171875 0.24749755859375 0.02203369140625 0.1099395751953125
0 0.7373046875 0.11383056640625 0.01898193359375 0.0783538818359375
0 0.033538818359375 0.74951171875 0.03302001953125 0.1528167724609375