0 0.7299800000000001 0.092 0.019379999999999998 0.09415
0 0.473875 0.24337499999999998 0.020524999999999998 0.10679999999999999
0 0.9648450000000001 0.07087500000000001 0.02246 0.098425
0 0.7299800000000001 0.28059999999999996 0.024274999999999998 0.12215
0 0.070555 0.099175 0.022155 0.106425
0 0.5625 0.278625 0.02199 0.128325
0 0.16589500000000001 0.2217 0.02942 0.132525
0 0.944825 0.237575 0.026199999999999998 0.111625
0 0.12963999999999998 0.2797 0.028975 0.11445
0 0.868165 0.20920000000000002 0.027434999999999998 0.1313
0 0.6095750000000001 0.1891 0.020325 0.10035
0 0.158325 0.0872 0.01578 0.10085000000000001
0 0.21008500000000002 0.19592500000000002 0.019684999999999998 0.10085000000000001
0 0.368165 0.108725 0.020065000000000003 0.09095
0 0.911135 0.2475 0.02141 0.1155
0 0.441405 0.272075 0.022505 0.128325
0 0.314695 0.2559 0.01634 0.107875
0 0.8554700000000001 0.0969 0.022324999999999998 0.0789
0 0.43017500000000003 0.108875 0.016845 0.099325
0 0.6396499999999999 0.10345 0.01584 0.09880000000000001
0 0.35962 0.26305 0.022795000000000003 0.1091
0 0.533205 0.0978 0.018645 0.09880000000000001
0 0.672365 0.1085 0.018935 0.0745
0 0.7631849999999999 0.092 0.01764 0.09362500000000001
0 0.036345 0.07835 0.0159 0.104825
0 0.047515 0.284875 0.019164999999999998 0.1052
0 0.23828 0.21850000000000003 0.02124 0.095825
0 0.83496 0.25925 0.016280000000000003 0.134575
0 0.27051 0.10460000000000001 0.02101 0.093225
0 0.52344 0.299825 0.02104 0.097125
0 0.033385 0.7495 0.027010000000000003 0.1674