0 0.445190133791621 0.3105209441732306 0.020481168658234367 0.09690015279164645
0 0.36315342010473345 0.22974479489012617 0.021408037705670836 0.14968221485265798
0 0.32590691547860695 0.07701672101430361 0.022452332227898695 0.11052117026911368
0 0.2408839364605565 0.27108145306164505 0.022974479489012593 0.11052117026911368
0 0.034966010849641654 0.7665625455498364 0.04437993684762209 0.16810582139250785
0 0.16064453125 0.057525634765625 0.019561767578125 0.102996826171875
0 0.324462890625 0.301055908203125 0.0224609375 0.137939453125
0 0.1383056640625 0.3076171875 0.020416259765625 0.1200103759765625
0 0.260009765625 0.061187744140625 0.0184326171875 0.106048583984375
0 0.17236328125 0.219268798828125 0.02423095703125 0.1039886474609375
0 0.4580078125 0.052032470703125 0.0169830322265625 0.0807952880859375
0 0.476806640625 0.19775390625 0.0238189697265625 0.104217529296875
0 0.7333984375 0.1195526123046875 0.01898193359375 0.0811004638671875
0 0.273681640625 0.237579345703125 0.018798828125 0.102081298828125
0 0.037384033203125 0.08392333984375 0.0161590576171875 0.07167816162109375
0 0.61083984375 0.216827392578125 0.0217437744140625 0.1116180419921875
0 0.93994140625 0.10223388671875 0.01861572265625 0.0817108154296875
0 0.64990234375 0.287933349609375 0.0212860107421875 0.1004791259765625
0 0.76171875 0.1018524169921875 0.015960693359375 0.0750732421875
0 0.77685546875 0.242919921875 0.02069091796875 0.0946807861328125
0 0.6708984375 0.0926971435546875 0.0185394287109375 0.0899505615234375
0 0.50927734375 0.17303466796875 0.0196380615234375 0.086517333984375
0 0.97119140625 0.09765625 0.0182952880859375 0.0823211669921875
0 0.537109375 0.24566650390625 0.0199432373046875 0.07030487060546875
0 0.8271484375 0.264129638671875 0.0279083251953125 0.13458251953125
0 0.86083984375 0.0888824462890625 0.0164642333984375 0.10284423828125
0 0.04803466796875 0.284881591796875 0.0191192626953125 0.09063720703125
0 0.56982421875 0.15655517578125 0.0161590576171875 0.06610870361328125
0 0.82666015625 0.0943756103515625 0.0192718505859375 0.093231201171875
0 0.0115509033203125 0.233612060546875 0.021942138671875 0.0997161865234375
0 0.90966796875 0.181732177734375 0.0210418701171875 0.09857177734375