0 0.56927030208172 0.2078707625380254 0.025320389319690106 0.11209162273230078
0 0.7586923183337949 0.0953407456581859 0.022001710536504446 0.1100085526825222
0 0.8184636319579651 0.3006900439988941 0.020534929834070795 0.10634160092643814
0 0.9521484375 0.29327392578125 0.021484375 0.102996826171875
0 0.93505859375 0.07564544677734375 0.021484375 0.1026153564453125
0 0.83447265625 0.0921630859375 0.021331787109375 0.1039886474609375
0 0.76611328125 0.222625732421875 0.02386474609375 0.1103973388671875
0 0.216064453125 0.24200439453125 0.02386474609375 0.11077880859375
0 0.1292724609375 0.11444091796875 0.021240234375 0.10009765625
0 0.8583984375 0.279693603515625 0.0232391357421875 0.1116180419921875
0 0.7255859375 0.0952911376953125 0.0266571044921875 0.1293182373046875
0 0.258056640625 0.287933349609375 0.0231475830078125 0.106201171875
0 0.040252685546875 0.27862548828125 0.0219879150390625 0.1116180419921875
0 0.336669921875 0.05733489990234375 0.0193023681640625 0.087890625
0 0.666015625 0.07770538330078125 0.0192413330078125 0.10284423828125
0 0.40966796875 0.168304443359375 0.0215301513671875 0.11077880859375
0 0.05975341796875 0.05889892578125 0.0200653076171875 0.095062255859375
0 0.1739501953125 0.20965576171875 0.02288818359375 0.0936126708984375
0 0.344970703125 0.279083251953125 0.023284912109375 0.1052093505859375
0 0.158447265625 0.09185791015625 0.02001953125 0.1003265380859375
0 0.9697265625 0.0846099853515625 0.0193023681640625 0.0988006591796875
0 0.4697265625 0.1277923583984375 0.0181884765625 0.0846099853515625
0 0.5380859375 0.303802490234375 0.0282135009765625 0.137939453125
0 0.2313232421875 0.0771331787109375 0.020416259765625 0.106048583984375
0 0.31005859375 0.190582275390625 0.0234222412109375 0.101470947265625
0 0.52490234375 0.1024627685546875 0.0240478515625 0.1018524169921875
0 0.07366943359375 0.2447509765625 0.0191192626953125 0.107421875
0 0.43896484375 0.21759033203125 0.02276611328125 0.0997161865234375
0 0.67333984375 0.24749755859375 0.021575927734375 0.0836181640625
0 0.034759521484375 0.745849609375 0.04010009765625 0.183563232421875
0 0.63330078125 0.308837890625 0.0185394287109375 0.072784423828125