0 0.0511696937397841 0.26482682044288625 0.02578997504086363 0.11446199049514762
0 0.60986328125 0.2008056640625 0.018341064453125 0.09918212890625
0 0.132568359375 0.15869140625 0.01678466796875 0.0836181640625
0 0.6376953125 0.07114410400390625 0.0194549560546875 0.092926025390625
0 0.330810546875 0.111236572265625 0.0200958251953125 0.09857177734375
0 0.239013671875 0.264129638671875 0.02337646484375 0.115509033203125
0 0.96875 0.26123046875 0.019989013671875 0.094146728515625
0 0.03582763671875 0.1052093505859375 0.01898193359375 0.0829315185546875
0 0.4248046875 0.095062255859375 0.0210418701171875 0.104217529296875
0 0.5302734375 0.2740478515625 0.02001953125 0.14739990234375
0 0.273193359375 0.183868408203125 0.023284912109375 0.1166534423828125
0 0.77197265625 0.1081085205078125 0.0199432373046875 0.0739288330078125
0 0.8369140625 0.08758544921875 0.0217437744140625 0.0846099853515625
0 0.317626953125 0.2587890625 0.023956298828125 0.1131439208984375
0 0.9326171875 0.1361083984375 0.0177764892578125 0.080108642578125
0 0.359375 0.238494873046875 0.0272674560546875 0.128326416015625
0 0.7421875 0.270538330078125 0.021697998046875 0.0885772705078125
0 0.1597900390625 0.066375732421875 0.0163421630859375 0.0820159912109375
0 0.1787109375 0.21514892578125 0.020294189453125 0.098419189453125
0 0.07122802734375 0.0923919677734375 0.0194244384765625 0.0774383544921875
0 0.81396484375 0.26214599609375 0.021942138671875 0.102996826171875
0 0.85302734375 0.265960693359375 0.0261077880859375 0.090789794921875
0 0.64697265625 0.279693603515625 0.0240020751953125 0.0936126708984375
0 0.52734375 0.1438140869140625 0.021087646484375 0.104827880859375
0 0.966796875 0.07564544677734375 0.017852783203125 0.08758544921875
0 0.46875 0.20660400390625 0.013275146484375 0.1666259765625
0 0.4365234375 0.299835205078125 0.017242431640625 0.140533447265625
0 0.55615234375 0.052433013916015625 0.011871337890625 0.10486602783203125
0 0.254150390625 0.0888824462890625 0.01146697998046875 0.1180267333984375
0 0.0321044921875 0.7342529296875 0.0352783203125 0.173797607421875
0 0.7392578125 0.06534576416015625 0.0180206298828125 0.0909423828125