0 0.9298975890040274 0.12304493393719312 0.021081795088824826 0.10943991728186363
0 0.05525369013046818 0.262649746232875 0.024075139270313614 0.11880535184075
0 0.9609375 0.0600433349609375 0.0232391357421875 0.109710693359375
0 0.75341796875 0.284271240234375 0.023773193359375 0.108489990234375
0 0.53271484375 0.0955963134765625 0.0177764892578125 0.104827880859375
0 0.76708984375 0.0705718994140625 0.0203704833984375 0.1004791259765625
0 0.3701171875 0.1105499267578125 0.0197906494140625 0.09490966796875
0 0.4697265625 0.13275146484375 0.017913818359375 0.0855255126953125
0 0.2294921875 0.109100341796875 0.02056884765625 0.0989532470703125
0 0.56787109375 0.1153564453125 0.018798828125 0.0923919677734375
0 0.63134765625 0.116424560546875 0.021453857421875 0.103607177734375
0 0.96728515625 0.222625732421875 0.02191162109375 0.102081298828125
0 0.5615234375 0.26947021484375 0.0247039794921875 0.1044464111328125
0 0.4384765625 0.05535125732421875 0.018829345703125 0.0846099853515625
0 0.1578369140625 0.261688232421875 0.022796630859375 0.1087188720703125
0 0.73291015625 0.06610870361328125 0.0225067138671875 0.106201171875
0 0.033843994140625 0.07030487060546875 0.0192718505859375 0.085906982421875
0 0.44091796875 0.230560302734375 0.024749755859375 0.116424560546875
0 0.309814453125 0.16448974609375 0.0189056396484375 0.093994140625
0 0.859375 0.280609130859375 0.021209716796875 0.107879638671875
0 0.0153656005859375 0.2734375 0.02276611328125 0.0997161865234375
0 0.33935546875 0.2606201171875 0.0230255126953125 0.1171112060546875
0 0.168701171875 0.1136016845703125 0.0179901123046875 0.08758544921875
0 0.64208984375 0.276031494140625 0.023101806640625 0.111236572265625
0 0.81787109375 0.2484130859375 0.0260009765625 0.114898681640625
0 0.11737060546875 0.25634765625 0.0252685546875 0.1012420654296875
0 0.658203125 0.09490966796875 0.0169830322265625 0.0971221923828125
0 0.258056640625 0.04669189453125 0.0182342529296875 0.087890625
0 0.274169921875 0.243377685546875 0.023101806640625 0.100860595703125
0 0.830078125 0.0722503662109375 0.0177154541015625 0.0988006591796875
0 0.032470703125 0.7427978515625 0.03338623046875 0.1528167724609375