0 0.03582576225511833 0.7451227291755244 0.039149518544143135 0.2045862303398004
0 0.228515625 0.1422119140625 0.0244293212890625 0.0962066650390625
0 0.169921875 0.1340484619140625 0.0193023681640625 0.090484619140625
0 0.1378173828125 0.07366180419921875 0.0218658447265625 0.11077880859375
0 0.3291015625 0.102996826171875 0.0226287841796875 0.1081085205078125
0 0.6435546875 0.257720947265625 0.0217742919921875 0.09857177734375
0 0.11065673828125 0.20965576171875 0.0216217041015625 0.104827880859375
0 0.254638671875 0.047607421875 0.0202484130859375 0.0946807861328125
0 0.861328125 0.052032470703125 0.0200653076171875 0.1010894775390625
0 0.7333984375 0.1313018798828125 0.019012451171875 0.0913238525390625
0 0.413330078125 0.235443115234375 0.0246124267578125 0.11383056640625
0 0.63916015625 0.0855255126953125 0.0194549560546875 0.115509033203125
0 0.0755615234375 0.22796630859375 0.0230712890625 0.11016845703125
0 0.268310546875 0.21514892578125 0.0304412841796875 0.1003265380859375
0 0.455078125 0.288543701171875 0.022979736328125 0.107421875
0 0.5322265625 0.1554107666015625 0.0170440673828125 0.08392333984375
0 0.57763671875 0.235443115234375 0.02337646484375 0.115509033203125
0 0.37158203125 0.215606689453125 0.023773193359375 0.1204681396484375
0 0.5419921875 0.298309326171875 0.020721435546875 0.0997161865234375
0 0.43212890625 0.06740570068359375 0.018646240234375 0.0943756103515625
0 0.060516357421875 0.0936126708984375 0.0165252685546875 0.0872039794921875
0 0.76220703125 0.07030487060546875 0.0173797607421875 0.0946807861328125
0 0.7421875 0.32135009765625 0.0218658447265625 0.104827880859375
0 0.96826171875 0.1142120361328125 0.0173797607421875 0.0811004638671875
0 0.94921875 0.24749755859375 0.023773193359375 0.1175689697265625
0 0.337646484375 0.307159423828125 0.0241851806640625 0.09063720703125
0 0.038238525390625 0.27801513671875 0.020416259765625 0.090789794921875
0 0.83203125 0.3076171875 0.0243377685546875 0.1216888427734375
0 0.935546875 0.059814453125 0.0192413330078125 0.09674072265625
0 0.869140625 0.222930908203125 0.027008056640625 0.1157379150390625
0 0.669921875 0.1413726806640625 0.01666259765625 0.0804901123046875