0 0.138275 0.27094999999999997 0.021675 0.106
0 0.83838 0.0674 0.02162 0.11077500000000001
0 0.6679700000000001 0.0908 0.019915 0.104825
0 0.80908 0.181125 0.01961 0.10679999999999999
0 0.93164 0.075375 0.020965 0.10705
0 0.141845 0.07919999999999999 0.0188 0.10032500000000001
0 0.4751 0.228875 0.02069 0.1097
0 0.254885 0.284875 0.023515 0.1104
0 0.26758 0.07139999999999999 0.020524999999999998 0.1081
0 0.455565 0.064625 0.018645 0.10300000000000001
0 0.966795 0.10742499999999999 0.018585 0.0917
0 0.170775 0.12664999999999998 0.02092 0.10679999999999999
0 0.363525 0.058675 0.018435 0.09505000000000001
0 0.43042 0.11664999999999999 0.016785 0.09025
0 0.6367200000000001 0.052649999999999995 0.01816 0.0901
0 0.538085 0.222625 0.024565 0.12664999999999998
0 0.7387699999999999 0.23575 0.0208 0.09805
0 0.010055 0.22002500000000003 0.01979 0.10285
0 0.9541000000000001 0.24475000000000002 0.02092 0.112675
0 0.5376000000000001 0.047599999999999996 0.018510000000000002 0.086525
0 0.331055 0.103825 0.021575 0.107875
0 0.044524999999999995 0.264125 0.0222 0.07335
0 0.038329999999999996 0.10247500000000001 0.016465 0.085525
0 0.034485 0.747675 0.030565000000000002 0.155725
0 0.643555 0.272075 0.02141 0.117575
0 0.7417 0.09972500000000001 0.01634 0.0687
0 0.70996 0.1764 0.019010000000000003 0.11055
0 0.21325999999999998 0.23197500000000001 0.024145 0.1188
0 0.84375 0.27344999999999997 0.0195 0.0975
0 0.33156 0.312625 0.020235 0.10525000000000001
0 0.510065 0.2052 0.02052 0.10355