0 0.03526 0.3041 0.02327 0.111075
0 0.42699000000000004 0.30675 0.021155 0.11282500000000001
0 0.964015 0.27415 0.024345 0.11512499999999999
0 0.833985 0.07565000000000001 0.0195 0.0956
0 0.241455 0.2655 0.019915 0.094375
0 0.23828 0.057975000000000006 0.020965 0.09820000000000001
0 0.11102500000000001 0.222625 0.022719999999999997 0.10955
0 0.668455 0.12092499999999999 0.01837 0.0745
0 0.36767500000000003 0.1097 0.02022 0.093225
0 0.309815 0.198975 0.021285000000000002 0.11779999999999999
0 0.73584 0.06095 0.021575 0.09765
0 0.16760499999999998 0.070575 0.019454999999999997 0.1011
0 0.708985 0.19454999999999997 0.019559999999999998 0.10345
0 0.063845 0.09972500000000001 0.01912 0.074775
0 0.033385 0.11825 0.017715 0.07769999999999999
0 0.533205 0.09117499999999999 0.0217 0.1007
0 0.65918 0.27405 0.023864999999999997 0.10825
0 0.33252 0.0558 0.022934999999999997 0.1017
0 0.958985 0.060675 0.026199999999999998 0.12135
0 0.6167 0.26992499999999997 0.019989999999999997 0.10300000000000001
0 0.466555 0.24382500000000001 0.02165 0.113975
0 0.5668949999999999 0.10705 0.019915 0.094375
0 0.035005 0.7513500000000001 0.03186 0.17502500000000001
0 0.43091 0.097125 0.020095 0.10705
0 0.150755 0.284875 0.018095 0.107275
0 0.26904500000000003 0.0882 0.019164999999999998 0.09147500000000001
0 0.868165 0.10994999999999999 0.019864999999999997 0.089575
0 0.7475599999999999 0.27754999999999996 0.022934999999999997 0.10955
0 0.9257799999999999 0.082325 0.01439 0.1278
0 0.5634750000000001 0.255425 0.02133 0.09895
0 0.85791 0.26594999999999996 0.026 0.11055