0 0.8095703125 0.1959228515625 0.0217742919921875 0.114898681640625
0 0.0321044921875 0.1186370849609375 0.0164031982421875 0.087890625
0 0.1302490234375 0.109710693359375 0.021453857421875 0.1120758056640625
0 0.173828125 0.2362060546875 0.0202178955078125 0.1003265380859375
0 0.3740234375 0.2362060546875 0.02288818359375 0.1131439208984375
0 0.97705078125 0.198211669921875 0.023651123046875 0.098419189453125
0 0.77392578125 0.213165283203125 0.0229339599609375 0.11444091796875
0 0.73876953125 0.31158447265625 0.023101806640625 0.1070404052734375
0 0.469970703125 0.0868988037109375 0.0187225341796875 0.0923919677734375
0 0.33544921875 0.284881591796875 0.021209716796875 0.09918212890625
0 0.23681640625 0.04650115966796875 0.0193023681640625 0.085906982421875
0 0.72998046875 0.10284423828125 0.0193023681640625 0.101470947265625
0 0.5556640625 0.05580902099609375 0.0191650390625 0.078582763671875
0 0.411376953125 0.2362060546875 0.0210113525390625 0.108489990234375
0 0.6318359375 0.1081085205078125 0.0184783935546875 0.0926971435546875
0 0.268310546875 0.089263916015625 0.021331787109375 0.0989532470703125
0 0.04840087890625 0.2960205078125 0.020843505859375 0.1093292236328125
0 0.056976318359375 0.0646209716796875 0.018402099609375 0.0945281982421875
0 0.241455078125 0.26214599609375 0.0234222412109375 0.10009765625
0 0.86669921875 0.0719451904296875 0.019012451171875 0.097808837890625
0 0.362060546875 0.0936126708984375 0.0173797607421875 0.0814056396484375
0 0.931640625 0.1177978515625 0.0162811279296875 0.0963592529296875
0 0.6357421875 0.3179931640625 0.0200653076171875 0.1050567626953125
0 0.9482421875 0.299835205078125 0.0184326171875 0.103607177734375
0 0.44482421875 0.24658203125 0.0253753662109375 0.115966796875
0 0.1412353515625 0.265960693359375 0.0212860107421875 0.1123046875
0 0.54638671875 0.29937744140625 0.022796630859375 0.1136016845703125
0 0.84619140625 0.27252197265625 0.0227203369140625 0.11688232421875
0 0.57763671875 0.1922607421875 0.022674560546875 0.127105712890625
0 0.6630859375 0.0638580322265625 0.0177154541015625 0.0963592529296875
0 0.036163330078125 0.7501220703125 0.037261962890625 0.186614990234375