0 0.07476849338196902 0.21632641159693033 0.021529297415749448 0.11805367225846944
0 0.12587593932804206 0.09705070191433897 0.01877305785530281 0.1085185302533533
0 0.25093684257234544 0.29650971899695816 0.022119052992699152 0.11250207987665944
0 0.2726745325824118 0.1115486724200775 0.024407230888495633 0.10868845005033187
0 0.4755596393430314 0.2421654939717922 0.019830875096902675 0.10296800531084088
0 0.5640358513138278 0.095340745658186 0.01906814913163714 0.08771348600553097
0 0.8416681026704654 0.27553475495215735 0.021356327027433737 0.12394296935564171
0 0.37890625 0.19378662109375 0.0185089111328125 0.10009765625
0 0.1580810546875 0.0952911376953125 0.0199432373046875 0.09918212890625
0 0.0582275390625 0.0911712646484375 0.0163421630859375 0.08819580078125
0 0.1346435546875 0.272064208984375 0.0295867919921875 0.1446533203125
0 0.45947265625 0.0586700439453125 0.0161590576171875 0.086212158203125
0 0.94189453125 0.27099609375 0.0224151611328125 0.0739288330078125
0 0.04217529296875 0.277557373046875 0.0223236083984375 0.1038360595703125
0 0.33251953125 0.125885009765625 0.0193023681640625 0.093841552734375
0 0.64599609375 0.27496337890625 0.0225830078125 0.1004791259765625
0 0.356689453125 0.0955963134765625 0.015777587890625 0.0817108154296875
0 0.732421875 0.1010894775390625 0.016845703125 0.0926971435546875
0 0.90966796875 0.18524169921875 0.0216217041015625 0.097808837890625
0 0.939453125 0.06816864013671875 0.019561767578125 0.0926971435546875
0 0.76708984375 0.0768280029296875 0.020843505859375 0.089569091796875
0 0.60888671875 0.1934814453125 0.0192413330078125 0.111846923828125
0 0.2127685546875 0.2362060546875 0.0227203369140625 0.08331298828125
0 0.83837890625 0.05889892578125 0.017578125 0.087890625
0 0.87060546875 0.102081298828125 0.0229339599609375 0.0911712646484375
0 0.6357421875 0.0534820556640625 0.0182647705078125 0.086212158203125
0 0.53173828125 0.0925445556640625 0.017181396484375 0.0902557373046875
0 0.728515625 0.309906005859375 0.0217742919921875 0.0849151611328125
0 0.56884765625 0.244293212890625 0.0228424072265625 0.1064300537109375
0 0.431640625 0.118255615234375 0.019195556640625 0.087890625
0 0.034423828125 0.7513427734375 0.0292510986328125 0.194854736328125