0 0.63671875 0.04634857177734375 0.0199432373046875 0.0909423828125
0 0.131103515625 0.1131439208984375 0.02215576171875 0.10955810546875
0 0.1605224609375 0.0914764404296875 0.018585205078125 0.0899505615234375
0 0.03753662109375 0.08392333984375 0.0164031982421875 0.0826263427734375
0 0.070068359375 0.13153076171875 0.0192718505859375 0.0926971435546875
0 0.939453125 0.07030487060546875 0.019989013671875 0.09765625
0 0.9111328125 0.218048095703125 0.0190887451171875 0.107421875
0 0.37109375 0.2685546875 0.0209197998046875 0.09918212890625
0 0.76513671875 0.0626373291015625 0.0218658447265625 0.1026153564453125
0 0.97119140625 0.104827880859375 0.0197906494140625 0.09307861328125
0 0.7294921875 0.06923675537109375 0.019500732421875 0.1004791259765625
0 0.432373046875 0.08758544921875 0.0191192626953125 0.0989532470703125
0 0.60888671875 0.17120361328125 0.0188751220703125 0.11077880859375
0 0.239013671875 0.07595062255859375 0.017242431640625 0.0914764404296875
0 0.26904296875 0.1513671875 0.0173797607421875 0.089569091796875
0 0.8662109375 0.06664276123046875 0.0235595703125 0.105438232421875
0 0.1378173828125 0.281219482421875 0.021484375 0.10009765625
0 0.83203125 0.1186370849609375 0.01971435546875 0.0958251953125
0 0.8173828125 0.254058837890625 0.0235595703125 0.1184844970703125
0 0.2095947265625 0.192718505859375 0.0191192626953125 0.123748779296875
0 0.64111328125 0.267486572265625 0.0212860107421875 0.106658935546875
0 0.5244140625 0.30548095703125 0.0210113525390625 0.106658935546875
0 0.364013671875 0.06511688232421875 0.0179901123046875 0.090484619140625
0 0.335693359375 0.294952392578125 0.02447509765625 0.1190948486328125
0 0.46484375 0.258331298828125 0.0241851806640625 0.1166534423828125
0 0.564453125 0.25360107421875 0.0222930908203125 0.1088714599609375
0 0.423828125 0.303802490234375 0.020721435546875 0.104217529296875
0 0.75732421875 0.286407470703125 0.0272216796875 0.1221466064453125
0 0.04638671875 0.274505615234375 0.025177001953125 0.1395416259765625
0 0.5322265625 0.08819580078125 0.019989013671875 0.0934600830078125
0 0.0345458984375 0.7513427734375 0.038330078125 0.18768310546875