0 0.16001009580588213 0.2423745419043523 0.02573888940577194 0.1415638917317456
0 0.368408203125 0.241546630859375 0.0207672119140625 0.135040283203125
0 0.445068359375 0.2349853515625 0.0234222412109375 0.111236572265625
0 0.352783203125 0.05657196044921875 0.0204925537109375 0.1131439208984375
0 0.41064453125 0.192718505859375 0.02191162109375 0.104217529296875
0 0.57421875 0.239715576171875 0.0234222412109375 0.1045989990234375
0 0.62646484375 0.303802490234375 0.023193359375 0.137939453125
0 0.1279296875 0.0765228271484375 0.0204925537109375 0.10955810546875
0 0.5625 0.1004791259765625 0.0194549560546875 0.086212158203125
0 0.72314453125 0.303192138671875 0.0224609375 0.118865966796875
0 0.0709228515625 0.1216888427734375 0.023773193359375 0.06664276123046875
0 0.76416015625 0.251617431640625 0.021453857421875 0.1093292236328125
0 0.62744140625 0.0774383544921875 0.0238189697265625 0.111846923828125
0 0.234375 0.089263916015625 0.020294189453125 0.089263916015625
0 0.76611328125 0.06870269775390625 0.0201416015625 0.10284423828125
0 0.04010009765625 0.1099395751953125 0.0190582275390625 0.0676727294921875
0 0.66455078125 0.220489501953125 0.01751708984375 0.13763427734375
0 0.94384765625 0.3076171875 0.0201416015625 0.1110076904296875
0 0.97607421875 0.204620361328125 0.0236053466796875 0.107269287109375
0 0.2093505859375 0.206146240234375 0.019866943359375 0.1363372802734375
0 0.83203125 0.1395416259765625 0.018157958984375 0.085906982421875
0 0.32763671875 0.0923919677734375 0.020965576171875 0.1012420654296875
0 0.9580078125 0.0551605224609375 0.0164031982421875 0.09185791015625
0 0.163330078125 0.092010498046875 0.0197906494140625 0.0921630859375
0 0.265380859375 0.06534576416015625 0.0164031982421875 0.108489990234375
0 0.87353515625 0.2301025390625 0.0213623046875 0.115966796875
0 0.8369140625 0.28900146484375 0.0232391357421875 0.113983154296875
0 0.034820556640625 0.7476806640625 0.037811279296875 0.1629638671875
0 0.4365234375 0.0958251953125 0.01861572265625 0.0872039794921875
0 0.5341796875 0.301055908203125 0.0196380615234375 0.0972747802734375
0 0.04345703125 0.269012451171875 0.0180206298828125 0.0846099853515625