0 0.32446499999999995 0.286875 0.022295000000000002 0.11779999999999999
0 0.430665 0.1474 0.019425 0.098425
0 0.737305 0.098575 0.018435 0.09345
0 0.25 0.283825 0.02109 0.1056
0 0.5708 0.094 0.02022 0.10545
0 0.039125 0.28595 0.023375 0.11230000000000001
0 0.96826 0.0801 0.02089 0.10605
0 0.23388499999999998 0.064125 0.02191 0.09895
0 0.45923 0.059574999999999996 0.02014 0.08789999999999999
0 0.9335950000000001 0.095975 0.016985 0.099175
0 0.8632799999999999 0.066375 0.017715 0.084925
0 0.74414 0.23407499999999998 0.02284 0.111
0 0.440185 0.27802499999999997 0.02452 0.111225
0 0.36963 0.0795 0.020095 0.089575
0 0.7094750000000001 0.193475 0.0195 0.11382500000000001
0 0.5112300000000001 0.24109999999999998 0.020645 0.09385
0 0.9648450000000001 0.28595 0.021865 0.089575
0 0.876955 0.23010000000000003 0.0206 0.09805
0 0.677245 0.19454999999999997 0.01912 0.107275
0 0.118775 0.27497499999999997 0.023149999999999997 0.088575
0 0.8320299999999999 0.14825 0.01738 0.083625
0 0.1709 0.088575 0.019559999999999998 0.08109999999999999
0 0.210815 0.210125 0.0222 0.110175
0 0.65576 0.09634999999999999 0.016665 0.0859
0 0.33301 0.1303 0.0184 0.08109999999999999
0 0.54883 0.24382500000000001 0.026199999999999998 0.10400000000000001
0 0.06021 0.093225 0.01764 0.09307499999999999
0 0.631835 0.11574999999999999 0.01692 0.09505000000000001
0 0.134765 0.1252 0.019164999999999998 0.07195
0 0.03372 0.747675 0.03253 0.148775
0 0.031485 0.113475 0.019475000000000003 0.0867