0 0.1393401141710454 0.3074694419904591 0.02353449776877083 0.11280603260163163
0 0.3693278464926714 0.2626170763136061 0.02783178384229812 0.1144820782079647
0 0.0762939453125 0.21514892578125 0.020599365234375 0.0980377197265625
0 0.233154296875 0.11444091796875 0.0196075439453125 0.08758544921875
0 0.259521484375 0.25299072265625 0.023468017578125 0.107269287109375
0 0.3251953125 0.0958251953125 0.0261993408203125 0.12420654296875
0 0.463623046875 0.2288818359375 0.0246124267578125 0.1114654541015625
0 0.63330078125 0.129547119140625 0.019500732421875 0.0914764404296875
0 0.04168701171875 0.290069580078125 0.024383544921875 0.1064300537109375
0 0.55517578125 0.0849151611328125 0.0219879150390625 0.1039886474609375
0 0.638671875 0.29449462890625 0.018798828125 0.1044464111328125
0 0.32861328125 0.25970458984375 0.027801513671875 0.11016845703125
0 0.8671875 0.070037841796875 0.021087646484375 0.100860595703125
0 0.424072265625 0.29388427734375 0.022796630859375 0.0926971435546875
0 0.15869140625 0.05390167236328125 0.021820068359375 0.092926025390625
0 0.52587890625 0.1032257080078125 0.018798828125 0.0995635986328125
0 0.76416015625 0.067138671875 0.0189361572265625 0.103607177734375
0 0.428466796875 0.0855255126953125 0.02191162109375 0.1110076904296875
0 0.267578125 0.07251739501953125 0.02056884765625 0.1018524169921875
0 0.67236328125 0.26123046875 0.0167236328125 0.0888824462890625
0 0.57275390625 0.19378662109375 0.0296478271484375 0.1003265380859375
0 0.7314453125 0.10345458984375 0.0180511474609375 0.090789794921875
0 0.94580078125 0.2911376953125 0.0211181640625 0.107879638671875
0 0.93310546875 0.11932373046875 0.017303466796875 0.0846099853515625
0 0.1295166015625 0.102996826171875 0.02001953125 0.097808837890625
0 0.82080078125 0.292816162109375 0.0225372314453125 0.11077880859375
0 0.03155517578125 0.1446533203125 0.017303466796875 0.086212158203125
0 0.95849609375 0.094146728515625 0.01507568359375 0.0774383544921875
0 0.83251953125 0.0765228271484375 0.018585205078125 0.097808837890625
0 0.73193359375 0.31402587890625 0.0203704833984375 0.0963592529296875
0 0.033660888671875 0.7501220703125 0.035400390625 0.17120361328125