0 0.12736908820943682 0.1072276738054417 0.02405377547527476 0.12751399047133605
0 0.06982421875 0.133056640625 0.01971435546875 0.098419189453125
0 0.2318115234375 0.1317596435546875 0.0188751220703125 0.093994140625
0 0.33251953125 0.12115478515625 0.019500732421875 0.1045989990234375
0 0.37646484375 0.2410888671875 0.0203704833984375 0.1018524169921875
0 0.00945281982421875 0.204925537109375 0.0177764892578125 0.0962066650390625
0 0.53271484375 0.06610870361328125 0.0193023681640625 0.0980377197265625
0 0.8447265625 0.24200439453125 0.022247314453125 0.104827880859375
0 0.172607421875 0.239715576171875 0.024749755859375 0.1244354248046875
0 0.7392578125 0.2587890625 0.0218658447265625 0.1082611083984375
0 0.70849609375 0.149078369140625 0.017578125 0.09918212890625
0 0.96630859375 0.080108642578125 0.023651123046875 0.1039886474609375
0 0.2281494140625 0.2801513671875 0.02606201171875 0.1195526123046875
0 0.6298828125 0.084228515625 0.0223236083984375 0.1131439208984375
0 0.13818359375 0.27099609375 0.0224151611328125 0.103607177734375
0 0.81005859375 0.1934814453125 0.021820068359375 0.120697021484375
0 0.5537109375 0.2545166015625 0.0258636474609375 0.1226043701171875
0 0.265625 0.0626373291015625 0.018341064453125 0.09307861328125
0 0.7392578125 0.05710601806640625 0.01983642578125 0.09490966796875
0 0.40966796875 0.175323486328125 0.020599365234375 0.1120758056640625
0 0.9365234375 0.095062255859375 0.021087646484375 0.0846099853515625
0 0.4375 0.0926971435546875 0.019012451171875 0.0911712646484375
0 0.337890625 0.31982421875 0.0225372314453125 0.0849151611328125
0 0.441162109375 0.22430419921875 0.0216217041015625 0.10955810546875
0 0.662109375 0.2801513671875 0.0220794677734375 0.1103973388671875
0 0.036773681640625 0.242462158203125 0.0154266357421875 0.0823211669921875
0 0.869140625 0.1285552978515625 0.020416259765625 0.079803466796875
0 0.5673828125 0.1110076904296875 0.0184326171875 0.0971221923828125
0 0.03424072265625 0.751953125 0.03704833984375 0.181427001953125
0 0.90771484375 0.181121826171875 0.01751708984375 0.1146697998046875
0 0.66455078125 0.05710601806640625 0.017913818359375 0.1058197021484375