0 0.04988 0.2916 0.022 0.113025
0 0.666085 0.272775 0.027125 0.10247500000000001
0 0.6674800000000001 0.0731 0.018615 0.082925
0 0.7666000000000001 0.06665 0.02034 0.114675
0 0.536135 0.28015 0.023605 0.10825
0 0.338865 0.06385 0.0188 0.086525
0 0.9575199999999999 0.05165 0.01584 0.082025
0 0.93213 0.1522 0.01634 0.094
0 0.8325199999999999 0.111475 0.01877 0.0975
0 0.8657250000000001 0.07087500000000001 0.016725 0.0872
0 0.26709 0.09765 0.01462 0.06715
0 0.069825 0.091325 0.020415 0.1017
0 0.7299800000000001 0.0703 0.0195 0.0949
0 0.111265 0.21559999999999999 0.022675 0.09972500000000001
0 0.4126 0.22842500000000002 0.018615 0.117575
0 0.470215 0.0949 0.019760000000000003 0.09880000000000001
0 0.57129 0.2588 0.02121 0.09895
0 0.15002500000000002 0.28535 0.01964 0.11315
0 0.623535 0.304875 0.02141 0.0969
0 0.31006 0.18692499999999998 0.01898 0.118025
0 0.03488 0.744025 0.023774999999999998 0.178075
0 0.370115 0.13665 0.018295000000000002 0.0882
0 0.169555 0.0862 0.0208 0.10285
0 0.945315 0.27649999999999997 0.022245 0.1252
0 0.227295 0.29114999999999996 0.020495 0.102075
0 0.45117 0.293875 0.02121 0.10345
0 0.011595000000000001 0.21682500000000002 0.019760000000000003 0.111
0 0.561035 0.062875 0.02092 0.100475
0 0.7612300000000001 0.2797 0.02057 0.1104
0 0.8284199999999999 0.32265 0.02103 0.1056
0 0.23282 0.119475 0.018510000000000002 0.096875