0 0.2334 0.12635 0.016785 0.086525
0 0.831545 0.13305 0.017855 0.088575
0 0.6313500000000001 0.08994999999999999 0.0188 0.10032500000000001
0 0.92676 0.10825 0.023605 0.11664999999999999
0 0.459715 0.06795 0.01744 0.094675
0 0.12927000000000002 0.11574999999999999 0.021775 0.111225
0 0.97217 0.239725 0.023469999999999998 0.1226
0 0.17456 0.23055 0.02284 0.113975
0 0.432375 0.1226 0.016465 0.088875
0 0.72461 0.090625 0.016665 0.124675
0 0.9375 0.269475 0.02289 0.098425
0 0.27954 0.20965 0.021285000000000002 0.09880000000000001
0 0.25805500000000003 0.099175 0.01692 0.0795
0 0.37182499999999996 0.19975 0.022505 0.11512499999999999
0 0.8305650000000001 0.286875 0.022629999999999997 0.115975
0 0.47631999999999997 0.24155000000000001 0.0208 0.09805
0 0.14404499999999998 0.267025 0.022035 0.09727499999999999
0 0.54004 0.05305 0.017515 0.082025
0 0.042725 0.28535 0.023954999999999997 0.11359999999999999
0 0.536135 0.210125 0.023774999999999998 0.11977499999999999
0 0.666015 0.249775 0.02423 0.1191
0 0.510255 0.18982500000000002 0.02022 0.084225
0 0.05942 0.09415 0.01567 0.078575
0 0.338625 0.263525 0.01602 0.1419
0 0.865235 0.06585 0.018585 0.087575
0 0.7563500000000001 0.057725 0.015305 0.115425
0 0.66455 0.100475 0.017775 0.08789999999999999
0 0.0354 0.7452500000000001 0.031615 0.1648
0 0.07763500000000001 0.214075 0.0188 0.10345
0 0.73242 0.310525 0.018935 0.082025
0 0.355465 0.09307499999999999 0.016120000000000002 0.0789