0 0.149945 0.24565 0.02622 0.123575
0 0.039490000000000004 0.2655 0.019454999999999997 0.09345
0 0.53076 0.1313 0.01898 0.092
0 0.467775 0.0801 0.022675 0.1036
0 0.967285 0.12375 0.019454999999999997 0.1052
0 0.358885 0.2568 0.02414 0.1303
0 0.640135 0.082025 0.01692 0.062625
0 0.83838 0.246125 0.023469999999999998 0.083625
0 0.133545 0.10300000000000001 0.021285000000000002 0.09269999999999999
0 0.668945 0.14825 0.01724 0.08522500000000001
0 0.72461 0.12025000000000001 0.025755 0.1052
0 0.43677 0.09385 0.020495 0.08689999999999999
0 0.317625 0.252525 0.023100000000000002 0.1081
0 0.916015 0.26305 0.022535 0.09505000000000001
0 0.33301 0.115975 0.019425 0.09117499999999999
0 0.9350599999999999 0.093225 0.017515 0.0859
0 0.109925 0.21850000000000003 0.02112 0.1149
0 0.841795 0.09880000000000001 0.01718 0.07565000000000001
0 0.009455 0.16144999999999998 0.0188 0.094
0 0.564455 0.06485 0.019164999999999998 0.10125
0 0.040525 0.0695 0.019379999999999998 0.094675
0 0.25415 0.287925 0.02307 0.1207
0 0.80713 0.17670000000000002 0.0161 0.11382500000000001
0 0.442625 0.22765000000000002 0.02162 0.118475
0 0.640625 0.246125 0.025085 0.10679999999999999
0 0.26416 0.056875 0.01622 0.104225
0 0.21056999999999998 0.23620000000000002 0.024274999999999998 0.140525
0 0.529785 0.281225 0.02136 0.11077500000000001
0 0.737795 0.3032 0.02443 0.137175
0 0.770995 0.193475 0.0161 0.13665
0 0.034365 0.7409749999999999 0.040835 0.18005