0 0.04028061353636322 0.0990553132526519 0.019022530783663946 0.08366970853655374
0 0.5419559827188214 0.11574299529686344 0.01743432192684547 0.07874551207810153
0 0.5402355094628619 0.2515456897847095 0.023508942970533554 0.11127566339385901
0 0.64794921875 0.26702880859375 0.0235137939453125 0.1180267333984375
0 0.78125 0.218505859375 0.0211181640625 0.1044464111328125
0 0.75830078125 0.098419189453125 0.015899658203125 0.072784423828125
0 0.31005859375 0.1959228515625 0.02191162109375 0.11077880859375
0 0.453857421875 0.079498291015625 0.017181396484375 0.0899505615234375
0 0.33642578125 0.054931640625 0.01837158203125 0.084228515625
0 0.265869140625 0.0582122802734375 0.0222930908203125 0.1018524169921875
0 0.63671875 0.0689697265625 0.0164031982421875 0.087890625
0 0.146240234375 0.2838134765625 0.0213623046875 0.09307861328125
0 0.2293701171875 0.06793975830078125 0.0182952880859375 0.09857177734375
0 0.47265625 0.19012451171875 0.0231475830078125 0.1290130615234375
0 0.443359375 0.24749755859375 0.0238189697265625 0.1180267333984375
0 0.86865234375 0.118255615234375 0.0190887451171875 0.0817108154296875
0 0.75146484375 0.28167724609375 0.019012451171875 0.09674072265625
0 0.346435546875 0.27862548828125 0.0218658447265625 0.101470947265625
0 0.2193603515625 0.2838134765625 0.02056884765625 0.113983154296875
0 0.0390625 0.2301025390625 0.0236968994140625 0.1129150390625
0 0.1788330078125 0.212860107421875 0.0220794677734375 0.103607177734375
0 0.669921875 0.13153076171875 0.0194244384765625 0.086517333984375
0 0.96435546875 0.24017333984375 0.02288818359375 0.1007080078125
0 0.00905609130859375 0.15777587890625 0.0177764892578125 0.0955963134765625
0 0.5703125 0.1239776611328125 0.01751708984375 0.0868988037109375
0 0.96435546875 0.092010498046875 0.0177764892578125 0.089569091796875
0 0.9296875 0.086212158203125 0.0221099853515625 0.107879638671875
0 0.83544921875 0.05245208740234375 0.01934814453125 0.08758544921875
0 0.81005859375 0.188751220703125 0.0202484130859375 0.1131439208984375
0 0.1556396484375 0.0914764404296875 0.011199951171875 0.0750732421875
0 0.035675048828125 0.7275390625 0.039794921875 0.169525146484375