0 0.629885 0.31345 0.022255 0.11285
0 0.83488 0.286025 0.024135 0.120675
0 0.855955 0.050975 0.02289 0.101975
0 0.8291000000000001 0.14435 0.015075 0.10825
0 0.40967000000000003 0.169225 0.019010000000000003 0.0872
0 0.92676 0.302575 0.02069 0.11230000000000001
0 0.134275 0.31555 0.02069 0.09805
0 0.43921 0.26170000000000004 0.02133 0.09452500000000001
0 0.13135 0.104225 0.018234999999999998 0.09452500000000001
0 0.5708 0.11077500000000001 0.01961 0.09185
0 0.30957 0.17837499999999998 0.01912 0.0872
0 0.341795 0.095825 0.019379999999999998 0.082025
0 0.7592749999999999 0.287475 0.024274999999999998 0.112925
0 0.44165 0.067675 0.01724 0.0862
0 0.96533 0.0661 0.01961 0.107275
0 0.629885 0.095975 0.020524999999999998 0.1155
0 0.25952 0.052024999999999995 0.01799 0.103225
0 0.541015 0.059125 0.019915 0.084925
0 0.032655 0.157475 0.01554 0.082025
0 0.5112300000000001 0.21239999999999998 0.02025 0.08927500000000001
0 0.339355 0.2443 0.02391 0.095825
0 0.762205 0.05085 0.019164999999999998 0.0969
0 0.05899 0.066875 0.017915 0.086525
0 0.25830000000000003 0.23620000000000002 0.02475 0.12710000000000002
0 0.22216999999999998 0.29175 0.023649999999999997 0.11359999999999999
0 0.668455 0.23010000000000003 0.019715 0.111225
0 0.9663099999999999 0.234525 0.02141 0.10665
0 0.17285 0.23850000000000002 0.023285 0.112525
0 0.728345 0.071325 0.02431 0.111075
0 0.049409999999999996 0.27297499999999997 0.018585 0.0969
0 0.033845 0.7495 0.028335000000000003 0.15395