0 0.34912 0.28535 0.02104 0.0975
0 0.37085 0.088875 0.0188 0.085525
0 0.214235 0.23712499999999997 0.024095 0.11185
0 0.5742200000000001 0.2089 0.02124 0.10605
0 0.17248500000000003 0.1017 0.02034 0.0969
0 0.40967000000000003 0.15625 0.02034 0.09805
0 0.441895 0.06167500000000001 0.01764 0.078
0 0.438475 0.2597 0.0206 0.09345
0 0.020095 0.252075 0.02466 0.10932499999999999
0 0.311525 0.21760000000000002 0.022795000000000003 0.10679999999999999
0 0.14562999999999998 0.24245 0.02191 0.1017
0 0.13855 0.095825 0.016725 0.082025
0 0.061770000000000005 0.27144999999999997 0.02069 0.11955
0 0.6342749999999999 0.12664999999999998 0.018539999999999997 0.076525
0 0.6694349999999999 0.0814 0.01909 0.083325
0 0.23401 0.06795 0.01909 0.0917
0 0.26831 0.112675 0.0193 0.0859
0 0.970215 0.0949 0.01724 0.083325
0 0.73584 0.30945 0.021575 0.09972500000000001
0 0.560545 0.0605 0.0193 0.10705
0 0.9414049999999999 0.2475 0.023515 0.102075
0 0.876465 0.19745000000000001 0.020065000000000003 0.113375
0 0.85742 0.057325 0.015425000000000001 0.0882
0 0.028655 0.08522500000000001 0.019864999999999997 0.12115000000000001
0 0.620115 0.284875 0.021865 0.094675
0 0.7299800000000001 0.094 0.016785 0.0814
0 0.5302749999999999 0.13955 0.01602 0.0978
0 0.7612300000000001 0.0582 0.019760000000000003 0.1011
0 0.831545 0.153125 0.01738 0.0862
0 0.033385 0.747675 0.036835 0.17379999999999998
0 0.939775 0.106525 0.018 0.0712