0 0.3319649113801111 0.11811815752770811 0.019392533325444616 0.10225153935234431
0 0.4305142398248706 0.13574773327811238 0.021155490900485005 0.10577745450242518
0 0.6376953125 0.05306243896484375 0.0185089111328125 0.0804901123046875
0 0.51513671875 0.2410888671875 0.0240936279296875 0.119781494140625
0 0.5302734375 0.07476806640625 0.021820068359375 0.1123046875
0 0.159912109375 0.059814453125 0.017303466796875 0.0868988037109375
0 0.3642578125 0.05733489990234375 0.0199127197265625 0.0997161865234375
0 0.60888671875 0.17974853515625 0.01861572265625 0.113983154296875
0 0.458984375 0.0591278076171875 0.0197601318359375 0.1038360595703125
0 0.8359375 0.20843505859375 0.021453857421875 0.0962066650390625
0 0.270263671875 0.1305389404296875 0.0200653076171875 0.0923919677734375
0 0.76220703125 0.0926971435546875 0.0200958251953125 0.0958251953125
0 0.64306640625 0.270538330078125 0.021484375 0.1064300537109375
0 0.8095703125 0.193023681640625 0.0196075439453125 0.09918212890625
0 0.2374267578125 0.07537841796875 0.0193023681640625 0.09063720703125
0 0.03533935546875 0.06923675537109375 0.017913818359375 0.09307861328125
0 0.2108154296875 0.221405029296875 0.0217437744140625 0.1175689697265625
0 0.86865234375 0.101470947265625 0.020172119140625 0.101470947265625
0 0.7275390625 0.094146728515625 0.01971435546875 0.1099395751953125
0 0.9375 0.097503662109375 0.018341064453125 0.0909423828125
0 0.1749267578125 0.241546630859375 0.0197906494140625 0.1012420654296875
0 0.72705078125 0.27496337890625 0.02801513671875 0.1268768310546875
0 0.9091796875 0.190887451171875 0.02069091796875 0.105438232421875
0 0.0131683349609375 0.258331298828125 0.02203369140625 0.111846923828125
0 0.56689453125 0.100860595703125 0.0169219970703125 0.099334716796875
0 0.320068359375 0.26123046875 0.0276336669921875 0.1202392578125
0 0.47314453125 0.214080810546875 0.01861572265625 0.1161956787109375
0 0.97021484375 0.09185791015625 0.0203704833984375 0.101470947265625
0 0.1434326171875 0.284271240234375 0.0238189697265625 0.115966796875
0 0.05145263671875 0.2630615234375 0.026611328125 0.1320648193359375
0 0.033905029296875 0.7525634765625 0.042877197265625 0.213623046875