0 0.15866999999999998 0.27965 0.027530000000000002 0.08985
0 0.26216 0.0926 0.02095 0.0886
0 0.365965 0.068975 0.02121 0.09505000000000001
0 0.33203 0.0924 0.01805 0.09385
0 0.469725 0.09292500000000001 0.0217 0.099175
0 0.86084 0.23712499999999997 0.022934999999999997 0.1149
0 0.13342500000000002 0.120475 0.016785 0.10460000000000001
0 0.757815 0.06095 0.019559999999999998 0.0965
0 0.26709 0.242 0.027375 0.11735
0 0.22644 0.271 0.022585 0.1233
0 0.8637699999999999 0.06535 0.02133 0.1052
0 0.036285 0.10147500000000001 0.019195 0.086525
0 0.77588 0.20309999999999997 0.02022 0.10445
0 0.048765 0.24337499999999998 0.023329999999999997 0.10825
0 0.54834 0.253 0.024184999999999998 0.125425
0 0.11554 0.26855 0.019835000000000002 0.11185
0 0.9335950000000001 0.078575 0.018539999999999997 0.1007
0 0.637205 0.05165 0.016725 0.090475
0 0.956055 0.2597 0.02133 0.10285
0 0.41162 0.246125 0.0184 0.112075
0 0.364745 0.27907499999999996 0.02069 0.10679999999999999
0 0.96826 0.11359999999999999 0.019915 0.0789
0 0.72949 0.14825 0.017105000000000002 0.085525
0 0.0107 0.21087499999999998 0.0214 0.120475
0 0.82324 0.296625 0.025665 0.1162
0 0.6694349999999999 0.090625 0.02101 0.09995
0 0.536135 0.059574999999999996 0.019010000000000003 0.093225
0 0.453855 0.302575 0.019059999999999997 0.09452500000000001
0 0.034545 0.7397499999999999 0.03424 0.15837500000000002
0 0.5688500000000001 0.11710000000000001 0.01758 0.083925
0 0.61033 0.213725 0.020285 0.09997500000000001