0 0.93310546875 0.0695037841796875 0.0189361572265625 0.0936126708984375
0 0.7802734375 0.2081298828125 0.020294189453125 0.0981903076171875
0 0.6708984375 0.1012420654296875 0.0180511474609375 0.0885772705078125
0 0.8701171875 0.093994140625 0.01953125 0.0997161865234375
0 0.435791015625 0.05306243896484375 0.0219879150390625 0.095062255859375
0 0.61083984375 0.225982666015625 0.0191650390625 0.09765625
0 0.73486328125 0.12664794921875 0.017852783203125 0.080108642578125
0 0.7578125 0.097808837890625 0.0162811279296875 0.0811004638671875
0 0.53466796875 0.0911712646484375 0.0192413330078125 0.091705322265625
0 0.56884765625 0.1256561279296875 0.018157958984375 0.0872039794921875
0 0.6484375 0.294952392578125 0.0220794677734375 0.1076507568359375
0 0.409912109375 0.220489501953125 0.022247314453125 0.1120758056640625
0 0.467529296875 0.07625579833984375 0.0200653076171875 0.089569091796875
0 0.837890625 0.106048583984375 0.01983642578125 0.07251739501953125
0 0.5146484375 0.25299072265625 0.0190887451171875 0.0934600830078125
0 0.81103515625 0.211944580078125 0.0239105224609375 0.086517333984375
0 0.369873046875 0.130767822265625 0.0190582275390625 0.0811004638671875
0 0.25 0.286407470703125 0.021484375 0.1064300537109375
0 0.9140625 0.239410400390625 0.0253753662109375 0.1190948486328125
0 0.1405029296875 0.06511688232421875 0.01934814453125 0.0936126708984375
0 0.23583984375 0.06412506103515625 0.019561767578125 0.08392333984375
0 0.037689208984375 0.09674072265625 0.0182342529296875 0.0899505615234375
0 0.9677734375 0.1081085205078125 0.0188751220703125 0.0814056396484375
0 0.06866455078125 0.0820159912109375 0.0189056396484375 0.0872039794921875
0 0.169921875 0.135345458984375 0.01763916015625 0.078887939453125
0 0.341064453125 0.233612060546875 0.0242767333984375 0.118865966796875
0 0.3095703125 0.178070068359375 0.0211639404296875 0.0899505615234375
0 0.1094970703125 0.16387939453125 0.021697998046875 0.0823211669921875
0 0.044097900390625 0.23712158203125 0.0266571044921875 0.1195526123046875
0 0.2705078125 0.0888824462890625 0.02215576171875 0.0934600830078125
0 0.033905029296875 0.7501220703125 0.037322998046875 0.186614990234375