0 0.11483662897279201 0.24011295148856518 0.02551925088284267 0.11831652682045245
0 0.4630584069286724 0.051038501765685355 0.02227134622502632 0.10207700353137071
0 0.7405222619821255 0.27723186186360904 0.022271346225026377 0.09975707163293038
0 0.3671875 0.0817108154296875 0.0235137939453125 0.097503662109375
0 0.9677734375 0.1068115234375 0.020294189453125 0.096893310546875
0 0.5322265625 0.1166534423828125 0.019195556640625 0.0958251953125
0 0.061767578125 0.089263916015625 0.01861572265625 0.1045989990234375
0 0.422607421875 0.2630615234375 0.0283355712890625 0.13031005859375
0 0.169677734375 0.07564544677734375 0.018768310546875 0.097503662109375
0 0.2421875 0.2606201171875 0.0218658447265625 0.1081085205078125
0 0.337646484375 0.0888824462890625 0.019866943359375 0.0888824462890625
0 0.0330810546875 0.271453857421875 0.02508544921875 0.1180267333984375
0 0.912109375 0.22979736328125 0.0231475830078125 0.118255615234375
0 0.4306640625 0.1114654541015625 0.02069091796875 0.093841552734375
0 0.66845703125 0.27801513671875 0.027587890625 0.111236572265625
0 0.77197265625 0.1136016845703125 0.021240234375 0.0958251953125
0 0.240234375 0.114898681640625 0.0194549560546875 0.07770538330078125
0 0.308349609375 0.162353515625 0.018157958984375 0.1007080078125
0 0.740234375 0.06816864013671875 0.017242431640625 0.0888824462890625
0 0.56591796875 0.064849853515625 0.0207672119140625 0.1026153564453125
0 0.86962890625 0.1300048828125 0.0182342529296875 0.0836181640625
0 0.15380859375 0.287933349609375 0.0216522216796875 0.1126861572265625
0 0.27197265625 0.1277923583984375 0.0210418701171875 0.0846099853515625
0 0.81396484375 0.25726318359375 0.023773193359375 0.10223388671875
0 0.07122802734375 0.213623046875 0.0234222412109375 0.1129150390625
0 0.033477783203125 0.7501220703125 0.0305023193359375 0.1462554931640625
0 0.95361328125 0.239410400390625 0.027374267578125 0.118865966796875
0 0.63232421875 0.1332855224609375 0.01861572265625 0.089263916015625
0 0.5625 0.248870849609375 0.02276611328125 0.101470947265625
0 0.83544921875 0.092010498046875 0.0194549560546875 0.102081298828125
0 0.62841796875 0.303192138671875 0.0205230712890625 0.0995635986328125