0 0.11462245806009747 0.2667252700533409 0.021417345104654886 0.10510363801358416
0 0.152725386247093 0.2553522270161117 0.026227305083637756 0.12526411190286516
0 0.2320212386337613 0.09816283172966823 0.021417345104654886 0.11303598805234522
0 0.336669921875 0.0849151611328125 0.0191650390625 0.0952911376953125
0 0.1326904296875 0.064849853515625 0.02001953125 0.095062255859375
0 0.68017578125 0.203399658203125 0.0177764892578125 0.1007080078125
0 0.349609375 0.262603759765625 0.0206451416015625 0.097503662109375
0 0.2293701171875 0.31219482421875 0.0216522216796875 0.104217529296875
0 0.049224853515625 0.280609130859375 0.0248870849609375 0.1153564453125
0 0.6572265625 0.0963592529296875 0.01519012451171875 0.07625579833984375
0 0.032470703125 0.06336212158203125 0.0220794677734375 0.106201171875
0 0.435546875 0.064849853515625 0.01812744140625 0.087890625
0 0.2646484375 0.05889892578125 0.017852783203125 0.0899505615234375
0 0.010158538818359375 0.20660400390625 0.02031707763671875 0.109710693359375
0 0.369873046875 0.1313018798828125 0.017242431640625 0.0846099853515625
0 0.8564453125 0.2874755859375 0.0227203369140625 0.10955810546875
0 0.41064453125 0.215606689453125 0.0218658447265625 0.111846923828125
0 0.9326171875 0.05390167236328125 0.0190582275390625 0.0923919677734375
0 0.90966796875 0.203094482421875 0.0216217041015625 0.1114654541015625
0 0.468994140625 0.117340087890625 0.01861572265625 0.0888824462890625
0 0.53759765625 0.04528045654296875 0.0180511474609375 0.0814056396484375
0 0.830078125 0.079498291015625 0.0225830078125 0.106658935546875
0 0.56787109375 0.089569091796875 0.0201416015625 0.0946807861328125
0 0.74072265625 0.261688232421875 0.0209197998046875 0.098419189453125
0 0.94775390625 0.2801513671875 0.021575927734375 0.1088714599609375
0 0.77099609375 0.1202392578125 0.017303466796875 0.08331298828125
0 0.70947265625 0.210418701171875 0.0164642333984375 0.0911712646484375
0 0.63330078125 0.1235198974609375 0.015777587890625 0.0849151611328125
0 0.81396484375 0.23101806640625 0.0224609375 0.1087188720703125
0 0.50927734375 0.19561767578125 0.018585205078125 0.0946807861328125
0 0.033477783203125 0.7537841796875 0.037750244140625 0.174713134765625