0 0.2549816122188644 0.2584476743234943 0.02592011660853703 0.11905169837642013
0 0.312255859375 0.242462158203125 0.0230255126953125 0.1024627685546875
0 0.439697265625 0.057525634765625 0.0187225341796875 0.0926971435546875
0 0.335693359375 0.0658416748046875 0.0210113525390625 0.100860595703125
0 0.61669921875 0.264129638671875 0.0212860107421875 0.1213836669921875
0 0.85693359375 0.0595855712890625 0.0193023681640625 0.090789794921875
0 0.87548828125 0.22796630859375 0.0182952880859375 0.0925445556640625
0 0.1553955078125 0.25299072265625 0.021942138671875 0.1052093505859375
0 0.96533203125 0.0605010986328125 0.0225830078125 0.102996826171875
0 0.8466796875 0.2685546875 0.0200653076171875 0.0926971435546875
0 0.75537109375 0.05283355712890625 0.020965576171875 0.101470947265625
0 0.233154296875 0.0684356689453125 0.018585205078125 0.089569091796875
0 0.93017578125 0.072784423828125 0.017913818359375 0.103607177734375
0 0.771484375 0.24383544921875 0.0211639404296875 0.1166534423828125
0 0.63525390625 0.0885772705078125 0.01751708984375 0.0888824462890625
0 0.53955078125 0.267486572265625 0.026153564453125 0.1384735107421875
0 0.7265625 0.097808837890625 0.0222930908203125 0.109710693359375
0 0.5263671875 0.1052093505859375 0.0191650390625 0.099945068359375
0 0.1341552734375 0.1099395751953125 0.018798828125 0.097503662109375
0 0.16845703125 0.0804901123046875 0.0202178955078125 0.0981903076171875
0 0.047149658203125 0.276031494140625 0.02276611328125 0.1052093505859375
0 0.268310546875 0.1120758056640625 0.0192718505859375 0.089569091796875
0 0.96142578125 0.277099609375 0.0225067138671875 0.1055908203125
0 0.035736083984375 0.05580902099609375 0.018798828125 0.092926025390625
0 0.348388671875 0.242462158203125 0.0234222412109375 0.1146697998046875
0 0.06982421875 0.085906982421875 0.0207977294921875 0.101470947265625
0 0.44091796875 0.2301025390625 0.023651123046875 0.1200103759765625
0 0.03326416015625 0.751953125 0.030670166015625 0.19012451171875
0 0.57373046875 0.225067138671875 0.0199432373046875 0.1026153564453125
0 0.06304931640625 0.0829315185546875 0.008880615234375 0.04425048828125
0 0.47002816105829665 0.13939597594707415 0.020796372627779704 0.08288409380636842
0 0.66845703125 0.124664306640625 0.018096923828125 0.086517333984375