0 0.03864 0.254 0.02141 0.10345
0 0.471175 0.205 0.0218 0.117675
0 0.949265 0.2339 0.02264 0.114275
0 0.341555 0.104825 0.018295000000000002 0.086525
0 0.215575 0.27055 0.021285000000000002 0.10460000000000001
0 0.512205 0.23315000000000002 0.01898 0.10400000000000001
0 0.16931000000000002 0.10545 0.020095 0.095975
0 0.552245 0.26215 0.02382 0.11955
0 0.45703 0.047424999999999995 0.02022 0.09095
0 0.23401 0.071675 0.01883 0.090475
0 0.6674800000000001 0.111625 0.01738 0.0859
0 0.13745 0.2568 0.020370000000000003 0.097125
0 0.26953 0.08689999999999999 0.02246 0.103825
0 0.8710950000000001 0.1142 0.017915 0.0901
0 0.42944499999999997 0.13817500000000002 0.01578 0.10705
0 0.1416 0.06005 0.018615 0.0742
0 0.63379 0.083625 0.018875 0.08927500000000001
0 0.7417 0.0882 0.016465 0.088575
0 0.8393550000000001 0.11445 0.01909 0.07087500000000001
0 0.31006 0.184925 0.02089 0.078575
0 0.967285 0.10765000000000001 0.02069 0.095825
0 0.33911 0.2507 0.01834 0.085525
0 0.07135 0.12564999999999998 0.018935 0.063625
0 0.010369999999999999 0.21760000000000002 0.01799 0.09025
0 0.7368150000000001 0.263525 0.016585000000000003 0.082025
0 0.618165 0.26305 0.02466 0.113975
0 0.7695299999999999 0.129775 0.017515 0.08262499999999999
0 0.9106449999999999 0.2188 0.022155 0.131
0 0.570315 0.123525 0.014555 0.0795
0 0.8085950000000001 0.21637499999999998 0.01837 0.071675
0 0.03409 0.7489 0.029755 0.1496