0 0.06931999999999999 0.21982500000000002 0.0289 0.146125
0 0.03253 0.26795 0.027695 0.11779999999999999
0 0.54231 0.281625 0.02414 0.122825
0 0.63538 0.11435000000000001 0.020114999999999997 0.10375
0 0.7603150000000001 0.252525 0.026045000000000002 0.126
0 0.42919999999999997 0.27602499999999996 0.022035 0.104225
0 0.270265 0.23575 0.023954999999999997 0.1162
0 0.6694349999999999 0.0859 0.01837 0.09345
0 0.876955 0.20079999999999998 0.018935 0.09727499999999999
0 0.845215 0.27497499999999997 0.023605 0.108875
0 0.9282250000000001 0.121925 0.023469999999999998 0.09972500000000001
0 0.307615 0.17945 0.016665 0.10125
0 0.133055 0.28059999999999996 0.025955 0.12092499999999999
0 0.5742200000000001 0.2394 0.01961 0.10125
0 0.46875 0.26505 0.023149999999999997 0.10705
0 0.13000499999999998 0.099175 0.02089 0.10125
0 0.55908 0.056225 0.017715 0.08994999999999999
0 0.73242 0.11359999999999999 0.01961 0.09185
0 0.8583999999999999 0.09415 0.01724 0.0814
0 0.97461 0.22460000000000002 0.02089 0.1011
0 0.338865 0.271 0.02121 0.1091
0 0.02942 0.140525 0.020295 0.09362500000000001
0 0.341795 0.08460000000000001 0.016465 0.08689999999999999
0 0.262695 0.095825 0.018234999999999998 0.08789999999999999
0 0.71875 0.25025 0.02382 0.112675
0 0.17004499999999997 0.260625 0.019010000000000003 0.10185000000000001
0 0.23095500000000002 0.0965 0.018125 0.0965
0 0.03372 0.7519499999999999 0.032165 0.1674
0 0.9541000000000001 0.051050000000000005 0.02153 0.0953
0 0.43017500000000003 0.099575 0.02136 0.10285
0 0.615085 0.25275 0.025815 0.11775000000000001