0 0.63683 0.212775 0.020114999999999997 0.0971
0 0.110485 0.218625 0.02081 0.11025
0 0.8397899999999999 0.30905 0.024274999999999998 0.1251
0 0.9615499999999999 0.0929 0.019074999999999998 0.09165
0 0.22766 0.116425 0.024385 0.11055
0 0.00936 0.1474 0.018725000000000002 0.104825
0 0.742675 0.0978 0.019195 0.0859
0 0.7700199999999999 0.111 0.02002 0.093225
0 0.93213 0.27449999999999997 0.021455 0.102075
0 0.441895 0.2597 0.02124 0.10605
0 0.55908 0.0545 0.02141 0.09972500000000001
0 0.27466 0.22385000000000002 0.02194 0.09147500000000001
0 0.83301 0.1191 0.01616 0.07745
0 0.6416000000000001 0.09362500000000001 0.017715 0.090625
0 0.46948 0.14825 0.017915 0.08522500000000001
0 0.737795 0.21484999999999999 0.02162 0.0882
0 0.6694349999999999 0.10400000000000001 0.019454999999999997 0.0949
0 0.309815 0.18387499999999998 0.020495 0.1052
0 0.5708 0.254975 0.022765 0.095975
0 0.873535 0.266575 0.019835000000000002 0.088875
0 0.37085 0.0953 0.020095 0.0817
0 0.92969 0.10679999999999999 0.01979 0.110175
0 0.408935 0.19927499999999998 0.019425 0.08522500000000001
0 0.16699 0.07980000000000001 0.019350000000000003 0.09415
0 0.03890999999999999 0.045975 0.017915 0.076525
0 0.14038 0.22765000000000002 0.025755 0.124675
0 0.25537 0.058449999999999995 0.01554 0.108875
0 0.5328099999999999 0.280975 0.02212 0.1451
0 0.34008999999999995 0.09765 0.01877 0.089575
0 0.03781 0.2475 0.019715 0.0978
0 0.03549 0.7458499999999999 0.026655 0.21515