0 0.11597745198796576 0.27035284416113636 0.021314774959950454 0.10814113766445452
0 0.44087104384074 0.26486742413467856 0.021628227532890947 0.10970840052915683
0 0.2724609375 0.192718505859375 0.022979736328125 0.10955810546875
0 0.55078125 0.27862548828125 0.0239105224609375 0.1024627685546875
0 0.2406005859375 0.26214599609375 0.027069091796875 0.1263427734375
0 0.64794921875 0.250701904296875 0.0210113525390625 0.1116180419921875
0 0.84228515625 0.265045166015625 0.0223236083984375 0.1026153564453125
0 0.1544189453125 0.25115966796875 0.02276611328125 0.104827880859375
0 0.1336669921875 0.078582763671875 0.02215576171875 0.108489990234375
0 0.9580078125 0.0638580322265625 0.0266571044921875 0.11383056640625
0 0.03839111328125 0.0579833984375 0.02044677734375 0.0972747802734375
0 0.2301025390625 0.1374053955078125 0.020965576171875 0.0954437255859375
0 0.36572265625 0.0684356689453125 0.0203399658203125 0.0958251953125
0 0.40771484375 0.16021728515625 0.019500732421875 0.10009765625
0 0.533203125 0.05451202392578125 0.01898193359375 0.0946807861328125
0 0.468505859375 0.08758544921875 0.0223236083984375 0.1016998291015625
0 0.041534423828125 0.267486572265625 0.020843505859375 0.102996826171875
0 0.76708984375 0.216064453125 0.027435302734375 0.1239776611328125
0 0.06915283203125 0.084228515625 0.0192413330078125 0.08758544921875
0 0.86767578125 0.0855255126953125 0.0230255126953125 0.1010894775390625
0 0.8349609375 0.049285888671875 0.0196075439453125 0.0934600830078125
0 0.6708984375 0.092926025390625 0.0221099853515625 0.11383056640625
0 0.92626953125 0.0909423828125 0.02203369140625 0.0995635986328125
0 0.61376953125 0.24017333984375 0.01483917236328125 0.092010498046875
0 0.364990234375 0.283203125 0.02276611328125 0.1161956787109375
0 0.3330078125 0.090484619140625 0.014617919921875 0.0872039794921875
0 0.7314453125 0.318603515625 0.0282745361328125 0.1202392578125
0 0.9345703125 0.31402587890625 0.0257568359375 0.1175689697265625
0 0.568359375 0.07366180419921875 0.0216522216796875 0.103607177734375
0 0.72802734375 0.089263916015625 0.0225830078125 0.1161956787109375
0 0.0312042236328125 0.7537841796875 0.036285400390625 0.1898193359375