0 0.144287109375 0.23852228483382895 0.023864746093750024 0.13395069759734535
0 0.6267022827142371 0.28353471438938926 0.02619387042024823 0.12121631524263812
0 0.443603515625 0.290069580078125 0.0218658447265625 0.113372802734375
0 0.7412109375 0.272064208984375 0.0310211181640625 0.14190673828125
0 0.93212890625 0.1157379150390625 0.01953125 0.095977783203125
0 0.354248046875 0.233612060546875 0.0237274169921875 0.10955810546875
0 0.10931396484375 0.191650390625 0.0202178955078125 0.113372802734375
0 0.81298828125 0.248870849609375 0.0224609375 0.106658935546875
0 0.3291015625 0.07251739501953125 0.02423095703125 0.1175689697265625
0 0.8359375 0.0714111328125 0.0211639404296875 0.104827880859375
0 0.9658203125 0.06168365478515625 0.0193023681640625 0.090484619140625
0 0.66650390625 0.2734375 0.020965576171875 0.103607177734375
0 0.77294921875 0.1873779296875 0.0225067138671875 0.0988006591796875
0 0.471435546875 0.1235198974609375 0.0185089111328125 0.085906982421875
0 0.51123046875 0.223388671875 0.022979736328125 0.1171112060546875
0 0.9169921875 0.246124267578125 0.0252685546875 0.10955810546875
0 0.0343017578125 0.055999755859375 0.0200958251953125 0.10009765625
0 0.85009765625 0.2520751953125 0.0217742919921875 0.099334716796875
0 0.26953125 0.1195526123046875 0.018829345703125 0.0923919677734375
0 0.364501953125 0.1016998291015625 0.0182952880859375 0.106201171875
0 0.2496337890625 0.260162353515625 0.0274810791015625 0.13031005859375
0 0.408447265625 0.20538330078125 0.0174407958984375 0.0955963134765625
0 0.630859375 0.0885772705078125 0.0194549560546875 0.099334716796875
0 0.06707763671875 0.0722503662109375 0.0185089111328125 0.0945281982421875
0 0.728515625 0.145416259765625 0.0169830322265625 0.11016845703125
0 0.2115478515625 0.219268798828125 0.0231475830078125 0.0902557373046875
0 0.55078125 0.284271240234375 0.0224151611328125 0.1110076904296875
0 0.1683349609375 0.1129150390625 0.0174407958984375 0.0958251953125
0 0.5703125 0.0774383544921875 0.0186920166015625 0.09185791015625
0 0.010845184326171875 0.233612060546875 0.02169036865234375 0.1076507568359375
0 0.03173828125 0.753173828125 0.041229248046875 0.22216796875