0 0.03557686702874086 0.7569879636511817 0.030404899575223455 0.16612986365843738
0 0.03179931640624999 0.13347834504322556 0.017105102539062483 0.09029805971535733
0 0.33988023872862855 0.2669248959403041 0.020313541964830564 0.10280634043176448
0 0.6310822945781204 0.12757895258399685 0.017093102385040426 0.09165866496325989
0 0.26953125 0.154571533203125 0.017242431640625 0.07476806640625
0 0.474365234375 0.220947265625 0.02288818359375 0.1175689697265625
0 0.84912109375 0.262603759765625 0.024993896484375 0.107879638671875
0 0.171142578125 0.106658935546875 0.019195556640625 0.06336212158203125
0 0.24169921875 0.07625579833984375 0.01512908935546875 0.0719451904296875
0 0.54052734375 0.09063720703125 0.0173797607421875 0.0846099853515625
0 0.8134765625 0.254974365234375 0.0225372314453125 0.097808837890625
0 0.137939453125 0.1142120361328125 0.019683837890625 0.090484619140625
0 0.50830078125 0.1502227783203125 0.0177154541015625 0.0899505615234375
0 0.11065673828125 0.242919921875 0.0204925537109375 0.1032257080078125
0 0.83642578125 0.0765228271484375 0.017242431640625 0.0855255126953125
0 0.30859375 0.16204833984375 0.0185394287109375 0.0899505615234375
0 0.340576171875 0.0628662109375 0.0205230712890625 0.0888824462890625
0 0.5693359375 0.099945068359375 0.02044677734375 0.102081298828125
0 0.73388671875 0.1026153564453125 0.0203704833984375 0.0849151611328125
0 0.461181640625 0.05664825439453125 0.0160980224609375 0.0909423828125
0 0.7529296875 0.24017333984375 0.0238189697265625 0.1153564453125
0 0.438232421875 0.3094482421875 0.0200958251953125 0.102081298828125
0 0.93212890625 0.116424560546875 0.018585205078125 0.0988006591796875
0 0.23681640625 0.232696533203125 0.0224609375 0.0807952880859375
0 0.95947265625 0.24749755859375 0.0210418701171875 0.1093292236328125
0 0.71337890625 0.234527587890625 0.0230712890625 0.1268768310546875
0 0.626953125 0.272064208984375 0.0210418701171875 0.1064300537109375
0 0.66845703125 0.24200439453125 0.024383544921875 0.111236572265625
0 0.9658203125 0.06740570068359375 0.021697998046875 0.09918212890625
0 0.0704345703125 0.232696533203125 0.021575927734375 0.108489990234375
0 0.030914306640625 0.2838134765625 0.02447509765625 0.11016845703125