0 0.2371826171875 0.0626373291015625 0.0185089111328125 0.0914764404296875
0 0.369384765625 0.10345458984375 0.0211639404296875 0.0952911376953125
0 0.14111328125 0.0609588623046875 0.016021728515625 0.08331298828125
0 0.337890625 0.24566650390625 0.021453857421875 0.101470947265625
0 0.72265625 0.258331298828125 0.02276611328125 0.1125335693359375
0 0.340576171875 0.0516510009765625 0.018585205078125 0.086212158203125
0 0.270751953125 0.09674072265625 0.0206451416015625 0.103607177734375
0 0.2113037109375 0.233612060546875 0.0221099853515625 0.1045989990234375
0 0.410400390625 0.218048095703125 0.0199127197265625 0.10009765625
0 0.9267578125 0.10009765625 0.01898193359375 0.101470947265625
0 0.061981201171875 0.059814453125 0.019500732421875 0.104217529296875
0 0.568359375 0.1317596435546875 0.018402099609375 0.086517333984375
0 0.4384765625 0.10955810546875 0.01751708984375 0.0823211669921875
0 0.1383056640625 0.258331298828125 0.021331787109375 0.098419189453125
0 0.447509765625 0.262603759765625 0.0255126953125 0.1190948486328125
0 0.63623046875 0.221405029296875 0.0210418701171875 0.1087188720703125
0 0.86865234375 0.0943756103515625 0.0186920166015625 0.08819580078125
0 0.1700439453125 0.1131439208984375 0.0194244384765625 0.0926971435546875
0 0.76611328125 0.260162353515625 0.0216522216796875 0.1050567626953125
0 0.0301513671875 0.098419189453125 0.0187225341796875 0.0971221923828125
0 0.5361328125 0.21087646484375 0.0247955322265625 0.107269287109375
0 0.5390625 0.045623779296875 0.0182647705078125 0.0807952880859375
0 0.75732421875 0.0605010986328125 0.02191162109375 0.1157379150390625
0 0.841796875 0.093994140625 0.0169830322265625 0.0820159912109375
0 0.8369140625 0.211944580078125 0.024749755859375 0.1129150390625
0 0.0704345703125 0.262603759765625 0.02056884765625 0.106201171875
0 0.97021484375 0.218505859375 0.0238189697265625 0.1153564453125
0 0.60986328125 0.154266357421875 0.0174407958984375 0.0846099853515625
0 0.66943359375 0.1468658447265625 0.0165252685546875 0.0807952880859375
0 0.9345703125 0.31982421875 0.023284912109375 0.1064300537109375
0 0.033843994140625 0.7489013671875 0.0343017578125 0.1715087890625