0 0.5507799999999999 0.28595 0.022155 0.1001
0 0.410645 0.217275 0.01961 0.0962
0 0.5112300000000001 0.21850000000000003 0.02121 0.10400000000000001
0 0.8657250000000001 0.0742 0.023864999999999997 0.10185000000000001
0 0.6674800000000001 0.114675 0.01964 0.093225
0 0.9677749999999999 0.11664999999999999 0.018295000000000002 0.09805
0 0.069825 0.083325 0.01816 0.09269999999999999
0 0.239135 0.22002500000000003 0.024795 0.118875
0 0.439455 0.062875 0.019010000000000003 0.084225
0 0.04709000000000001 0.284875 0.021865 0.10460000000000001
0 0.7583 0.097125 0.01634 0.0795
0 0.779785 0.213175 0.023100000000000002 0.098425
0 0.36328 0.2298 0.024050000000000002 0.11359999999999999
0 0.32202 0.269475 0.028274999999999998 0.130775
0 0.734375 0.12664999999999998 0.017105000000000002 0.088575
0 0.328855 0.124675 0.02072 0.098425
0 0.470215 0.10955 0.023725000000000003 0.083625
0 0.1585 0.223475 0.025165 0.127575
0 0.643555 0.2298 0.026260000000000002 0.12375
0 0.9335950000000001 0.056225 0.02298 0.098425
0 0.11615 0.27649999999999997 0.02466 0.135875
0 0.907715 0.17502500000000001 0.017915 0.1036
0 0.53467 0.0695 0.020495 0.1052
0 0.8081050000000001 0.18844999999999998 0.01764 0.11664999999999999
0 0.03607 0.06485 0.02104 0.1017
0 0.23620500000000003 0.045625 0.01744 0.087575
0 0.8461900000000001 0.2832 0.024385 0.111225
0 0.20984 0.211175 0.019835000000000002 0.097125
0 0.12866 0.11779999999999999 0.015130000000000001 0.12587500000000001
0 0.608885 0.189525 0.01724 0.09727499999999999
0 0.031204999999999997 0.7726999999999999 0.03726 0.16175