0 0.7425045495164313 0.32139987006306314 0.02061081331065725 0.10691859404903503
0 0.334716796875 0.0684356689453125 0.0199127197265625 0.0936126708984375
0 0.64208984375 0.06793975830078125 0.0215301513671875 0.10345458984375
0 0.60888671875 0.1605224609375 0.0180511474609375 0.0823211669921875
0 0.63916015625 0.261688232421875 0.02056884765625 0.0989532470703125
0 0.2152099609375 0.27252197265625 0.0261077880859375 0.127105712890625
0 0.83154296875 0.106658935546875 0.020172119140625 0.1093292236328125
0 0.369140625 0.0836181640625 0.021575927734375 0.1004791259765625
0 0.83251953125 0.282745361328125 0.020965576171875 0.1007080078125
0 0.93701171875 0.290069580078125 0.024383544921875 0.1120758056640625
0 0.5439453125 0.28961181640625 0.0217742919921875 0.1093292236328125
0 0.46630859375 0.0783538818359375 0.018585205078125 0.0913238525390625
0 0.315185546875 0.26702880859375 0.02191162109375 0.096893310546875
0 0.56103515625 0.06191253662109375 0.015838623046875 0.0829315185546875
0 0.96142578125 0.0962066650390625 0.0167236328125 0.08331298828125
0 0.974609375 0.224609375 0.01971435546875 0.093841552734375
0 0.576171875 0.24749755859375 0.0201416015625 0.0899505615234375
0 0.11065673828125 0.1953125 0.021240234375 0.106048583984375
0 0.732421875 0.115966796875 0.0174407958984375 0.089569091796875
0 0.86279296875 0.087890625 0.0164031982421875 0.07030487060546875
0 0.038818359375 0.0768280029296875 0.0182342529296875 0.0945281982421875
0 0.4423828125 0.266571044921875 0.02203369140625 0.1007080078125
0 0.265380859375 0.06793975830078125 0.0181884765625 0.1126861572265625
0 0.1412353515625 0.246124267578125 0.021820068359375 0.0914764404296875
0 0.76025390625 0.067138671875 0.018402099609375 0.0902557373046875
0 0.252685546875 0.239410400390625 0.0236968994140625 0.105438232421875
0 0.07147216796875 0.109100341796875 0.0185089111328125 0.0925445556640625
0 0.1697998046875 0.1468658447265625 0.0161590576171875 0.080108642578125
0 0.045257568359375 0.286865234375 0.021942138671875 0.0823211669921875
0 0.435546875 0.0534820556640625 0.022369384765625 0.0946807861328125
0 0.0328369140625 0.748291015625 0.027374267578125 0.200042724609375