0 0.1716458641511725 0.2153248694293426 0.026778666778907428 0.13874910409306015
0 0.2642987801458809 0.29004114406285675 0.017214503651136782 0.09363209281321333
0 0.4359327371352978 0.31178872867026974 0.023657597018466994 0.10895885857742929
0 0.5767527342104242 0.2084459610053978 0.023822395543473932 0.11597745198796573
0 0.47216796875 0.22216796875 0.0217742919921875 0.115509033203125
0 0.35498046875 0.052089691162109375 0.021942138671875 0.10417938232421875
0 0.326904296875 0.097808837890625 0.021942138671875 0.1309967041015625
0 0.266845703125 0.0771331787109375 0.0203704833984375 0.104217529296875
0 0.63330078125 0.0849151611328125 0.01971435546875 0.093994140625
0 0.4296875 0.1052093505859375 0.0230255126953125 0.1103973388671875
0 0.73095703125 0.101470947265625 0.020721435546875 0.1068115234375
0 0.54443359375 0.305938720703125 0.02288818359375 0.1064300537109375
0 0.223876953125 0.276031494140625 0.0223236083984375 0.099945068359375
0 0.83935546875 0.0646209716796875 0.0185089111328125 0.100860595703125
0 0.80908203125 0.168914794921875 0.018585205078125 0.0965118408203125
0 0.90966796875 0.220947265625 0.020599365234375 0.0885772705078125
0 0.1309814453125 0.1332855224609375 0.0181884765625 0.1007080078125
0 0.03656005859375 0.25726318359375 0.0203399658203125 0.091705322265625
0 0.76318359375 0.093841552734375 0.0184326171875 0.08819580078125
0 0.371826171875 0.2447509765625 0.0177764892578125 0.1340484619140625
0 0.55810546875 0.05451202392578125 0.01473236083984375 0.0899505615234375
0 0.66162109375 0.2655029296875 0.025665283203125 0.1177978515625
0 0.9384765625 0.0817108154296875 0.0219879150390625 0.06793975830078125
0 0.06927490234375 0.1184844970703125 0.0216522216796875 0.079803466796875
0 0.1358642578125 0.271453857421875 0.0269622802734375 0.111846923828125
0 0.66650390625 0.1081085205078125 0.0191192626953125 0.08819580078125
0 0.8701171875 0.1263427734375 0.0189361572265625 0.0811004638671875
0 0.0099639892578125 0.15655517578125 0.019927978515625 0.072784423828125
0 0.03521728515625 0.745849609375 0.044097900390625 0.177001953125
0 0.96923828125 0.1413726806640625 0.0189361572265625 0.0591278076171875
0 0.73046875 0.272064208984375 0.0218658447265625 0.12542724609375