0 0.230712890625 0.1064300537109375 0.0201416015625 0.1081085205078125
0 0.6103515625 0.21514892578125 0.0225372314453125 0.1190948486328125
0 0.11260986328125 0.25299072265625 0.0200958251953125 0.093994140625
0 0.5087890625 0.1715087890625 0.02001953125 0.0972747802734375
0 0.01134490966796875 0.221710205078125 0.0226898193359375 0.1110076904296875
0 0.1483154296875 0.257720947265625 0.0222015380859375 0.108489990234375
0 0.332275390625 0.1522064208984375 0.0162811279296875 0.079803466796875
0 0.443359375 0.270538330078125 0.021484375 0.1068115234375
0 0.234375 0.3155517578125 0.020843505859375 0.1026153564453125
0 0.262451171875 0.05687713623046875 0.01751708984375 0.09063720703125
0 0.5693359375 0.1184844970703125 0.018341064453125 0.0849151611328125
0 0.53759765625 0.269927978515625 0.0184326171875 0.0913238525390625
0 0.63427734375 0.0577545166015625 0.018829345703125 0.092926025390625
0 0.13671875 0.0739288330078125 0.0196380615234375 0.099334716796875
0 0.46826171875 0.086517333984375 0.021697998046875 0.1026153564453125
0 0.708984375 0.1666259765625 0.017578125 0.09490966796875
0 0.379638671875 0.22003173828125 0.0201416015625 0.106658935546875
0 0.73876953125 0.25970458984375 0.021942138671875 0.098419189453125
0 0.9619140625 0.06511688232421875 0.0185394287109375 0.098419189453125
0 0.40869140625 0.17303466796875 0.0189056396484375 0.1081085205078125
0 0.97216796875 0.260162353515625 0.0200653076171875 0.0962066650390625
0 0.034698486328125 0.063629150390625 0.0179901123046875 0.0909423828125
0 0.06829833984375 0.116424560546875 0.01763916015625 0.0925445556640625
0 0.66845703125 0.1151275634765625 0.0188751220703125 0.0914764404296875
0 0.8583984375 0.055999755859375 0.01934814453125 0.094146728515625
0 0.346435546875 0.28533935546875 0.0180511474609375 0.090789794921875
0 0.83056640625 0.1099395751953125 0.018096923828125 0.09307861328125
0 0.77001953125 0.1039886474609375 0.02203369140625 0.1052093505859375
0 0.841796875 0.316162109375 0.0216522216796875 0.1052093505859375
0 0.93603515625 0.284271240234375 0.021697998046875 0.105438232421875
0 0.033966064453125 0.74951171875 0.03594970703125 0.175018310546875