0 0.3603515625 0.2998688450005352 0.019378662109375007 0.0871949653916953
0 0.8430306949233346 0.22490222108477137 0.024135848116414536 0.11127566339385901
0 0.42431640625 0.26458740234375 0.026611328125 0.1175689697265625
0 0.1412353515625 0.0774383544921875 0.019683837890625 0.0901031494140625
0 0.46484375 0.2301025390625 0.022979736328125 0.1129150390625
0 0.321044921875 0.264129638671875 0.0217742919921875 0.0952911376953125
0 0.67041015625 0.1110076904296875 0.0188751220703125 0.0814056396484375
0 0.14013671875 0.23895263671875 0.0197601318359375 0.0817108154296875
0 0.5458984375 0.254974365234375 0.0271148681640625 0.106048583984375
0 0.771484375 0.106658935546875 0.0212860107421875 0.09490966796875
0 0.642578125 0.104827880859375 0.0174407958984375 0.079803466796875
0 0.0699462890625 0.260162353515625 0.0216522216796875 0.1024627685546875
0 0.9423828125 0.265045166015625 0.022247314453125 0.104217529296875
0 0.60986328125 0.1560211181640625 0.019378662109375 0.099334716796875
0 0.263671875 0.057525634765625 0.017242431640625 0.089569091796875
0 0.708984375 0.18280029296875 0.01751708984375 0.0888824462890625
0 0.0618896484375 0.06145477294921875 0.0190582275390625 0.097808837890625
0 0.80908203125 0.185546875 0.020416259765625 0.118865966796875
0 0.10968017578125 0.20263671875 0.017242431640625 0.086212158203125
0 0.228271484375 0.27496337890625 0.025177001953125 0.1171112060546875
0 0.2310791015625 0.1290130615234375 0.018646240234375 0.0946807861328125
0 0.03125 0.272979736328125 0.0223236083984375 0.1004791259765625
0 0.5712890625 0.1125335693359375 0.0182342529296875 0.0750732421875
0 0.333984375 0.1007080078125 0.0187225341796875 0.089263916015625
0 0.4306640625 0.1275634765625 0.018341064453125 0.089569091796875
0 0.8681640625 0.1166534423828125 0.0192413330078125 0.0872039794921875
0 0.9580078125 0.0911712646484375 0.0156707763671875 0.093994140625
0 0.51123046875 0.239715576171875 0.0177154541015625 0.079498291015625
0 0.97705078125 0.209197998046875 0.0204925537109375 0.1171112060546875
0 0.03515625 0.7354736328125 0.0364990234375 0.1505279541015625
0 0.744140625 0.279083251953125 0.021484375 0.08331298828125