0 0.2712863713256286 0.11204444429750011 0.021417345104654942 0.09717128797482318
0 0.428955078125 0.135040283203125 0.020172119140625 0.0963592529296875
0 0.033477783203125 0.7513427734375 0.043121337890625 0.190887451171875
0 0.5107421875 0.225067138671875 0.02276611328125 0.116424560546875
0 0.2095947265625 0.218048095703125 0.0184326171875 0.0981903076171875
0 0.458251953125 0.05580902099609375 0.0219879150390625 0.1068115234375
0 0.361328125 0.0600433349609375 0.017913818359375 0.0829315185546875
0 0.1776123046875 0.218048095703125 0.020965576171875 0.0936126708984375
0 0.66796875 0.08392333984375 0.0200653076171875 0.099945068359375
0 0.131591796875 0.1496124267578125 0.017852783203125 0.084228515625
0 0.05633544921875 0.0952911376953125 0.018157958984375 0.08758544921875
0 0.548828125 0.290069580078125 0.0210113525390625 0.09765625
0 0.04193115234375 0.267486572265625 0.0235137939453125 0.111236572265625
0 0.8251953125 0.10223388671875 0.0264129638671875 0.1230621337890625
0 0.61962890625 0.287933349609375 0.0224151611328125 0.106201171875
0 0.96923828125 0.1285552978515625 0.019195556640625 0.085906982421875
0 0.66064453125 0.25970458984375 0.021697998046875 0.09857177734375
0 0.2462158203125 0.28961181640625 0.0202484130859375 0.0971221923828125
0 0.468994140625 0.21514892578125 0.018157958984375 0.1226043701171875
0 0.1624755859375 0.0676727294921875 0.017181396484375 0.09918212890625
0 0.8662109375 0.218505859375 0.02423095703125 0.114898681640625
0 0.0743408203125 0.19775390625 0.0235137939453125 0.1175689697265625
0 0.765625 0.22552490234375 0.0301513671875 0.1422119140625
0 0.90966796875 0.200042724609375 0.01678466796875 0.085906982421875
0 0.5712890625 0.0958251953125 0.018829345703125 0.0771331787109375
0 0.728515625 0.139007568359375 0.0231475830078125 0.121917724609375
0 0.94140625 0.08819580078125 0.01861572265625 0.06793975830078125
0 0.375 0.25115966796875 0.0188751220703125 0.095977783203125
0 0.859375 0.0936126708984375 0.0201416015625 0.1142120361328125
0 0.7265625 0.27252197265625 0.0269622802734375 0.133514404296875
0 0.3408203125 0.284271240234375 0.0232391357421875 0.1216888427734375