0 0.06054120638525064 0.24716119007746878 0.02556239323925128 0.1363996657434999
0 0.3721184058546299 0.242575530498112 0.02160344989285367 0.10734771830065083
0 0.258056640625 0.09222779494560021 0.015487670898437498 0.08791379487442445
0 0.156982421875 0.092926025390625 0.019866943359375 0.0981903076171875
0 0.357421875 0.052032470703125 0.0182952880859375 0.10284423828125
0 0.275634765625 0.2081298828125 0.0237274169921875 0.1120758056640625
0 0.0279541015625 0.0771331787109375 0.0218658447265625 0.10284423828125
0 0.7314453125 0.1435089111328125 0.0177764892578125 0.086212158203125
0 0.87060546875 0.11077880859375 0.0197906494140625 0.0911712646484375
0 0.3359375 0.2801513671875 0.0240478515625 0.133056640625
0 0.568359375 0.1186370849609375 0.0177154541015625 0.0849151611328125
0 0.92626953125 0.1064300537109375 0.0214080810546875 0.104217529296875
0 0.6103515625 0.20660400390625 0.021209716796875 0.1126861572265625
0 0.63427734375 0.06214141845703125 0.021697998046875 0.1044464111328125
0 0.53466796875 0.08819580078125 0.0192718505859375 0.07625579833984375
0 0.4326171875 0.0885772705078125 0.0203399658203125 0.0980377197265625
0 0.46728515625 0.104827880859375 0.0199432373046875 0.091705322265625
0 0.6689453125 0.118865966796875 0.018402099609375 0.0913238525390625
0 0.810546875 0.22430419921875 0.022796630859375 0.1114654541015625
0 0.7744140625 0.228424072265625 0.0215301513671875 0.109100341796875
0 0.84619140625 0.28594970703125 0.017852783203125 0.0836181640625
0 0.55810546875 0.27252197265625 0.02484130859375 0.114898681640625
0 0.939453125 0.269927978515625 0.0202178955078125 0.148773193359375
0 0.06427001953125 0.0963592529296875 0.01812744140625 0.1010894775390625
0 0.42041015625 0.264129638671875 0.0216217041015625 0.0946807861328125
0 0.73828125 0.279693603515625 0.0213623046875 0.1099395751953125
0 0.1707763671875 0.204620361328125 0.01678466796875 0.12420654296875
0 0.243408203125 0.272979736328125 0.0191650390625 0.1123046875
0 0.97265625 0.238037109375 0.0171051025390625 0.1177978515625
0 0.13525390625 0.27801513671875 0.02044677734375 0.135345458984375
0 0.03265380859375 0.7513427734375 0.039947509765625 0.1142120361328125