0 0.038303904413322744 0.22737849641100094 0.02379731933763881 0.10594696965387136
0 0.6456715126017163 0.2712801266176372 0.021464469881057095 0.11969274501459498
0 0.7119140625 0.243377685546875 0.019866943359375 0.106658935546875
0 0.1258544921875 0.1088714599609375 0.025177001953125 0.123748779296875
0 0.67578125 0.22979736328125 0.0204925537109375 0.1010894775390625
0 0.34375 0.252532958984375 0.020294189453125 0.113372802734375
0 0.3115234375 0.2288818359375 0.0210418701171875 0.07770538330078125
0 0.040374755859375 0.0628662109375 0.020172119140625 0.1044464111328125
0 0.338623046875 0.0722503662109375 0.0208892822265625 0.102996826171875
0 0.4345703125 0.196685791015625 0.0208892822265625 0.1007080078125
0 0.96630859375 0.1016998291015625 0.017578125 0.09185791015625
0 0.8447265625 0.29449462890625 0.01983642578125 0.08819580078125
0 0.2310791015625 0.1103973388671875 0.020721435546875 0.0980377197265625
0 0.73388671875 0.05367279052734375 0.0191192626953125 0.0885772705078125
0 0.2646484375 0.060272216796875 0.019561767578125 0.1166534423828125
0 0.21484375 0.250244140625 0.023651123046875 0.12237548828125
0 0.53369140625 0.0577545166015625 0.02044677734375 0.1024627685546875
0 0.408935546875 0.1424407958984375 0.0203399658203125 0.1058197021484375
0 0.6572265625 0.057525634765625 0.018096923828125 0.0945281982421875
0 0.51171875 0.242919921875 0.0230255126953125 0.106658935546875
0 0.86181640625 0.07450103759765625 0.017852783203125 0.0955963134765625
0 0.83203125 0.1505279541015625 0.01666259765625 0.0868988037109375
0 0.1558837890625 0.0952911376953125 0.0222015380859375 0.1081085205078125
0 0.136962890625 0.26123046875 0.0196075439453125 0.135040283203125
0 0.93115234375 0.07625579833984375 0.0188751220703125 0.0923919677734375
0 0.91748046875 0.252532958984375 0.0236968994140625 0.1186370849609375
0 0.4677734375 0.137176513671875 0.01763916015625 0.08819580078125
0 0.76806640625 0.079498291015625 0.0221099853515625 0.109100341796875
0 0.0106964111328125 0.1971435546875 0.0208892822265625 0.0872039794921875
0 0.546875 0.233612060546875 0.0239105224609375 0.115966796875
0 0.03314208984375 0.748291015625 0.0211181640625 0.172119140625