0 0.312744140625 0.2545166015625 0.021209716796875 0.0962066650390625
0 0.254150390625 0.296630859375 0.021942138671875 0.099945068359375
0 0.96923828125 0.1184844970703125 0.019378662109375 0.0899505615234375
0 0.63232421875 0.265960693359375 0.0235137939453125 0.1093292236328125
0 0.83544921875 0.2764892578125 0.0240478515625 0.1186370849609375
0 0.83056640625 0.1392364501953125 0.02001953125 0.0997161865234375
0 0.7685546875 0.1186370849609375 0.018096923828125 0.094146728515625
0 0.21484375 0.242919921875 0.02532958984375 0.113372802734375
0 0.7099609375 0.1971435546875 0.0210113525390625 0.11688232421875
0 0.0296478271484375 0.140533447265625 0.01473236083984375 0.092010498046875
0 0.7451171875 0.230560302734375 0.0238189697265625 0.111846923828125
0 0.235107421875 0.073089599609375 0.0202178955078125 0.092926025390625
0 0.4306640625 0.1003265380859375 0.018585205078125 0.094146728515625
0 0.580078125 0.203399658203125 0.0204925537109375 0.0846099853515625
0 0.65869140625 0.0988006591796875 0.01861572265625 0.0921630859375
0 0.91015625 0.2069091796875 0.020599365234375 0.102996826171875
0 0.037689208984375 0.269927978515625 0.0240020751953125 0.1446533203125
0 0.626953125 0.0997161865234375 0.0245208740234375 0.1226043701171875
0 0.85986328125 0.0510406494140625 0.015960693359375 0.0925445556640625
0 0.433349609375 0.3173828125 0.020416259765625 0.1024627685546875
0 0.37060546875 0.08819580078125 0.0203704833984375 0.0945281982421875
0 0.33740234375 0.0783538818359375 0.0211639404296875 0.0934600830078125
0 0.07354736328125 0.1922607421875 0.019989013671875 0.1032257080078125
0 0.93603515625 0.0689697265625 0.021240234375 0.0958251953125
0 0.55126953125 0.2734375 0.019500732421875 0.09674072265625
0 0.142822265625 0.290069580078125 0.02276611328125 0.1064300537109375
0 0.462158203125 0.062408447265625 0.0190582275390625 0.0988006591796875
0 0.132568359375 0.118865966796875 0.01763916015625 0.0911712646484375
0 0.1751708984375 0.248870849609375 0.0188751220703125 0.0820159912109375
0 0.55810546875 0.0962066650390625 0.0153656005859375 0.078582763671875
0 0.03533935546875 0.75927734375 0.033538818359375 0.1548004150390625