0 0.25748721408792913 0.05526832576479142 0.016113363254751233 0.09727891912800717
0 0.343017578125 0.269012451171875 0.0224151611328125 0.1116180419921875
0 0.46484375 0.06168365478515625 0.0177154541015625 0.092926025390625
0 0.058990478515625 0.0591278076171875 0.02044677734375 0.090789794921875
0 0.6337890625 0.124664306640625 0.0180206298828125 0.0934600830078125
0 0.5703125 0.087890625 0.01934814453125 0.08392333984375
0 0.1707763671875 0.12237548828125 0.02288818359375 0.108489990234375
0 0.11102294921875 0.201873779296875 0.019195556640625 0.07801055908203125
0 0.732421875 0.086212158203125 0.020965576171875 0.106658935546875
0 0.623046875 0.27801513671875 0.0209197998046875 0.092926025390625
0 0.9697265625 0.136871337890625 0.0177764892578125 0.0768280029296875
0 0.0304412841796875 0.1462554931640625 0.019989013671875 0.099945068359375
0 0.1395263671875 0.246124267578125 0.0160980224609375 0.1190948486328125
0 0.90966796875 0.1654052734375 0.019866943359375 0.1016998291015625
0 0.427978515625 0.28228759765625 0.023773193359375 0.1209259033203125
0 0.6669921875 0.0771331787109375 0.02001953125 0.1052093505859375
0 0.039794921875 0.279083251953125 0.0225830078125 0.1038360595703125
0 0.5341796875 0.124664306640625 0.01983642578125 0.0750732421875
0 0.7197265625 0.2587890625 0.0229339599609375 0.11077880859375
0 0.269775390625 0.258331298828125 0.0230712890625 0.1114654541015625
0 0.83251953125 0.147705078125 0.0177154541015625 0.07801055908203125
0 0.9404296875 0.0579833984375 0.020965576171875 0.08758544921875
0 0.76611328125 0.105438232421875 0.0184326171875 0.0955963134765625
0 0.31005859375 0.233612060546875 0.0189361572265625 0.07450103759765625
0 0.84033203125 0.288543701171875 0.0214080810546875 0.0952911376953125
0 0.876953125 0.2362060546875 0.0204925537109375 0.0988006591796875
0 0.51904296875 0.276031494140625 0.0219879150390625 0.09063720703125
0 0.467041015625 0.27557373046875 0.0209197998046875 0.1018524169921875
0 0.23095703125 0.3082275390625 0.015716552734375 0.0684356689453125
0 0.341064453125 0.07450103759765625 0.016845703125 0.0695037841796875
0 0.03271484375 0.743408203125 0.0236968994140625 0.174713134765625