0 0.5273450000000001 0.127325 0.02199 0.10185000000000001
0 0.130615 0.05515 0.022765 0.08994999999999999
0 0.365965 0.060274999999999995 0.01848 0.09452500000000001
0 0.07848999999999999 0.222625 0.02121 0.09895
0 0.33154500000000003 0.08927500000000001 0.02237 0.10460000000000001
0 0.208495 0.145175 0.01834 0.10345
0 0.149535 0.28855000000000003 0.026 0.1149
0 0.70801 0.2034 0.016845 0.10085000000000001
0 0.47339 0.2452 0.023649999999999997 0.1081
0 0.6626000000000001 0.06167500000000001 0.020415 0.09727499999999999
0 0.363525 0.2864 0.02124 0.1085
0 0.060759999999999995 0.0956 0.016785 0.07745
0 0.463865 0.10085000000000001 0.018095 0.07335
0 0.042635 0.292825 0.022795000000000003 0.10665
0 0.11145000000000001 0.2217 0.023239999999999997 0.107275
0 0.24133500000000002 0.09255000000000001 0.018905 0.08522500000000001
0 0.5742200000000001 0.19454999999999997 0.022765 0.08789999999999999
0 0.267335 0.090625 0.01738 0.084225
0 0.863675 0.23522500000000002 0.021465 0.133625
0 0.7666000000000001 0.06922500000000001 0.01692 0.09727499999999999
0 0.827845 0.08985 0.020300000000000002 0.134125
0 0.543455 0.2983 0.01744 0.122825
0 0.862795 0.0949 0.0206 0.089575
0 0.67334 0.22552499999999998 0.01912 0.1081
0 0.7460950000000001 0.27602499999999996 0.02092 0.11955
0 0.961425 0.094375 0.01622 0.07277499999999999
0 0.9418949999999999 0.29114999999999996 0.02141 0.0924
0 0.9780249999999999 0.2327 0.023375 0.09805
0 0.03775 0.7367 0.030789999999999998 0.169825
0 0.436525 0.301525 0.02101 0.112675
0 0.6313500000000001 0.1422 0.0188 0.09727499999999999