0 0.53271484375 0.1146697998046875 0.0207672119140625 0.1016998291015625
0 0.43798828125 0.0582122802734375 0.021240234375 0.1055908203125
0 0.3671875 0.07251739501953125 0.0190887451171875 0.099334716796875
0 0.64013671875 0.26214599609375 0.021942138671875 0.107269287109375
0 0.94482421875 0.242462158203125 0.0233306884765625 0.10223388671875
0 0.77783203125 0.210418701171875 0.0200653076171875 0.1018524169921875
0 0.25390625 0.06610870361328125 0.0271759033203125 0.10955810546875
0 0.469482421875 0.1290130615234375 0.01837158203125 0.0868988037109375
0 0.6689453125 0.0901031494140625 0.0199432373046875 0.0989532470703125
0 0.91015625 0.201873779296875 0.0219879150390625 0.1088714599609375
0 0.6083984375 0.1580810546875 0.0177154541015625 0.091705322265625
0 0.83935546875 0.2276611328125 0.0232391357421875 0.113372802734375
0 0.80908203125 0.16143798828125 0.0199127197265625 0.09490966796875
0 0.56689453125 0.0605010986328125 0.01983642578125 0.092010498046875
0 0.36279296875 0.25634765625 0.0238189697265625 0.1052093505859375
0 0.26953125 0.19378662109375 0.022796630859375 0.1052093505859375
0 0.2274169921875 0.137939453125 0.02203369140625 0.12542724609375
0 0.97021484375 0.133056640625 0.0193023681640625 0.0750732421875
0 0.74365234375 0.2801513671875 0.0227203369140625 0.1070404052734375
0 0.04803466796875 0.276031494140625 0.02276611328125 0.1070404052734375
0 0.5146484375 0.240631103515625 0.0231475830078125 0.1251983642578125
0 0.1624755859375 0.265045166015625 0.0242767333984375 0.11383056640625
0 0.3330078125 0.1213836669921875 0.0182952880859375 0.0945281982421875
0 0.84033203125 0.09674072265625 0.019866943359375 0.0829315185546875
0 0.7314453125 0.1499176025390625 0.01751708984375 0.0872039794921875
0 0.06817626953125 0.0719451904296875 0.0203399658203125 0.0888824462890625
0 0.1334228515625 0.12237548828125 0.019012451171875 0.090789794921875
0 0.441162109375 0.2288818359375 0.020172119140625 0.099945068359375
0 0.034088134765625 0.060272216796875 0.02044677734375 0.102996826171875
0 0.1199951171875 0.269012451171875 0.022369384765625 0.0926971435546875
0 0.034698486328125 0.750732421875 0.0280609130859375 0.199737548828125