0 0.1281950281300062 0.1277987087206885 0.02073331797876239 0.09248096236325186
0 0.13117990177557745 0.27662189561994543 0.02476275326229536 0.13008281777028594
0 0.15831328815074439 0.06041706065145786 0.023081139391267158 0.11653715819283898
0 0.43146746665252655 0.10657387479975228 0.01974751209524817 0.10343934907034778
0 0.4573778097397022 0.24904666960812652 0.02253233101079718 0.15107381324682487
0 0.219970703125 0.2587890625 0.0238189697265625 0.1175689697265625
0 0.327392578125 0.079498291015625 0.0218658447265625 0.108489990234375
0 0.2310791015625 0.11932373046875 0.0215301513671875 0.0995635986328125
0 0.01374053955078125 0.24017333984375 0.024932861328125 0.124664306640625
0 0.26416015625 0.06214141845703125 0.02044677734375 0.1004791259765625
0 0.361572265625 0.050506591796875 0.02276611328125 0.10101318359375
0 0.6376953125 0.269927978515625 0.0230712890625 0.123291015625
0 0.6728515625 0.211944580078125 0.02447509765625 0.12664794921875
0 0.85400390625 0.2587890625 0.0257568359375 0.1175689697265625
0 0.9267578125 0.1157379150390625 0.0196380615234375 0.099945068359375
0 0.56884765625 0.0872039794921875 0.018157958984375 0.0902557373046875
0 0.970703125 0.178070068359375 0.0224609375 0.111236572265625
0 0.869140625 0.07564544677734375 0.0173797607421875 0.085906982421875
0 0.05450439453125 0.2874755859375 0.021453857421875 0.0965118408203125
0 0.6572265625 0.0868988037109375 0.020294189453125 0.09490966796875
0 0.74169921875 0.238494873046875 0.023284912109375 0.1221466064453125
0 0.5400390625 0.090484619140625 0.017181396484375 0.084228515625
0 0.416259765625 0.2447509765625 0.0231475830078125 0.1177978515625
0 0.71142578125 0.214080810546875 0.01971435546875 0.1012420654296875
0 0.8349609375 0.1032257080078125 0.0184326171875 0.0852203369140625
0 0.509765625 0.16265869140625 0.020416259765625 0.1105499267578125
0 0.034698486328125 0.0708770751953125 0.0194549560546875 0.0885772705078125
0 0.36376953125 0.272064208984375 0.021453857421875 0.106048583984375
0 0.0330810546875 0.7470703125 0.035736083984375 0.16448974609375
0 0.73974609375 0.0579833984375 0.0189361572265625 0.0768280029296875
0 0.943359375 0.300445556640625 0.015960693359375 0.14404296875