0 0.91 0.18375 0.021 0.0775
0 0.94194 0.05465 0.01788 0.085825
0 0.16823 0.11410000000000001 0.019465 0.0932
0 0.7303200000000001 0.15125 0.019355 0.0875
0 0.011275 0.24489999999999998 0.022545000000000003 0.12480000000000001
0 0.226855 0.279725 0.029405 0.12945
0 0.430555 0.0999 0.019895 0.104825
0 0.837885 0.22535 0.024775 0.109275
0 0.04487 0.229925 0.026260000000000002 0.105175
0 0.8693350000000001 0.1509 0.01857 0.09285
0 0.464885 0.059824999999999996 0.018775 0.094625
0 0.573905 0.252225 0.02219 0.086
0 0.26781 0.268825 0.02462 0.112375
0 0.634775 0.112925 0.01907 0.09570000000000001
0 0.6705 0.09082499999999999 0.019 0.083325
0 0.7584650000000001 0.060825 0.022165 0.0932
0 0.133405 0.069725 0.022355 0.100525
0 0.065385 0.08295 0.025775 0.1009
0 0.340075 0.28197500000000003 0.02232 0.10605
0 0.36033499999999996 0.061900000000000004 0.020665 0.09880000000000001
0 0.809275 0.163525 0.019545000000000003 0.10797499999999999
0 0.37253 0.246225 0.02206 0.10755
0 0.5329400000000001 0.319375 0.021285000000000002 0.09375
0 0.56598 0.078025 0.020965 0.10095000000000001
0 0.15206 0.24955 0.02512 0.11564999999999999
0 0.428035 0.310875 0.02307 0.098275
0 0.261755 0.053125 0.02051 0.10625
0 0.739995 0.2731 0.019105 0.12225
0 0.9360449999999999 0.215825 0.023905000000000003 0.11164999999999999
0 0.653845 0.28415 0.02583 0.133325
0 0.0341 0.753625 0.04011 0.152225