0 0.034285998919386086 0.7132221165583523 0.040703164492533236 0.13201026321902673
0 0.14374450883849568 0.28785571285259975 0.023468491238938044 0.08433989038993364
0 0.2310791015625 0.1435089111328125 0.0182342529296875 0.0971221923828125
0 0.1715087890625 0.116424560546875 0.020965576171875 0.0988006591796875
0 0.92822265625 0.307159423828125 0.0205230712890625 0.102996826171875
0 0.33447265625 0.121917724609375 0.0190887451171875 0.093231201171875
0 0.06768798828125 0.08758544921875 0.0207977294921875 0.102081298828125
0 0.76904296875 0.116424560546875 0.020721435546875 0.0980377197265625
0 0.27490234375 0.216064453125 0.02044677734375 0.1024627685546875
0 0.8310546875 0.274505615234375 0.020843505859375 0.094146728515625
0 0.361083984375 0.27252197265625 0.02288818359375 0.1146697998046875
0 0.5341796875 0.0846099853515625 0.0184783935546875 0.0943756103515625
0 0.1390380859375 0.0765228271484375 0.0161590576171875 0.09063720703125
0 0.8623046875 0.05558013916015625 0.02044677734375 0.1026153564453125
0 0.431884765625 0.132293701171875 0.0189361572265625 0.0899505615234375
0 0.00864410400390625 0.167388916015625 0.017242431640625 0.1012420654296875
0 0.74853515625 0.239410400390625 0.0225067138671875 0.111236572265625
0 0.966796875 0.243377685546875 0.0244293212890625 0.1039886474609375
0 0.26025390625 0.060272216796875 0.0188751220703125 0.099945068359375
0 0.830078125 0.136871337890625 0.0196075439453125 0.1007080078125
0 0.62158203125 0.269012451171875 0.021820068359375 0.1010894775390625
0 0.51904296875 0.2679443359375 0.024139404296875 0.118865966796875
0 0.96630859375 0.0676727294921875 0.019561767578125 0.09918212890625
0 0.71142578125 0.214385986328125 0.0219879150390625 0.12542724609375
0 0.4287109375 0.28228759765625 0.0211181640625 0.106048583984375
0 0.66357421875 0.260162353515625 0.0257110595703125 0.1202392578125
0 0.3193359375 0.258331298828125 0.02276611328125 0.102996826171875
0 0.46875 0.247039794921875 0.024383544921875 0.1161956787109375
0 0.04132080078125 0.270538330078125 0.0217437744140625 0.11688232421875
0 0.55908203125 0.290679931640625 0.021575927734375 0.107879638671875
0 0.634765625 0.1221466064453125 0.01422882080078125 0.0899505615234375