0 0.43122000000000005 0.11460000000000001 0.019745000000000002 0.1093
0 0.44092000000000003 0.27144999999999997 0.019715 0.111225
0 0.23279 0.12025000000000001 0.02025 0.087575
0 0.538575 0.263525 0.02237 0.082025
0 0.47436500000000004 0.2443 0.01834 0.1017
0 0.93164 0.150225 0.01837 0.085525
0 0.139525 0.049475 0.017855 0.08109999999999999
0 0.6365700000000001 0.21175 0.02445 0.11289999999999999
0 0.069395 0.07745 0.017305 0.088575
0 0.36865 0.083325 0.01738 0.10445
0 0.32470499999999997 0.28059999999999996 0.02133 0.10545
0 0.867675 0.07745 0.01924 0.0801
0 0.978515 0.210125 0.01898 0.10032500000000001
0 0.668455 0.134575 0.01738 0.086525
0 0.54199 0.06385 0.014785 0.091325
0 0.83301 0.13305 0.01961 0.0789
0 0.868165 0.26505 0.025175 0.09727499999999999
0 0.96045 0.06585 0.01718 0.09255000000000001
0 0.76035 0.07200000000000001 0.02633 0.11407500000000001
0 0.23523 0.322575 0.021745 0.078
0 0.757325 0.27449999999999997 0.01819 0.1387
0 0.569335 0.10400000000000001 0.0206 0.098425
0 0.363525 0.28275 0.020965 0.09217499999999999
0 0.13806000000000002 0.25115 0.02089 0.10445
0 0.037200000000000004 0.0975 0.019684999999999998 0.09255000000000001
0 0.16845500000000002 0.0978 0.020495 0.1017
0 0.71533 0.2507 0.026809999999999997 0.1036
0 0.26416 0.06434999999999999 0.017515 0.082325
0 0.63916 0.045274999999999996 0.017855 0.0808
0 0.01055 0.19745000000000001 0.021095 0.10932499999999999
0 0.03488 0.753775 0.031435 0.20004999999999998