0 0.16973500000000002 0.264 0.025985 0.132
0 0.938735 0.313875 0.024640000000000002 0.125575
0 0.470705 0.11445 0.022795000000000003 0.11977499999999999
0 0.6538099999999999 0.26899999999999996 0.02199 0.11932499999999999
0 0.512205 0.24337499999999998 0.02182 0.11445
0 0.927245 0.102225 0.022585 0.113975
0 0.131105 0.26992499999999997 0.023100000000000002 0.11445
0 0.841795 0.07769999999999999 0.021775 0.11574999999999999
0 0.048125 0.27144999999999997 0.02533 0.12855
0 0.57129 0.10765000000000001 0.016845 0.087575
0 0.329835 0.311125 0.025225 0.12115000000000001
0 0.35619999999999996 0.05325 0.02141 0.104825
0 0.86963 0.108875 0.018690000000000002 0.0956
0 0.15966999999999998 0.058449999999999995 0.02101 0.111475
0 0.26684500000000005 0.064625 0.019195 0.0965
0 0.634765 0.0814 0.020965 0.08994999999999999
0 0.7646499999999999 0.275575 0.021745 0.11535000000000001
0 0.26244999999999996 0.254525 0.024995 0.124675
0 0.9570299999999999 0.056125 0.021745 0.11227499999999999
0 0.7251000000000001 0.27405 0.02562 0.12855
0 0.810545 0.2005 0.02057 0.10125
0 0.364015 0.2205 0.02092 0.129025
0 0.439455 0.26992499999999997 0.023329999999999997 0.111475
0 0.53711 0.0805 0.01927 0.10147500000000001
0 0.23254499999999997 0.118875 0.018905 0.0969
0 0.61426 0.27144999999999997 0.019379999999999998 0.0969
0 0.7631849999999999 0.053675 0.01692 0.103825
0 0.440185 0.06665 0.01724 0.08789999999999999
0 0.07159499999999999 0.10032500000000001 0.019454999999999997 0.10125
0 0.012335 0.254525 0.021485 0.08689999999999999
0 0.03418 0.7489 0.037384999999999995 0.186625