0 0.032179659831625886 0.7392160292282736 0.040997573735665684 0.20269750143052584
0 0.040908497417405494 0.325819890935088 0.021359303961300213 0.11041674081689098
0 0.35595703125 0.277557373046875 0.024566650390625 0.117340087890625
0 0.93603515625 0.097503662109375 0.0191192626953125 0.087890625
0 0.1280517578125 0.153350830078125 0.019012451171875 0.09063720703125
0 0.429931640625 0.09918212890625 0.0180206298828125 0.0945281982421875
0 0.72998046875 0.0826263427734375 0.0211181640625 0.0965118408203125
0 0.03240966796875 0.1277923583984375 0.0196075439453125 0.10223388671875
0 0.634765625 0.0774383544921875 0.01763916015625 0.0846099853515625
0 0.76513671875 0.06816864013671875 0.0216217041015625 0.1070404052734375
0 0.1331787109375 0.271453857421875 0.027435302734375 0.13031005859375
0 0.33447265625 0.0888824462890625 0.01983642578125 0.093841552734375
0 0.155029296875 0.0626373291015625 0.0258636474609375 0.1146697998046875
0 0.53466796875 0.1068115234375 0.020416259765625 0.09765625
0 0.470947265625 0.23406982421875 0.02337646484375 0.1195526123046875
0 0.3681640625 0.1200103759765625 0.0177154541015625 0.093231201171875
0 0.90966796875 0.203857421875 0.0224609375 0.11444091796875
0 0.25830078125 0.089263916015625 0.0154266357421875 0.0980377197265625
0 0.85205078125 0.239410400390625 0.0217437744140625 0.1105499267578125
0 0.9677734375 0.0750732421875 0.0187225341796875 0.0962066650390625
0 0.242919921875 0.270538330078125 0.0221099853515625 0.103607177734375
0 0.07904052734375 0.2276611328125 0.0212860107421875 0.086212158203125
0 0.72119140625 0.296630859375 0.023101806640625 0.115966796875
0 0.513671875 0.24383544921875 0.0264129638671875 0.0997161865234375
0 0.65478515625 0.272979736328125 0.0239105224609375 0.1277923583984375
0 0.2763671875 0.208892822265625 0.0192718505859375 0.1275634765625
0 0.833984375 0.102996826171875 0.0194549560546875 0.096893310546875
0 0.5703125 0.0923919677734375 0.020721435546875 0.079498291015625
0 0.43310546875 0.3155517578125 0.019195556640625 0.1126861572265625
0 0.669101759074834 0.11765890255795028 0.019979813641916054 0.07769927527411809
0 0.86767578125 0.07801055908203125 0.020416259765625 0.1099395751953125