0 0.034376565276535646 0.75277150240589 0.03262009843758857 0.16059125384658984
0 0.9697265625 0.09765625 0.0216522216796875 0.0981903076171875
0 0.73681640625 0.102081298828125 0.0180511474609375 0.087890625
0 0.66796875 0.079803466796875 0.0202484130859375 0.1052093505859375
0 0.466064453125 0.062408447265625 0.0182952880859375 0.092010498046875
0 0.8681640625 0.1358795166015625 0.01953125 0.0849151611328125
0 0.357421875 0.0600433349609375 0.0177764892578125 0.0811004638671875
0 0.235595703125 0.0774383544921875 0.0177154541015625 0.089569091796875
0 0.041534423828125 0.100860595703125 0.0182342529296875 0.078887939453125
0 0.93896484375 0.064849853515625 0.018646240234375 0.0868988037109375
0 0.42724609375 0.280609130859375 0.023773193359375 0.1151275634765625
0 0.51171875 0.21728515625 0.0236968994140625 0.11016845703125
0 0.71142578125 0.220489501953125 0.0216522216796875 0.1016998291015625
0 0.61865234375 0.2520751953125 0.021820068359375 0.1103973388671875
0 0.1702880859375 0.092926025390625 0.01934814453125 0.0921630859375
0 0.269287109375 0.12115478515625 0.02001953125 0.09857177734375
0 0.06890869140625 0.1142120361328125 0.0181884765625 0.078582763671875
0 0.54541015625 0.271453857421875 0.024139404296875 0.121917724609375
0 0.00916290283203125 0.192718505859375 0.0182647705078125 0.1146697998046875
0 0.83935546875 0.05306243896484375 0.01934814453125 0.08758544921875
0 0.7705078125 0.1068115234375 0.021942138671875 0.10009765625
0 0.63330078125 0.1146697998046875 0.0192413330078125 0.092926025390625
0 0.91064453125 0.219268798828125 0.0194244384765625 0.0945281982421875
0 0.21337890625 0.235443115234375 0.0239105224609375 0.11383056640625
0 0.140869140625 0.25970458984375 0.0224151611328125 0.10223388671875
0 0.10894775390625 0.1708984375 0.0202178955078125 0.104217529296875
0 0.331298828125 0.1502227783203125 0.017913818359375 0.0846099853515625
0 0.34521484375 0.27099609375 0.0224609375 0.114898681640625
0 0.537109375 0.1099395751953125 0.0169830322265625 0.079803466796875
0 0.46630859375 0.2764892578125 0.0203399658203125 0.10345458984375
0 0.83447265625 0.200042724609375 0.019500732421875 0.0952911376953125