0 0.01957 0.297475 0.021665 0.08772500000000001
0 0.061095 0.283825 0.022795000000000003 0.12025000000000001
0 0.648925 0.28595 0.02289 0.09545
0 0.856445 0.0451 0.01877 0.08927500000000001
0 0.56201 0.2797 0.022585 0.11382500000000001
0 0.33423 0.10665 0.019379999999999998 0.09147500000000001
0 0.53076 0.082025 0.02162 0.1149
0 0.26440499999999995 0.24932500000000002 0.021865 0.107875
0 0.22246000000000002 0.302125 0.017715 0.09455
0 0.36913999999999997 0.075375 0.019559999999999998 0.087575
0 0.466795 0.2327 0.02104 0.1191
0 0.16101 0.053899999999999997 0.020765000000000002 0.088575
0 0.73584 0.281675 0.02121 0.112675
0 0.42578 0.27405 0.026155 0.132525
0 0.128295 0.092 0.022245 0.10765000000000001
0 0.5195299999999999 0.24887499999999999 0.023469999999999998 0.11359999999999999
0 0.168215 0.26170000000000004 0.023024999999999997 0.107275
0 0.314695 0.24475000000000002 0.026809999999999997 0.1142
0 0.069395 0.0908 0.017045 0.083325
0 0.637205 0.08262499999999999 0.01912 0.0969
0 0.033265 0.747675 0.032655 0.16510000000000002
0 0.966795 0.0674 0.0193 0.0953
0 0.7612300000000001 0.06145 0.02133 0.100475
0 0.26758 0.073925 0.022324999999999998 0.099175
0 0.9331050000000001 0.0605 0.02069 0.10147500000000001
0 0.827635 0.27907499999999996 0.02284 0.15869999999999998
0 0.61084 0.21760000000000002 0.019425 0.10400000000000001
0 0.771485 0.25635 0.02182 0.104225
0 0.43017500000000003 0.127325 0.02002 0.08689999999999999
0 0.83008 0.139225 0.016585000000000003 0.118025
0 0.91162 0.249775 0.022719999999999997 0.1011