0 0.96484375 0.0849151611328125 0.021453857421875 0.095977783203125
0 0.830078125 0.07595062255859375 0.020721435546875 0.0972747802734375
0 0.92529296875 0.0817108154296875 0.023468017578125 0.1120758056640625
0 0.1639404296875 0.0783538818359375 0.019561767578125 0.096893310546875
0 0.56982421875 0.10284423828125 0.0206451416015625 0.11688232421875
0 0.459228515625 0.234527587890625 0.0223236083984375 0.11688232421875
0 0.8642578125 0.245208740234375 0.0272216796875 0.1195526123046875
0 0.53857421875 0.102996826171875 0.0190582275390625 0.0926971435546875
0 0.421142578125 0.29327392578125 0.0252227783203125 0.111846923828125
0 0.1322021484375 0.1479339599609375 0.017578125 0.0954437255859375
0 0.465087890625 0.053253173828125 0.0230712890625 0.105438232421875
0 0.673828125 0.22674560546875 0.023956298828125 0.1136016845703125
0 0.6611328125 0.093994140625 0.01812744140625 0.089263916015625
0 0.339111328125 0.09918212890625 0.0182952880859375 0.089263916015625
0 0.3701171875 0.09765625 0.0222015380859375 0.1026153564453125
0 0.1761474609375 0.24017333984375 0.01861572265625 0.0934600830078125
0 0.308349609375 0.181121826171875 0.0199127197265625 0.10955810546875
0 0.7138671875 0.233154296875 0.0219879150390625 0.1050567626953125
0 0.8642578125 0.09185791015625 0.020172119140625 0.0997161865234375
0 0.95947265625 0.222930908203125 0.02386474609375 0.1142120361328125
0 0.75390625 0.2874755859375 0.021484375 0.107879638671875
0 0.2091064453125 0.175323486328125 0.019866943359375 0.108489990234375
0 0.2398681640625 0.06664276123046875 0.0200958251953125 0.094146728515625
0 0.63134765625 0.1045989990234375 0.019012451171875 0.0943756103515625
0 0.2425537109375 0.272979736328125 0.02001953125 0.0936126708984375
0 0.037261962890625 0.21881103515625 0.0223236083984375 0.10955810546875
0 0.7685546875 0.0807952880859375 0.02203369140625 0.107421875
0 0.0699462890625 0.106658935546875 0.0173797607421875 0.085906982421875
0 0.509765625 0.20660400390625 0.0207672119140625 0.1076507568359375
0 0.01085662841796875 0.1959228515625 0.020294189453125 0.0981903076171875
0 0.034820556640625 0.762939453125 0.036712646484375 0.1446533203125