0 0.71077 0.219625 0.020175000000000002 0.10994999999999999
0 0.16748 0.0674 0.01848 0.0953
0 0.231565 0.0859 0.02165 0.103825
0 0.428955 0.09995 0.021165 0.10742499999999999
0 0.625 0.09117499999999999 0.02133 0.125425
0 0.6259750000000001 0.2568 0.02606 0.116425
0 0.867675 0.087575 0.016785 0.106425
0 0.45996 0.08927500000000001 0.01799 0.09217499999999999
0 0.30957 0.2188 0.018095 0.0924
0 0.266355 0.06485 0.017915 0.094375
0 0.740235 0.26015 0.01462 0.1085
0 0.5444349999999999 0.269475 0.020645 0.104225
0 0.55713 0.0908 0.018875 0.08262499999999999
0 0.57666 0.20079999999999998 0.02382 0.111225
0 0.9101549999999999 0.18357500000000002 0.021485 0.1242
0 0.661135 0.083325 0.02089 0.099325
0 0.071045 0.1252 0.017855 0.08109999999999999
0 0.035005 0.7495 0.03711 0.16602499999999998
0 0.34008999999999995 0.0862 0.017515 0.084225
0 0.833495 0.1155 0.016785 0.087575
0 0.011465 0.21239999999999998 0.017515 0.083925
0 0.43383999999999995 0.27602499999999996 0.025865 0.121375
0 0.828125 0.3128 0.02133 0.1007
0 0.041534999999999996 0.0872 0.019684999999999998 0.0814
0 0.342775 0.26215 0.018905 0.129325
0 0.9350599999999999 0.2324 0.01912 0.09452500000000001
0 0.9697250000000001 0.157775 0.015715 0.06665
0 0.12097 0.26747499999999996 0.026 0.1149
0 0.769045 0.120475 0.0208 0.099575
0 0.16088999999999998 0.28059999999999996 0.021285000000000002 0.10605
0 0.26196499999999995 0.27405 0.0208 0.094