0 0.42578125 0.06923675537109375 0.0236053466796875 0.113372802734375
0 0.462158203125 0.0551605224609375 0.0188751220703125 0.0989532470703125
0 0.458740234375 0.2685546875 0.0239105224609375 0.1103973388671875
0 0.0322265625 0.1363372802734375 0.0162200927734375 0.0804901123046875
0 0.261474609375 0.04543304443359375 0.0207977294921875 0.0908660888671875
0 0.2264404296875 0.08331298828125 0.018157958984375 0.1273345947265625
0 0.223388671875 0.303192138671875 0.0242767333984375 0.1190948486328125
0 0.152587890625 0.287933349609375 0.0235137939453125 0.1016998291015625
0 0.56982421875 0.085906982421875 0.0185394287109375 0.0885772705078125
0 0.7578125 0.0489044189453125 0.019866943359375 0.0972747802734375
0 0.312744140625 0.23895263671875 0.02484130859375 0.1200103759765625
0 0.331787109375 0.10955810546875 0.019195556640625 0.0952911376953125
0 0.666015625 0.0722503662109375 0.018157958984375 0.0774383544921875
0 0.72802734375 0.079498291015625 0.02447509765625 0.1151275634765625
0 0.5380859375 0.095977783203125 0.0179901123046875 0.0899505615234375
0 0.364990234375 0.064849853515625 0.02215576171875 0.109100341796875
0 0.54345703125 0.239715576171875 0.0239105224609375 0.1251983642578125
0 0.630859375 0.31982421875 0.0230255126953125 0.0997161865234375
0 0.97119140625 0.204925537109375 0.0174407958984375 0.13275146484375
0 0.95654296875 0.04322052001953125 0.0182647705078125 0.084228515625
0 0.63232421875 0.109710693359375 0.020599365234375 0.104827880859375
0 0.06854248046875 0.266571044921875 0.022247314453125 0.1076507568359375
0 0.8701171875 0.0868988037109375 0.0191650390625 0.0901031494140625
0 0.9384765625 0.308837890625 0.024383544921875 0.10955810546875
0 0.11358642578125 0.2349853515625 0.0215301513671875 0.0997161865234375
0 0.72900390625 0.30548095703125 0.01934814453125 0.132293701171875
0 0.84912109375 0.25299072265625 0.0245208740234375 0.1068115234375
0 0.06695556640625 0.0804901123046875 0.0164031982421875 0.091705322265625
0 0.1353759765625 0.0722503662109375 0.01812744140625 0.086517333984375
0 0.81298828125 0.250244140625 0.021484375 0.102081298828125
0 0.0323486328125 0.7586669921875 0.034088134765625 0.167999267578125