0 0.1688232421875 0.1403045654296875 0.016845703125 0.09765625
0 0.06744384765625 0.218048095703125 0.028594970703125 0.1451873779296875
0 0.75634765625 0.064849853515625 0.02655029296875 0.1123046875
0 0.271484375 0.1280975341796875 0.0189056396484375 0.08758544921875
0 0.810546875 0.194549560546875 0.0221099853515625 0.1226043701171875
0 0.034759521484375 0.3076171875 0.027069091796875 0.1355743408203125
0 0.6669921875 0.24932861328125 0.0229339599609375 0.1099395751953125
0 0.7724609375 0.23406982421875 0.02337646484375 0.1153564453125
0 0.379150390625 0.221710205078125 0.0216522216796875 0.1039886474609375
0 0.97021484375 0.0902557373046875 0.019561767578125 0.1012420654296875
0 0.91796875 0.29388427734375 0.020172119140625 0.11932373046875
0 0.84375 0.243377685546875 0.022796630859375 0.116424560546875
0 0.416259765625 0.250244140625 0.0255584716796875 0.1275634765625
0 0.2371826171875 0.2630615234375 0.0201416015625 0.10009765625
0 0.4677734375 0.1068115234375 0.019500732421875 0.0901031494140625
0 0.62646484375 0.283203125 0.0231475830078125 0.1126861572265625
0 0.33251953125 0.15625 0.0164642333984375 0.08819580078125
0 0.362060546875 0.07335662841796875 0.0163421630859375 0.0771331787109375
0 0.958984375 0.279693603515625 0.0229339599609375 0.0995635986328125
0 0.57080078125 0.106201171875 0.021453857421875 0.1120758056640625
0 0.140869140625 0.0600433349609375 0.017578125 0.090484619140625
0 0.10931396484375 0.16143798828125 0.02044677734375 0.1004791259765625
0 0.7333984375 0.2685546875 0.0237274169921875 0.115966796875
0 0.51220703125 0.252532958984375 0.0182342529296875 0.0899505615234375
0 0.03656005859375 0.76416015625 0.03802490234375 0.184478759765625
0 0.0560302734375 0.04985809326171875 0.0192718505859375 0.0909423828125
0 0.43212890625 0.072784423828125 0.0192413330078125 0.09490966796875
0 0.2418212890625 0.078582763671875 0.017181396484375 0.0855255126953125
0 0.53662109375 0.080108642578125 0.0194244384765625 0.1052093505859375
0 0.83837890625 0.099945068359375 0.0177154541015625 0.087890625
0 0.6650390625 0.09857177734375 0.0174407958984375 0.089569091796875