0 0.66015625 0.25299072265625 0.02215576171875 0.1088714599609375
0 0.132080078125 0.31280517578125 0.023468017578125 0.1088714599609375
0 0.4716796875 0.2484130859375 0.019866943359375 0.11383056640625
0 0.56494140625 0.07335662841796875 0.02215576171875 0.1123046875
0 0.51220703125 0.252532958984375 0.0194549560546875 0.1110076904296875
0 0.93408203125 0.2740478515625 0.0235595703125 0.120697021484375
0 0.9716796875 0.212860107421875 0.0209197998046875 0.1186370849609375
0 0.1624755859375 0.0551605224609375 0.0174407958984375 0.0943756103515625
0 0.66796875 0.07450103759765625 0.02069091796875 0.1010894775390625
0 0.329833984375 0.3192138671875 0.0232391357421875 0.108489990234375
0 0.771484375 0.128326416015625 0.020721435546875 0.0872039794921875
0 0.267822265625 0.1126861572265625 0.0187225341796875 0.0921630859375
0 0.740234375 0.274505615234375 0.021942138671875 0.1105499267578125
0 0.93017578125 0.135345458984375 0.0185394287109375 0.0926971435546875
0 0.429931640625 0.1052093505859375 0.0211639404296875 0.102081298828125
0 0.82763671875 0.1088714599609375 0.0230255126953125 0.1068115234375
0 0.54833984375 0.23101806640625 0.023651123046875 0.123291015625
0 0.45947265625 0.055999755859375 0.017578125 0.085906982421875
0 0.708984375 0.186614990234375 0.01666259765625 0.070037841796875
0 0.6328125 0.1171112060546875 0.0181884765625 0.08758544921875
0 0.1304931640625 0.099945068359375 0.02191162109375 0.1064300537109375
0 0.25146484375 0.2484130859375 0.020965576171875 0.1088714599609375
0 0.0239105224609375 0.31219482421875 0.0244293212890625 0.1103973388671875
0 0.328125 0.085906982421875 0.020965576171875 0.1016998291015625
0 0.86083984375 0.0516510009765625 0.0196075439453125 0.1003265380859375
0 0.028167724609375 0.07801055908203125 0.0197906494140625 0.1016998291015625
0 0.8330078125 0.3094482421875 0.0225067138671875 0.1146697998046875
0 0.367919921875 0.22796630859375 0.0284423828125 0.140533447265625
0 0.2335205078125 0.070037841796875 0.0211639404296875 0.1032257080078125
0 0.034088134765625 0.74951171875 0.0309600830078125 0.1499176025390625
0 0.06268310546875 0.0600433349609375 0.024139404296875 0.1175689697265625