0 0.03405 0.748425 0.039125 0.15505000000000002
0 0.038835 0.076075 0.01565 0.10577500000000001
0 0.35913 0.051050000000000005 0.022535 0.085525
0 0.66162 0.0962 0.020095 0.09307499999999999
0 0.111265 0.21285 0.017715 0.111475
0 0.27009500000000003 0.24239999999999998 0.02391 0.113675
0 0.328855 0.120475 0.02452 0.111625
0 0.13794 0.10300000000000001 0.01877 0.09307499999999999
0 0.452395 0.264125 0.023375 0.1097
0 0.23144499999999998 0.09972500000000001 0.019010000000000003 0.0956
0 0.770995 0.088875 0.019864999999999997 0.098575
0 0.437255 0.11315 0.019454999999999997 0.088875
0 0.717285 0.286875 0.02208 0.0978
0 0.46997000000000005 0.09634999999999999 0.020295 0.099325
0 0.56836 0.11185 0.017915 0.087575
0 0.36279500000000003 0.234525 0.026705 0.12587500000000001
0 0.6362300000000001 0.27907499999999996 0.022155 0.104825
0 0.14673 0.26015 0.023285 0.102075
0 0.87207 0.107875 0.021865 0.0859
0 0.516115 0.2588 0.02423 0.12855
0 0.90918 0.208425 0.0188 0.0882
0 0.9384750000000001 0.108725 0.01692 0.07595
0 0.046630000000000005 0.26170000000000004 0.02484 0.0795
0 0.94629 0.26747499999999996 0.02391 0.11185
0 0.6313500000000001 0.10765000000000001 0.019559999999999998 0.106425
0 0.069395 0.13305 0.017915 0.0882
0 0.53418 0.078575 0.018725000000000002 0.09307499999999999
0 0.26294 0.09634999999999999 0.017715 0.088575
0 0.8115249999999999 0.2298 0.01924 0.09634999999999999
0 0.756835 0.272525 0.024385 0.1081
0 0.84961 0.296025 0.023239999999999997 0.0742