0 0.26972 0.2667 0.022955 0.098575
0 0.03424 0.744025 0.033385 0.168
0 0.469725 0.10932499999999999 0.01622 0.10147500000000001
0 0.53662 0.0872 0.016665 0.10247500000000001
0 0.142945 0.23407499999999998 0.024795 0.123525
0 0.22888 0.31525 0.021745 0.0956
0 0.439455 0.0795 0.02182 0.113375
0 0.73633 0.112925 0.01848 0.09675
0 0.96808 0.21635000000000001 0.02205 0.134925
0 0.33398500000000003 0.060274999999999995 0.02121 0.1081
0 0.626955 0.098425 0.022629999999999997 0.11664999999999999
0 0.95801 0.09385 0.02069 0.09385
0 0.061095 0.28595 0.021745 0.112075
0 0.348875 0.27649999999999997 0.022795000000000003 0.107275
0 0.5117200000000001 0.24475000000000002 0.02112 0.11535000000000001
0 0.441895 0.27907499999999996 0.018585 0.09217499999999999
0 0.01979 0.2588 0.02194 0.103825
0 0.6586900000000001 0.05474999999999999 0.022414999999999997 0.10345
0 0.110655 0.2214 0.02089 0.10300000000000001
0 0.546385 0.27497499999999997 0.02391 0.113375
0 0.74951 0.2655 0.019835000000000002 0.0965
0 0.9257799999999999 0.09255000000000001 0.028655 0.13305
0 0.13794 0.056225 0.01898 0.082925
0 0.03296 0.084225 0.019379999999999998 0.107275
0 0.83838 0.05535 0.0208 0.088875
0 0.80957 0.20385 0.01979 0.100475
0 0.771485 0.104225 0.022765 0.107275
0 0.26782 0.07980000000000001 0.01848 0.08994999999999999
0 0.36792 0.06922500000000001 0.018234999999999998 0.09805
0 0.838745 0.21739999999999998 0.022645 0.10644999999999999
0 0.63574 0.30425 0.0217 0.132525