0 0.033735 0.74925 0.032885 0.169525
0 0.216555 0.27649999999999997 0.02382 0.1097
0 0.14282 0.29495 0.026109999999999998 0.11735
0 0.8774400000000001 0.20309999999999997 0.019760000000000003 0.09505000000000001
0 0.36035 0.24932500000000002 0.029375 0.127575
0 0.645995 0.30715 0.020370000000000003 0.1007
0 0.543455 0.26992499999999997 0.02191 0.10665
0 0.93213 0.27449999999999997 0.02696 0.11574999999999999
0 0.96924 0.26015 0.020765000000000002 0.099175
0 0.4104 0.2217 0.019915 0.10085000000000001
0 0.8320299999999999 0.12442500000000001 0.019835000000000002 0.0965
0 0.32250999999999996 0.298775 0.026809999999999997 0.111475
0 0.71045 0.19454999999999997 0.018615 0.094675
0 0.068665 0.26855 0.02298 0.1036
0 0.6586900000000001 0.06535 0.01837 0.09255000000000001
0 0.92871 0.094675 0.01877 0.094
0 0.632815 0.1207 0.017715 0.08689999999999999
0 0.5087900000000001 0.18005 0.02153 0.112525
0 0.15503 0.0571 0.02092 0.08689999999999999
0 0.26709 0.07225 0.022765 0.10400000000000001
0 0.85791 0.093225 0.01525 0.082925
0 0.47046 0.1007 0.02136 0.0978
0 0.73926 0.055999999999999994 0.019989999999999997 0.084925
0 0.36328 0.05515 0.020965 0.09727499999999999
0 0.7680650000000001 0.08789999999999999 0.018125 0.08927500000000001
0 0.439455 0.066375 0.01883 0.08262499999999999
0 0.5688500000000001 0.0817 0.018585 0.0862
0 0.02817 0.09634999999999999 0.02191 0.10619999999999999
0 0.23108 0.065125 0.019425 0.0924
0 0.17260499999999998 0.195625 0.023329999999999997 0.1104
0 0.02925 0.26795 0.02423 0.10742499999999999