0 0.95801 0.06167500000000001 0.024885 0.09385
0 0.538575 0.0924 0.019379999999999998 0.09147500000000001
0 0.440185 0.1001 0.01634 0.0953
0 0.4375 0.225975 0.02025 0.111225
0 0.74121 0.22385000000000002 0.0222 0.111625
0 0.5083 0.1677 0.017915 0.102625
0 0.820315 0.2977 0.023375 0.073925
0 0.13720500000000002 0.21195 0.02124 0.10665
0 0.40967000000000003 0.16570000000000001 0.019454999999999997 0.11535000000000001
0 0.93213 0.302575 0.024095 0.11055
0 0.631835 0.1374 0.018125 0.090625
0 0.33813499999999996 0.2559 0.019915 0.11359999999999999
0 0.368895 0.10679999999999999 0.019684999999999998 0.106425
0 0.769045 0.12587500000000001 0.01802 0.09345
0 0.672365 0.23545000000000002 0.020295 0.107875
0 0.54004 0.225975 0.02382 0.12025000000000001
0 0.20862 0.16357500000000003 0.018905 0.10679999999999999
0 0.8344750000000001 0.103825 0.022245 0.115975
0 0.02893 0.286875 0.02136 0.111625
0 0.30932499999999996 0.151675 0.02069 0.0817
0 0.870115 0.0962 0.018125 0.087575
0 0.033845 0.7507250000000001 0.03424 0.17302499999999998
0 0.16968 0.10505 0.02133 0.09292500000000001
0 0.24011000000000002 0.222175 0.025175 0.111225
0 0.9257799999999999 0.09147500000000001 0.02484 0.111
0 0.70996 0.18035 0.02057 0.111625
0 0.065125 0.063125 0.018935 0.0882
0 0.140745 0.0956 0.01718 0.085525
0 0.632815 0.284275 0.023239999999999997 0.12
0 0.23937999999999998 0.09415 0.017105000000000002 0.087575
0 0.06862 0.277125 0.0211 0.10275000000000001