0 0.86083984375 0.05558013916015625 0.01971435546875 0.0958251953125
0 0.56787109375 0.0888824462890625 0.0218658447265625 0.1064300537109375
0 0.96826171875 0.07366180419921875 0.0181884765625 0.09185791015625
0 0.0304412841796875 0.7275390625 0.040313720703125 0.186004638671875
0 0.9541015625 0.28594970703125 0.02203369140625 0.1055908203125
0 0.8671875 0.269927978515625 0.022979736328125 0.107269287109375
0 0.615234375 0.2655029296875 0.0204925537109375 0.1010894775390625
0 0.73291015625 0.099334716796875 0.01763916015625 0.0936126708984375
0 0.42626953125 0.1177978515625 0.0251312255859375 0.1110076904296875
0 0.356689453125 0.062408447265625 0.0205230712890625 0.1070404052734375
0 0.765625 0.265960693359375 0.024566650390625 0.11932373046875
0 0.82763671875 0.27252197265625 0.0285491943359375 0.1392364501953125
0 0.5087890625 0.1629638671875 0.017852783203125 0.10009765625
0 0.43701171875 0.262603759765625 0.029205322265625 0.135345458984375
0 0.65478515625 0.262603759765625 0.024932861328125 0.124664306640625
0 0.1673583984375 0.072784423828125 0.02191162109375 0.102996826171875
0 0.0384521484375 0.062408447265625 0.0177154541015625 0.089569091796875
0 0.72509765625 0.305938720703125 0.021820068359375 0.1099395751953125
0 0.470458984375 0.24383544921875 0.022796630859375 0.113983154296875
0 0.11474609375 0.272064208984375 0.0215301513671875 0.11077880859375
0 0.669921875 0.089569091796875 0.0238189697265625 0.091705322265625
0 0.5419921875 0.26702880859375 0.0225067138671875 0.111846923828125
0 0.0110321044921875 0.22003173828125 0.021087646484375 0.108489990234375
0 0.377197265625 0.19378662109375 0.0209197998046875 0.104217529296875
0 0.06982421875 0.0980377197265625 0.0211181640625 0.1068115234375
0 0.33251953125 0.153656005859375 0.01525115966796875 0.100860595703125
0 0.91357421875 0.238494873046875 0.0240478515625 0.125885009765625
0 0.13232421875 0.06412506103515625 0.0209197998046875 0.09765625
0 0.275146484375 0.21087646484375 0.01861572265625 0.107879638671875
0 0.2305908203125 0.1416778564453125 0.0188751220703125 0.0936126708984375
0 0.23779296875 0.284881591796875 0.0248870849609375 0.124969482421875