0 0.039642333984375 0.255889892578125 0.020599365234375 0.0872039794921875
0 0.6220703125 0.26123046875 0.0235595703125 0.107879638671875
0 0.347412109375 0.292816162109375 0.019500732421875 0.091705322265625
0 0.5390625 0.099334716796875 0.019195556640625 0.0807952880859375
0 0.208984375 0.1554107666015625 0.0186920166015625 0.104827880859375
0 0.1546630859375 0.0852203369140625 0.0165252685546875 0.0826263427734375
0 0.51025390625 0.2008056640625 0.02191162109375 0.1070404052734375
0 0.5712890625 0.099334716796875 0.01898193359375 0.0909423828125
0 0.73291015625 0.061187744140625 0.0225830078125 0.0981903076171875
0 0.441650390625 0.094146728515625 0.01837158203125 0.079498291015625
0 0.26904296875 0.09307861328125 0.0184783935546875 0.0923919677734375
0 0.33740234375 0.0820159912109375 0.0202484130859375 0.0988006591796875
0 0.767578125 0.06793975830078125 0.0194549560546875 0.089569091796875
0 0.93701171875 0.09063720703125 0.0188751220703125 0.0814056396484375
0 0.71337890625 0.25543212890625 0.022796630859375 0.100860595703125
0 0.038238525390625 0.05645751953125 0.020172119140625 0.0914764404296875
0 0.66162109375 0.283203125 0.0224609375 0.1093292236328125
0 0.1246337890625 0.1081085205078125 0.0174407958984375 0.10345458984375
0 0.3720703125 0.1093292236328125 0.017578125 0.0823211669921875
0 0.6318359375 0.0885772705078125 0.021240234375 0.1050567626953125
0 0.4091796875 0.1551055908203125 0.0190887451171875 0.093994140625
0 0.2406005859375 0.09063720703125 0.018157958984375 0.07564544677734375
0 0.8115234375 0.218048095703125 0.021240234375 0.099945068359375
0 0.8369140625 0.100860595703125 0.0199432373046875 0.0954437255859375
0 0.85009765625 0.26458740234375 0.0253753662109375 0.1082611083984375
0 0.908203125 0.17669677734375 0.018646240234375 0.1055908203125
0 0.13623046875 0.27557373046875 0.027740478515625 0.1438140869140625
0 0.94140625 0.235443115234375 0.024658203125 0.1202392578125
0 0.03436279296875 0.7440185546875 0.027069091796875 0.16326904296875
0 0.43798828125 0.222625732421875 0.023468017578125 0.1012420654296875
0 0.00881195068359375 0.1560211181640625 0.01751708984375 0.1026153564453125