0 0.73876953125 0.0872039794921875 0.0125732421875 0.0989532470703125
0 0.93701171875 0.06191253662109375 0.021087646484375 0.1007080078125
0 0.1710205078125 0.1157379150390625 0.0207977294921875 0.1012420654296875
0 0.1375732421875 0.233612060546875 0.0225372314453125 0.1146697998046875
0 0.53271484375 0.113983154296875 0.0200958251953125 0.09857177734375
0 0.233154296875 0.28167724609375 0.0222930908203125 0.111236572265625
0 0.470458984375 0.1116180419921875 0.0196380615234375 0.0846099853515625
0 0.271728515625 0.229339599609375 0.0231475830078125 0.1186370849609375
0 0.310546875 0.1727294921875 0.022247314453125 0.120697021484375
0 0.34033203125 0.220947265625 0.022247314453125 0.1099395751953125
0 0.26123046875 0.0945281982421875 0.019195556640625 0.08758544921875
0 0.8388671875 0.3167724609375 0.019378662109375 0.1032257080078125
0 0.010417938232421875 0.207366943359375 0.02083587646484375 0.13031005859375
0 0.411865234375 0.199737548828125 0.020721435546875 0.07564544677734375
0 0.8759765625 0.224609375 0.0192718505859375 0.099334716796875
0 0.43798828125 0.236663818359375 0.02069091796875 0.124969482421875
0 0.04559326171875 0.242462158203125 0.02685546875 0.124664306640625
0 0.56103515625 0.24749755859375 0.026153564453125 0.1216888427734375
0 0.340576171875 0.097503662109375 0.0185089111328125 0.0783538818359375
0 0.06597900390625 0.10955810546875 0.0197601318359375 0.0955963134765625
0 0.94482421875 0.235748291015625 0.0210113525390625 0.105438232421875
0 0.71240234375 0.24383544921875 0.017852783203125 0.0899505615234375
0 0.1104736328125 0.20263671875 0.0196380615234375 0.090484619140625
0 0.6240234375 0.265045166015625 0.0261993408203125 0.1032257080078125
0 0.56689453125 0.061187744140625 0.017242431640625 0.1003265380859375
0 0.66455078125 0.226287841796875 0.021087646484375 0.146026611328125
0 0.96875 0.125885009765625 0.0177154541015625 0.090789794921875
0 0.86279296875 0.06435394287109375 0.0186920166015625 0.087890625
0 0.66259765625 0.0807952880859375 0.0196380615234375 0.0981903076171875
0 0.771484375 0.1235198974609375 0.02203369140625 0.073089599609375
0 0.034423828125 0.75439453125 0.042022705078125 0.218048095703125