0 0.033488895414216124 0.7550048828125001 0.01603632354327603 0.19561767578125
0 0.47607421875 0.23895263671875 0.0213623046875 0.0980377197265625
0 0.1676025390625 0.07366180419921875 0.021331787109375 0.1058197021484375
0 0.54150390625 0.269927978515625 0.0216522216796875 0.153961181640625
0 0.11517333984375 0.239410400390625 0.022369384765625 0.10955810546875
0 0.23095703125 0.107269287109375 0.021484375 0.1038360595703125
0 0.43212890625 0.1448822021484375 0.0169219970703125 0.0820159912109375
0 0.01132965087890625 0.23895263671875 0.0216522216796875 0.0965118408203125
0 0.55322265625 0.062408447265625 0.019866943359375 0.08758544921875
0 0.369140625 0.0885772705078125 0.0192413330078125 0.0901031494140625
0 0.57373046875 0.2288818359375 0.0199127197265625 0.1026153564453125
0 0.955078125 0.089263916015625 0.01512908935546875 0.1123046875
0 0.3408203125 0.262603759765625 0.021697998046875 0.09857177734375
0 0.74755859375 0.2606201171875 0.0225067138671875 0.10284423828125
0 0.0706787109375 0.09765625 0.019561767578125 0.0965118408203125
0 0.861328125 0.063629150390625 0.0210418701171875 0.10345458984375
0 0.7763671875 0.2276611328125 0.018585205078125 0.0913238525390625
0 0.6708984375 0.122833251953125 0.0180511474609375 0.0807952880859375
0 0.97119140625 0.191192626953125 0.0207672119140625 0.1026153564453125
0 0.86865234375 0.22674560546875 0.0236968994140625 0.099334716796875
0 0.26025390625 0.0522613525390625 0.0177154541015625 0.086517333984375
0 0.463623046875 0.072784423828125 0.0193023681640625 0.093231201171875
0 0.338623046875 0.058441162109375 0.0199127197265625 0.0945281982421875
0 0.640625 0.276031494140625 0.0179901123046875 0.08819580078125
0 0.157470703125 0.2874755859375 0.021697998046875 0.1110076904296875
0 0.93603515625 0.291748046875 0.0271148681640625 0.13153076171875
0 0.6396484375 0.0814056396484375 0.021087646484375 0.0658416748046875
0 0.04803466796875 0.25299072265625 0.0230255126953125 0.086212158203125
0 0.7568359375 0.064849853515625 0.0164031982421875 0.1038360595703125
0 0.83056640625 0.13275146484375 0.0177764892578125 0.1026153564453125
0 0.27294921875 0.252532958984375 0.0179901123046875 0.1099395751953125