0 0.1544189453125 0.281219482421875 0.0226287841796875 0.1050567626953125
0 0.63818359375 0.256805419921875 0.0303802490234375 0.1153564453125
0 0.87548828125 0.204620361328125 0.021331787109375 0.102996826171875
0 0.0699462890625 0.13763427734375 0.0181884765625 0.09307861328125
0 0.9619140625 0.05451202392578125 0.0223236083984375 0.0997161865234375
0 0.1282958984375 0.05733489990234375 0.0161590576171875 0.1070404052734375
0 0.5693359375 0.138702392578125 0.0184326171875 0.092010498046875
0 0.431396484375 0.269012451171875 0.0217742919921875 0.107879638671875
0 0.62890625 0.113372802734375 0.0199127197265625 0.1026153564453125
0 0.0092315673828125 0.178680419921875 0.0179901123046875 0.093231201171875
0 0.347412109375 0.279083251953125 0.0224609375 0.10284423828125
0 0.77490234375 0.20843505859375 0.021240234375 0.1105499267578125
0 0.469482421875 0.259246826171875 0.0218658447265625 0.1171112060546875
0 0.9638671875 0.272979736328125 0.0230255126953125 0.099945068359375
0 0.368408203125 0.0771331787109375 0.0193023681640625 0.095977783203125
0 0.5400390625 0.06610870361328125 0.01971435546875 0.10009765625
0 0.75927734375 0.055999755859375 0.020294189453125 0.1016998291015625
0 0.427978515625 0.098419189453125 0.017578125 0.12237548828125
0 0.65576171875 0.0921630859375 0.01332855224609375 0.1039886474609375
0 0.927734375 0.0774383544921875 0.0212860107421875 0.1058197021484375
0 0.74169921875 0.3076171875 0.021697998046875 0.101470947265625
0 0.034088134765625 0.745849609375 0.03594970703125 0.178070068359375
0 0.23876953125 0.086212158203125 0.017578125 0.0658416748046875
0 0.04046630859375 0.0695037841796875 0.0217437744140625 0.0846099853515625
0 0.8310546875 0.1482391357421875 0.0164642333984375 0.10284423828125
0 0.16357421875 0.06412506103515625 0.022674560546875 0.1131439208984375
0 0.8408203125 0.28228759765625 0.02484130859375 0.111846923828125
0 0.26953125 0.0846099853515625 0.017852783203125 0.087890625
0 0.20947265625 0.177764892578125 0.0207977294921875 0.114898681640625
0 0.33544921875 0.05889892578125 0.0205230712890625 0.0971221923828125
0 0.53955078125 0.236663818359375 0.022369384765625 0.072784423828125