0 0.16943359375 0.1235198974609375 0.0181884765625 0.08819580078125
0 0.14794921875 0.247039794921875 0.0219879150390625 0.1070404052734375
0 0.44091796875 0.272979736328125 0.028106689453125 0.1251983642578125
0 0.249755859375 0.242462158203125 0.023651123046875 0.1081085205078125
0 0.35302734375 0.2520751953125 0.0247039794921875 0.123291015625
0 0.9599609375 0.263519287109375 0.0237274169921875 0.115509033203125
0 0.96875 0.07251739501953125 0.019378662109375 0.0911712646484375
0 0.0330810546875 0.0855255126953125 0.0202178955078125 0.1050567626953125
0 0.33447265625 0.1055908203125 0.018157958984375 0.093994140625
0 0.6103515625 0.206146240234375 0.0199432373046875 0.1116180419921875
0 0.51171875 0.246124267578125 0.019561767578125 0.103607177734375
0 0.369384765625 0.07476806640625 0.019866943359375 0.0934600830078125
0 0.869140625 0.100860595703125 0.0209197998046875 0.0952911376953125
0 0.5703125 0.086517333984375 0.01861572265625 0.090484619140625
0 0.45703125 0.087890625 0.0186920166015625 0.08758544921875
0 0.06817626953125 0.07167816162109375 0.0177764892578125 0.0888824462890625
0 0.0182647705078125 0.286865234375 0.021240234375 0.1032257080078125
0 0.235107421875 0.1016998291015625 0.01861572265625 0.0872039794921875
0 0.66748046875 0.0814056396484375 0.020172119140625 0.1032257080078125
0 0.136962890625 0.0684356689453125 0.0207672119140625 0.1018524169921875
0 0.93408203125 0.1175689697265625 0.018157958984375 0.095062255859375
0 0.7734375 0.25360107421875 0.025177001953125 0.1114654541015625
0 0.8408203125 0.05184173583984375 0.0186920166015625 0.086212158203125
0 0.76318359375 0.0995635986328125 0.015716552734375 0.0888824462890625
0 0.54833984375 0.250701904296875 0.0262603759765625 0.1184844970703125
0 0.64990234375 0.28228759765625 0.023468017578125 0.1120758056640625
0 0.26904296875 0.0804901123046875 0.0216217041015625 0.104827880859375
0 0.033477783203125 0.7513427734375 0.0299835205078125 0.1482391357421875
0 0.83935546875 0.250244140625 0.0221099853515625 0.102996826171875
0 0.73388671875 0.29937744140625 0.02044677734375 0.1024627685546875
0 0.42822265625 0.1026153564453125 0.0205230712890625 0.1088714599609375