0 0.372315 0.10400000000000001 0.017305 0.10665
0 0.9438500000000001 0.28855000000000003 0.02014 0.09505000000000001
0 0.63867 0.064625 0.017515 0.10445
0 0.9399400000000001 0.0805 0.018435 0.09415
0 0.516115 0.27344999999999997 0.02414 0.1081
0 0.82668 0.27445 0.021145 0.10494999999999999
0 0.11047499999999999 0.2188 0.02141 0.1001
0 0.2489 0.24795 0.02109 0.118875
0 0.348635 0.29175 0.020095 0.1001
0 0.140625 0.214375 0.023149999999999997 0.10400000000000001
0 0.6103500000000001 0.2217 0.019530000000000002 0.09345
0 0.90918 0.207375 0.019530000000000002 0.09895
0 0.21008500000000002 0.20767499999999997 0.023375 0.1149
0 0.439455 0.26305 0.019454999999999997 0.09307499999999999
0 0.3374 0.084225 0.02072 0.0695
0 0.762695 0.06095 0.017045 0.084225
0 0.03108 0.123525 0.01816 0.097125
0 0.27002 0.11955 0.019989999999999997 0.09095
0 0.065735 0.06215 0.02162 0.09880000000000001
0 0.44116000000000005 0.10705 0.011245 0.088875
0 0.86621 0.2771 0.02109 0.10545
0 0.55371 0.242 0.029585 0.12955
0 0.167115 0.085525 0.01909 0.1056
0 0.40942500000000004 0.19667500000000002 0.020965 0.061200000000000004
0 0.02391 0.26594999999999996 0.02533 0.111
0 0.731445 0.145175 0.01819 0.08927500000000001
0 0.56543 0.062400000000000004 0.0195 0.0917
0 0.864745 0.063625 0.020095 0.09545
0 0.73926 0.292825 0.02162 0.11382500000000001
0 0.644045 0.2394 0.024050000000000002 0.09269999999999999
0 0.033385 0.7495 0.033205 0.157475