0 0.5078125 0.16357421875 0.0167236328125 0.1038360595703125
0 0.9287109375 0.12664794921875 0.0154266357421875 0.118255615234375
0 0.25634765625 0.05401611328125 0.0162811279296875 0.1080322265625
0 0.654296875 0.265960693359375 0.0258026123046875 0.1070404052734375
0 0.70947265625 0.184478759765625 0.0190582275390625 0.1081085205078125
0 0.828125 0.149383544921875 0.0207672119140625 0.1050567626953125
0 0.33837890625 0.271453857421875 0.0265045166015625 0.13458251953125
0 0.74462890625 0.2740478515625 0.0223236083984375 0.1221466064453125
0 0.61572265625 0.2685546875 0.0206451416015625 0.0972747802734375
0 0.432861328125 0.08758544921875 0.018585205078125 0.0926971435546875
0 0.92236328125 0.263519287109375 0.0240936279296875 0.1235198974609375
0 0.5400390625 0.221710205078125 0.0247955322265625 0.116424560546875
0 0.468017578125 0.078582763671875 0.0222930908203125 0.0972747802734375
0 0.8671875 0.194091796875 0.0216217041015625 0.137176513671875
0 0.0704345703125 0.08758544921875 0.0177764892578125 0.09063720703125
0 0.1263427734375 0.1114654541015625 0.018646240234375 0.114898681640625
0 0.537109375 0.0936126708984375 0.018768310546875 0.0902557373046875
0 0.23583984375 0.28961181640625 0.02276611328125 0.11688232421875
0 0.634765625 0.07476806640625 0.0200958251953125 0.0849151611328125
0 0.4619140625 0.28900146484375 0.01983642578125 0.0855255126953125
0 0.1744384765625 0.223388671875 0.0203704833984375 0.0958251953125
0 0.9580078125 0.0591278076171875 0.01422882080078125 0.1177978515625
0 0.034088134765625 0.7464599609375 0.0292510986328125 0.2056884765625
0 0.0345458984375 0.0911712646484375 0.021942138671875 0.10284423828125
0 0.367431640625 0.186920166015625 0.02001953125 0.1451873779296875
0 0.7666015625 0.080108642578125 0.0210113525390625 0.104217529296875
0 0.8310546875 0.270538330078125 0.0247039794921875 0.1715087890625
0 0.0196075439453125 0.286865234375 0.0232391357421875 0.107269287109375
0 0.35400390625 0.092926025390625 0.00971221923828125 0.109710693359375
0 0.14013671875 0.2655029296875 0.0237274169921875 0.147705078125
0 0.26806640625 0.210418701171875 0.01384735107421875 0.1366424560546875