0 0.054099389223934556 0.27908325195312506 0.022444383916619102 0.11398315429687506
0 0.45068978897883377 0.23948808804972885 0.020739562667332536 0.13504307063070756
0 0.2406005859375 0.316162109375 0.0208892822265625 0.098419189453125
0 0.5390625 0.31280517578125 0.01971435546875 0.100860595703125
0 0.27734375 0.21881103515625 0.022369384765625 0.1010894775390625
0 0.411376953125 0.22216796875 0.0235595703125 0.136871337890625
0 0.57568359375 0.22003173828125 0.021087646484375 0.10345458984375
0 0.10992431640625 0.1934814453125 0.0205230712890625 0.093841552734375
0 0.84423828125 0.296630859375 0.0196380615234375 0.10955810546875
0 0.67578125 0.2288818359375 0.0207672119140625 0.1012420654296875
0 0.9716796875 0.211639404296875 0.0181884765625 0.107879638671875
0 0.53173828125 0.111846923828125 0.019195556640625 0.1004791259765625
0 0.9306640625 0.1358795166015625 0.0173797607421875 0.0846099853515625
0 0.33251953125 0.106048583984375 0.0194549560546875 0.0958251953125
0 0.329833984375 0.31219482421875 0.0215301513671875 0.08331298828125
0 0.0330810546875 0.06870269775390625 0.021331787109375 0.10223388671875
0 0.171142578125 0.1131439208984375 0.01898193359375 0.07366180419921875
0 0.1407470703125 0.103607177734375 0.0167236328125 0.0771331787109375
0 0.76025390625 0.247039794921875 0.0206451416015625 0.1024627685546875
0 0.46630859375 0.1026153564453125 0.018829345703125 0.093841552734375
0 0.2322998046875 0.114898681640625 0.017852783203125 0.0885772705078125
0 0.85498046875 0.0562286376953125 0.0169830322265625 0.1082611083984375
0 0.06744384765625 0.0676727294921875 0.020416259765625 0.0971221923828125
0 0.034759521484375 0.74951171875 0.038330078125 0.16693115234375
0 0.76611328125 0.06977081298828125 0.0200958251953125 0.10955810546875
0 0.6572265625 0.063629150390625 0.019866943359375 0.1018524169921875
0 0.365478515625 0.066375732421875 0.01751708984375 0.0923919677734375
0 0.630859375 0.1153564453125 0.017913818359375 0.0936126708984375
0 0.87353515625 0.188751220703125 0.01507568359375 0.127105712890625
0 0.73193359375 0.115966796875 0.0200653076171875 0.09674072265625
0 0.95947265625 0.0591278076171875 0.0217437744140625 0.1045989990234375