0 0.355712890625 0.292816162109375 0.02203369140625 0.11077880859375
0 0.316162109375 0.24658203125 0.0272216796875 0.120697021484375
0 0.5400390625 0.261688232421875 0.0235137939453125 0.105438232421875
0 0.53662109375 0.04947662353515625 0.0220794677734375 0.0902557373046875
0 0.66650390625 0.2764892578125 0.0225372314453125 0.1055908203125
0 0.173828125 0.242462158203125 0.020965576171875 0.1044464111328125
0 0.2454833984375 0.286865234375 0.0170440673828125 0.107269287109375
0 0.62353515625 0.27252197265625 0.0190582275390625 0.1081085205078125
0 0.2095947265625 0.215606689453125 0.02001953125 0.1153564453125
0 0.333740234375 0.0817108154296875 0.017181396484375 0.102081298828125
0 0.0560302734375 0.23895263671875 0.0233306884765625 0.1064300537109375
0 0.01554107666015625 0.24932861328125 0.0234222412109375 0.135040283203125
0 0.1304931640625 0.1103973388671875 0.01678466796875 0.0963592529296875
0 0.06463623046875 0.09765625 0.0169219970703125 0.109100341796875
0 0.66552734375 0.0600433349609375 0.0180206298828125 0.0972747802734375
0 0.23876953125 0.0817108154296875 0.017578125 0.06923675537109375
0 0.9580078125 0.0936126708984375 0.0169830322265625 0.0872039794921875
0 0.73583984375 0.1082611083984375 0.0174407958984375 0.1018524169921875
0 0.456298828125 0.089569091796875 0.014617919921875 0.097503662109375
0 0.425537109375 0.1129150390625 0.022796630859375 0.1103973388671875
0 0.87744140625 0.1953125 0.0199127197265625 0.107269287109375
0 0.7138671875 0.22979736328125 0.02276611328125 0.0971221923828125
0 0.77001953125 0.0913238525390625 0.0216217041015625 0.111236572265625
0 0.9306640625 0.1110076904296875 0.018402099609375 0.1076507568359375
0 0.14208984375 0.269012451171875 0.021209716796875 0.12542724609375
0 0.85693359375 0.0579833984375 0.0160980224609375 0.0768280029296875
0 0.03338623046875 0.74462890625 0.03594970703125 0.175323486328125
0 0.83154296875 0.1522064208984375 0.016021728515625 0.09490966796875
0 0.94140625 0.2740478515625 0.0196075439453125 0.109100341796875
0 0.50830078125 0.1593017578125 0.0164642333984375 0.1044464111328125
0 0.43798828125 0.27252197265625 0.026611328125 0.107421875