0 0.376953125 0.242919921875 0.01861572265625 0.087890625
0 0.6328125 0.299835205078125 0.0221099853515625 0.1039886474609375
0 0.26171875 0.261688232421875 0.021484375 0.1087188720703125
0 0.333984375 0.1309967041015625 0.019378662109375 0.08331298828125
0 0.159423828125 0.291748046875 0.0216522216796875 0.106048583984375
0 0.7734375 0.235443115234375 0.0207672119140625 0.102081298828125
0 0.84375 0.26702880859375 0.021575927734375 0.0909423828125
0 0.41162109375 0.240631103515625 0.0225830078125 0.106201171875
0 0.119384765625 0.266571044921875 0.023284912109375 0.11016845703125
0 0.06585693359375 0.23193359375 0.0266571044921875 0.117340087890625
0 0.669921875 0.251617431640625 0.0197601318359375 0.10955810546875
0 0.446533203125 0.239410400390625 0.023193359375 0.107879638671875
0 0.220458984375 0.266571044921875 0.0247039794921875 0.1146697998046875
0 0.80810546875 0.215606689453125 0.015777587890625 0.106048583984375
0 0.51220703125 0.236663818359375 0.0235137939453125 0.1093292236328125
0 0.027587890625 0.099334716796875 0.0260009765625 0.103607177734375
0 0.6318359375 0.14434814453125 0.0184783935546875 0.090789794921875
0 0.061431884765625 0.09063720703125 0.0190582275390625 0.094146728515625
0 0.1678466796875 0.079498291015625 0.020843505859375 0.0952911376953125
0 0.5693359375 0.125885009765625 0.0196380615234375 0.0888824462890625
0 0.95166015625 0.24932861328125 0.0213623046875 0.104827880859375
0 0.43505859375 0.061187744140625 0.0208892822265625 0.1038360595703125
0 0.91162109375 0.2288818359375 0.0232391357421875 0.116424560546875
0 0.2327880859375 0.123748779296875 0.0182647705078125 0.0885772705078125
0 0.7275390625 0.113372802734375 0.02215576171875 0.104217529296875
0 0.5498046875 0.258331298828125 0.021484375 0.102996826171875
0 0.75634765625 0.06072998046875 0.023468017578125 0.096893310546875
0 0.8681640625 0.1470947265625 0.0173797607421875 0.1052093505859375
0 0.96826171875 0.1177978515625 0.018341064453125 0.0826263427734375
0 0.361083984375 0.0684356689453125 0.015777587890625 0.0817108154296875
0 0.034759521484375 0.7342529296875 0.03656005859375 0.153656005859375