0 0.5574539958275136 0.2864890155771779 0.02540296689846889 0.13265993824756023
0 0.2330322265625 0.125885009765625 0.018341064453125 0.08758544921875
0 0.4697265625 0.12420654296875 0.0169830322265625 0.0868988037109375
0 0.332763671875 0.123291015625 0.0186920166015625 0.0926971435546875
0 0.36279296875 0.260162353515625 0.0237274169921875 0.111846923828125
0 0.8642578125 0.238494873046875 0.0251312255859375 0.1381683349609375
0 0.3203125 0.26214599609375 0.0210418701171875 0.1058197021484375
0 0.8291015625 0.1325225830078125 0.0215301513671875 0.1003265380859375
0 0.82373046875 0.260162353515625 0.022674560546875 0.11383056640625
0 0.93115234375 0.097503662109375 0.0181884765625 0.08819580078125
0 0.63623046875 0.058441162109375 0.0184326171875 0.09185791015625
0 0.71142578125 0.237579345703125 0.0223236083984375 0.11016845703125
0 0.40869140625 0.191192626953125 0.017303466796875 0.0783538818359375
0 0.265625 0.271453857421875 0.02423095703125 0.0965118408203125
0 0.010650634765625 0.237579345703125 0.0192413330078125 0.0913238525390625
0 0.1328125 0.099945068359375 0.020294189453125 0.102996826171875
0 0.64599609375 0.250244140625 0.02655029296875 0.1200103759765625
0 0.0374755859375 0.0783538818359375 0.018646240234375 0.0872039794921875
0 0.7451171875 0.2276611328125 0.0230712890625 0.1268768310546875
0 0.268310546875 0.079803466796875 0.018585205078125 0.0909423828125
0 0.9638671875 0.0945281982421875 0.016845703125 0.086212158203125
0 0.73095703125 0.0577545166015625 0.0225830078125 0.106201171875
0 0.037750244140625 0.728759765625 0.037261962890625 0.18524169921875
0 0.93115234375 0.286407470703125 0.023773193359375 0.11932373046875
0 0.61181640625 0.239715576171875 0.020843505859375 0.0972747802734375
0 0.1666259765625 0.26214599609375 0.0213623046875 0.0934600830078125
0 0.440673828125 0.11077880859375 0.016021728515625 0.0705718994140625
0 0.1259765625 0.3082275390625 0.0196075439453125 0.085906982421875
0 0.5625 0.0586700439453125 0.018829345703125 0.117340087890625
0 0.0699462890625 0.1235198974609375 0.018768310546875 0.07450103759765625
0 0.52734375 0.0684356689453125 0.019500732421875 0.106201171875