0 0.0784912109375 0.20843505859375 0.0207977294921875 0.102996826171875
0 0.73876953125 0.30548095703125 0.0269622802734375 0.13458251953125
0 0.1302490234375 0.097503662109375 0.018402099609375 0.09490966796875
0 0.33447265625 0.07114410400390625 0.019195556640625 0.086517333984375
0 0.5146484375 0.242462158203125 0.023468017578125 0.1166534423828125
0 0.2379150390625 0.281219482421875 0.0254669189453125 0.115966796875
0 0.56640625 0.1039886474609375 0.018402099609375 0.097808837890625
0 0.134033203125 0.31158447265625 0.02191162109375 0.102081298828125
0 0.9248046875 0.0972747802734375 0.0248870849609375 0.1230621337890625
0 0.82470703125 0.30426025390625 0.02606201171875 0.1280975341796875
0 0.2724609375 0.254058837890625 0.02001953125 0.1039886474609375
0 0.1619873046875 0.059356689453125 0.019378662109375 0.0981903076171875
0 0.458984375 0.05474090576171875 0.01666259765625 0.0958251953125
0 0.354248046875 0.2911376953125 0.0207672119140625 0.100860595703125
0 0.0592041015625 0.06191253662109375 0.0164642333984375 0.0836181640625
0 0.314697265625 0.242462158203125 0.02508544921875 0.1146697998046875
0 0.6611328125 0.050048828125 0.0218658447265625 0.10009765625
0 0.441162109375 0.31219482421875 0.017913818359375 0.0872039794921875
0 0.93359375 0.31219482421875 0.0205230712890625 0.123291015625
0 0.230712890625 0.1068115234375 0.017578125 0.098419189453125
0 0.55712890625 0.24383544921875 0.0239105224609375 0.1151275634765625
0 0.9560546875 0.0522613525390625 0.0222015380859375 0.1032257080078125
0 0.4306640625 0.107421875 0.021240234375 0.106048583984375
0 0.62646484375 0.080108642578125 0.0209197998046875 0.1070404052734375
0 0.0322265625 0.1551055908203125 0.017181396484375 0.0868988037109375
0 0.62353515625 0.302581787109375 0.017913818359375 0.1381683349609375
0 0.86376953125 0.232391357421875 0.0212860107421875 0.11016845703125
0 0.75634765625 0.0582122802734375 0.01560211181640625 0.113372802734375
0 0.72705078125 0.1018524169921875 0.018096923828125 0.0980377197265625
0 0.8291015625 0.089263916015625 0.0185089111328125 0.1209259033203125
0 0.03436279296875 0.748291015625 0.0343017578125 0.170135498046875