0 0.16107429988708227 0.2969871854512144 0.021861556706825526 0.11137019454420533
0 0.6103515625 0.211944580078125 0.0173797607421875 0.0934600830078125
0 0.94140625 0.23101806640625 0.02691650390625 0.106048583984375
0 0.67138671875 0.104827880859375 0.017913818359375 0.089569091796875
0 0.8525390625 0.240631103515625 0.023468017578125 0.1116180419921875
0 0.7333984375 0.1366424560546875 0.0169830322265625 0.086212158203125
0 0.317138671875 0.250244140625 0.0227203369140625 0.114898681640625
0 0.640625 0.0750732421875 0.0199127197265625 0.0971221923828125
0 0.81494140625 0.264129638671875 0.02423095703125 0.1125335693359375
0 0.03314208984375 0.1209259033203125 0.0170440673828125 0.09063720703125
0 0.8330078125 0.0684356689453125 0.021575927734375 0.1026153564453125
0 0.1336669921875 0.0911712646484375 0.0210113525390625 0.100860595703125
0 0.76708984375 0.0771331787109375 0.0199432373046875 0.08758544921875
0 0.43994140625 0.1123046875 0.016845703125 0.0811004638671875
0 0.5615234375 0.2740478515625 0.0238189697265625 0.1120758056640625
0 0.93798828125 0.0899505615234375 0.019683837890625 0.086517333984375
0 0.47119140625 0.1123046875 0.0208892822265625 0.07625579833984375
0 0.269775390625 0.08392333984375 0.0194244384765625 0.095062255859375
0 0.77001953125 0.2520751953125 0.0261077880859375 0.109710693359375
0 0.525390625 0.0849151611328125 0.0231475830078125 0.1190948486328125
0 0.3671875 0.1082611083984375 0.01953125 0.0926971435546875
0 0.244873046875 0.274505615234375 0.022674560546875 0.1120758056640625
0 0.4111328125 0.20233154296875 0.023468017578125 0.101470947265625
0 0.96484375 0.07476806640625 0.018829345703125 0.0963592529296875
0 0.5615234375 0.04474639892578125 0.0205230712890625 0.087890625
0 0.35888671875 0.26123046875 0.0241851806640625 0.1175689697265625
0 0.1688232421875 0.0714111328125 0.019866943359375 0.089569091796875
0 0.04638671875 0.309906005859375 0.02276611328125 0.0962066650390625
0 0.2366943359375 0.0628662109375 0.0212860107421875 0.0988006591796875
0 0.059661865234375 0.06870269775390625 0.0184783935546875 0.09185791015625
0 0.033782958984375 0.7476806640625 0.044097900390625 0.1557159423828125