0 0.30908203125 0.1355743408203125 0.0179901123046875 0.0872039794921875
0 0.4296875 0.305938720703125 0.0213623046875 0.11932373046875
0 0.64013671875 0.0605010986328125 0.021087646484375 0.093231201171875
0 0.037689208984375 0.04817962646484375 0.019012451171875 0.0855255126953125
0 0.430419921875 0.092010498046875 0.0217437744140625 0.1093292236328125
0 0.06890869140625 0.089263916015625 0.0210113525390625 0.0958251953125
0 0.9716796875 0.233612060546875 0.0217437744140625 0.1153564453125
0 0.342529296875 0.093231201171875 0.0191192626953125 0.07801055908203125
0 0.56298828125 0.0936126708984375 0.0185089111328125 0.1076507568359375
0 0.95458984375 0.04596710205078125 0.0194549560546875 0.08758544921875
0 0.830078125 0.0676727294921875 0.0184783935546875 0.102081298828125
0 0.336669921875 0.20843505859375 0.0258636474609375 0.107879638671875
0 0.7099609375 0.225067138671875 0.019683837890625 0.1116180419921875
0 0.468505859375 0.235748291015625 0.021087646484375 0.102081298828125
0 0.52880859375 0.07419586181640625 0.0199127197265625 0.1026153564453125
0 0.5224609375 0.2679443359375 0.023468017578125 0.133819580078125
0 0.1171875 0.27099609375 0.0258636474609375 0.118865966796875
0 0.865234375 0.067138671875 0.020294189453125 0.1087188720703125
0 0.279541015625 0.207672119140625 0.020721435546875 0.0980377197265625
0 0.642578125 0.271453857421875 0.0202484130859375 0.1007080078125
0 0.1549072265625 0.2276611328125 0.026153564453125 0.11016845703125
0 0.74169921875 0.213165283203125 0.0240478515625 0.116424560546875
0 0.24560546875 0.307159423828125 0.02069091796875 0.0995635986328125
0 0.259521484375 0.06214141845703125 0.0164642333984375 0.079193115234375
0 0.67041015625 0.0954437255859375 0.0192718505859375 0.085906982421875
0 0.73388671875 0.0522613525390625 0.0199127197265625 0.0995635986328125
0 0.923828125 0.1202392578125 0.0234222412109375 0.1088714599609375
0 0.85791015625 0.2801513671875 0.0236968994140625 0.107269287109375
0 0.1619873046875 0.07030487060546875 0.021697998046875 0.0988006591796875
0 0.01025390625 0.20843505859375 0.0205078125 0.0955963134765625
0 0.03131103515625 0.738525390625 0.0333251953125 0.164794921875