0 0.6103515625 0.225982666015625 0.0225830078125 0.11444091796875
0 0.7705078125 0.254058837890625 0.0220794677734375 0.1110076904296875
0 0.95654296875 0.06072998046875 0.0177764892578125 0.098419189453125
0 0.34521484375 0.2801513671875 0.02215576171875 0.1024627685546875
0 0.208984375 0.168914794921875 0.02001953125 0.10284423828125
0 0.0352783203125 0.290069580078125 0.0237274169921875 0.11383056640625
0 0.873046875 0.257720947265625 0.01934814453125 0.094146728515625
0 0.2379150390625 0.257720947265625 0.018768310546875 0.104217529296875
0 0.13134765625 0.05889892578125 0.0199127197265625 0.08819580078125
0 0.36962890625 0.0888824462890625 0.021453857421875 0.103607177734375
0 0.471435546875 0.2349853515625 0.0199432373046875 0.1209259033203125
0 0.56982421875 0.0923919677734375 0.0213623046875 0.1055908203125
0 0.427978515625 0.1200103759765625 0.02532958984375 0.107269287109375
0 0.73193359375 0.13458251953125 0.01763916015625 0.0899505615234375
0 0.83984375 0.28594970703125 0.021087646484375 0.1045989990234375
0 0.9765625 0.225982666015625 0.019500732421875 0.0925445556640625
0 0.03271484375 0.1087188720703125 0.0170440673828125 0.0934600830078125
0 0.947265625 0.272064208984375 0.0233306884765625 0.0971221923828125
0 0.06256103515625 0.0963592529296875 0.0177154541015625 0.0852203369140625
0 0.11181640625 0.25115966796875 0.0230255126953125 0.1177978515625
0 0.66552734375 0.0719451904296875 0.021942138671875 0.106658935546875
0 0.33740234375 0.0577545166015625 0.0188751220703125 0.09307861328125
0 0.51123046875 0.2410888671875 0.019866943359375 0.10345458984375
0 0.240234375 0.05428314208984375 0.0196075439453125 0.0885772705078125
0 0.1668701171875 0.07770538330078125 0.02423095703125 0.1026153564453125
0 0.43896484375 0.279693603515625 0.023956298828125 0.1050567626953125
0 0.53759765625 0.07030487060546875 0.0177154541015625 0.0921630859375
0 0.65234375 0.28961181640625 0.02288818359375 0.1114654541015625
0 0.83203125 0.1171112060546875 0.0182952880859375 0.1016998291015625
0 0.76611328125 0.0626373291015625 0.01763916015625 0.0855255126953125
0 0.037689208984375 0.73974609375 0.03704833984375 0.19378662109375