0 0.74462890625 0.265045166015625 0.023773193359375 0.0885772705078125
0 0.86669921875 0.2764892578125 0.020965576171875 0.0997161865234375
0 0.060516357421875 0.259246826171875 0.0253753662109375 0.12237548828125
0 0.45458984375 0.0626373291015625 0.0225830078125 0.0989532470703125
0 0.71044921875 0.23193359375 0.0187225341796875 0.092926025390625
0 0.52392578125 0.300445556640625 0.0230255126953125 0.107879638671875
0 0.267333984375 0.241546630859375 0.0230712890625 0.1012420654296875
0 0.564453125 0.249786376953125 0.024566650390625 0.1177978515625
0 0.97802734375 0.240631103515625 0.0186920166015625 0.0807952880859375
0 0.73828125 0.0846099853515625 0.020721435546875 0.0923919677734375
0 0.339599609375 0.27252197265625 0.0225067138671875 0.087890625
0 0.6318359375 0.11444091796875 0.020599365234375 0.093841552734375
0 0.66162109375 0.0591278076171875 0.0169830322265625 0.0836181640625
0 0.263671875 0.097503662109375 0.0190887451171875 0.093841552734375
0 0.9326171875 0.1280975341796875 0.015960693359375 0.0902557373046875
0 0.1317138671875 0.121917724609375 0.02056884765625 0.09918212890625
0 0.3408203125 0.0783538818359375 0.020294189453125 0.0817108154296875
0 0.0185089111328125 0.257720947265625 0.022674560546875 0.115509033203125
0 0.94677734375 0.286407470703125 0.0182647705078125 0.103607177734375
0 0.36962890625 0.1151275634765625 0.016845703125 0.093994140625
0 0.0330810546875 0.115966796875 0.0188751220703125 0.0849151611328125
0 0.473388671875 0.227203369140625 0.0191192626953125 0.098419189453125
0 0.5654296875 0.0595855712890625 0.018768310546875 0.090789794921875
0 0.830078125 0.09765625 0.0228424072265625 0.1114654541015625
0 0.12139892578125 0.2606201171875 0.0242767333984375 0.1103973388671875
0 0.63916015625 0.318603515625 0.02001953125 0.092010498046875
0 0.165771484375 0.06511688232421875 0.021087646484375 0.1081085205078125
0 0.4267578125 0.105438232421875 0.019500732421875 0.0995635986328125
0 0.86376953125 0.05710601806640625 0.0180206298828125 0.09307861328125
0 0.2276611328125 0.27099609375 0.025421142578125 0.109100341796875
0 0.03289794921875 0.751953125 0.035400390625 0.19195556640625