0 0.67578125 0.23406982421875 0.0221099853515625 0.10009765625
0 0.267822265625 0.0820159912109375 0.0203399658203125 0.09185791015625
0 0.1395263671875 0.23101806640625 0.0210418701171875 0.1216888427734375
0 0.034027099609375 0.07595062255859375 0.02203369140625 0.102081298828125
0 0.1400146484375 0.091705322265625 0.018341064453125 0.0826263427734375
0 0.7412109375 0.0768280029296875 0.0192413330078125 0.093994140625
0 0.84228515625 0.280609130859375 0.0294189453125 0.107879638671875
0 0.464111328125 0.07335662841796875 0.0200653076171875 0.1105499267578125
0 0.33203125 0.1332855224609375 0.01763916015625 0.090484619140625
0 0.2088623046875 0.169830322265625 0.018646240234375 0.103607177734375
0 0.3701171875 0.242462158203125 0.021484375 0.1010894775390625
0 0.82763671875 0.107879638671875 0.0137939453125 0.1230621337890625
0 0.053802490234375 0.28594970703125 0.020843505859375 0.1070404052734375
0 0.36474609375 0.0689697265625 0.01971435546875 0.10345458984375
0 0.4345703125 0.294952392578125 0.02191162109375 0.085906982421875
0 0.23828125 0.0914764404296875 0.01934814453125 0.0923919677734375
0 0.6318359375 0.11932373046875 0.0189361572265625 0.0914764404296875
0 0.53759765625 0.06168365478515625 0.0206451416015625 0.1082611083984375
0 0.01337432861328125 0.23101806640625 0.023101806640625 0.1024627685546875
0 0.64697265625 0.272979736328125 0.02337646484375 0.1186370849609375
0 0.736328125 0.2362060546875 0.01678466796875 0.0872039794921875
0 0.96923828125 0.113372802734375 0.020294189453125 0.11444091796875
0 0.5107421875 0.221710205078125 0.01971435546875 0.09918212890625
0 0.54248046875 0.2276611328125 0.021697998046875 0.1018524169921875
0 0.93994140625 0.269927978515625 0.0191192626953125 0.095977783203125
0 0.431640625 0.143280029296875 0.017303466796875 0.0823211669921875
0 0.1702880859375 0.104827880859375 0.0200958251953125 0.10009765625
0 0.9091796875 0.174407958984375 0.018402099609375 0.0911712646484375
0 0.85498046875 0.089569091796875 0.016845703125 0.087890625
0 0.77001953125 0.1531219482421875 0.0219879150390625 0.05367279052734375
0 0.034423828125 0.7421875 0.033782958984375 0.153961181640625