0 0.24794 0.24462499999999998 0.02452 0.11664999999999999
0 0.11297499999999999 0.24795 0.023515 0.1085
0 0.211425 0.21760000000000002 0.023024999999999997 0.12855
0 0.07556 0.240625 0.02034 0.10765000000000001
0 0.680175 0.204175 0.01805 0.0872
0 0.57129 0.090475 0.019195 0.0924
0 0.956055 0.284875 0.018875 0.126875
0 0.822265 0.30045 0.018510000000000002 0.110175
0 0.14856 0.252075 0.02591 0.11955
0 0.5478500000000001 0.28595 0.018295000000000002 0.108725
0 0.332765 0.11077500000000001 0.020445 0.0965
0 0.437745 0.272525 0.0206 0.06485
0 0.649415 0.281225 0.022934999999999997 0.10825
0 0.036285 0.292825 0.02461 0.112675
0 0.7299800000000001 0.13505 0.01979 0.083925
0 0.7612300000000001 0.056875 0.01912 0.1097
0 0.330565 0.31555 0.020845 0.103825
0 0.865235 0.059824999999999996 0.01837 0.090625
0 0.408935 0.176075 0.018539999999999997 0.09880000000000001
0 0.83008 0.0862 0.02072 0.103825
0 0.37036 0.264125 0.02072 0.09269999999999999
0 0.26880000000000004 0.12 0.02057 0.09147500000000001
0 0.730955 0.27449999999999997 0.02382 0.10619999999999999
0 0.53711 0.075375 0.021485 0.108725
0 0.6572250000000001 0.099575 0.01554 0.086525
0 0.44165 0.084925 0.014060000000000001 0.094
0 0.936035 0.0917 0.01909 0.06795
0 0.96826 0.12955 0.016585000000000003 0.0801
0 0.06143 0.09545 0.01634 0.089575
0 0.135865 0.0661 0.018585 0.08789999999999999
0 0.03528 0.737925 0.036985 0.10932499999999999