0 0.1314697265625 0.067138671875 0.02447509765625 0.1088714599609375
0 0.2171630859375 0.257720947265625 0.02288818359375 0.12237548828125
0 0.93896484375 0.2587890625 0.0217742919921875 0.08392333984375
0 0.459228515625 0.24383544921875 0.0211639404296875 0.1180267333984375
0 0.465087890625 0.06313323974609375 0.022796630859375 0.1064300537109375
0 0.541015625 0.235748291015625 0.0208892822265625 0.0943756103515625
0 0.0115966796875 0.252532958984375 0.0200653076171875 0.11077880859375
0 0.049591064453125 0.272064208984375 0.023193359375 0.0820159912109375
0 0.357421875 0.085906982421875 0.01983642578125 0.0952911376953125
0 0.232177734375 0.07801055908203125 0.0189056396484375 0.0926971435546875
0 0.6298828125 0.2734375 0.0240020751953125 0.1204681396484375
0 0.53955078125 0.0695037841796875 0.01953125 0.10009765625
0 0.430419921875 0.1180267333984375 0.018646240234375 0.09918212890625
0 0.1656494140625 0.06168365478515625 0.019683837890625 0.090789794921875
0 0.0709228515625 0.1076507568359375 0.0210418701171875 0.10345458984375
0 0.7412109375 0.279693603515625 0.0205230712890625 0.10345458984375
0 0.328857421875 0.104217529296875 0.0182647705078125 0.11688232421875
0 0.87158203125 0.243377685546875 0.02337646484375 0.107269287109375
0 0.335205078125 0.274505615234375 0.022674560546875 0.118865966796875
0 0.6689453125 0.232391357421875 0.0222930908203125 0.1230621337890625
0 0.771484375 0.118865966796875 0.0222930908203125 0.0811004638671875
0 0.90966796875 0.15777587890625 0.0186920166015625 0.0989532470703125
0 0.5693359375 0.13427734375 0.0185394287109375 0.091705322265625
0 0.83251953125 0.284271240234375 0.020843505859375 0.1099395751953125
0 0.7392578125 0.07366180419921875 0.017913818359375 0.0965118408203125
0 0.9697265625 0.1082611083984375 0.020965576171875 0.104217529296875
0 0.83203125 0.137939453125 0.01763916015625 0.0885772705078125
0 0.66259765625 0.0921630859375 0.0184783935546875 0.0913238525390625
0 0.11456298828125 0.2655029296875 0.0211181640625 0.1146697998046875
0 0.266845703125 0.1050567626953125 0.01837158203125 0.09185791015625
0 0.0360107421875 0.731201171875 0.0369873046875 0.15869140625