0 0.87646484375 0.22979736328125 0.0191650390625 0.096893310546875
0 0.174072265625 0.238037109375 0.020599365234375 0.0943756103515625
0 0.537109375 0.0820159912109375 0.0184326171875 0.0868988037109375
0 0.51220703125 0.242919921875 0.0211181640625 0.10955810546875
0 0.845703125 0.279083251953125 0.0257568359375 0.1202392578125
0 0.7265625 0.08758544921875 0.0153045654296875 0.11932373046875
0 0.2379150390625 0.25115966796875 0.020965576171875 0.1004791259765625
0 0.06793212890625 0.06977081298828125 0.0191650390625 0.0872039794921875
0 0.56982421875 0.127105712890625 0.01971435546875 0.06511688232421875
0 0.033660888671875 0.7489013671875 0.035888671875 0.170440673828125
0 0.64111328125 0.07564544677734375 0.0201416015625 0.095062255859375
0 0.939453125 0.0804901123046875 0.0215301513671875 0.07335662841796875
0 0.342041015625 0.07625579833984375 0.0222015380859375 0.07366180419921875
0 0.061767578125 0.287933349609375 0.021209716796875 0.09185791015625
0 0.1409912109375 0.2838134765625 0.0271759033203125 0.1131439208984375
0 0.767578125 0.225982666015625 0.0272674560546875 0.1416778564453125
0 0.1300048828125 0.1050567626953125 0.01861572265625 0.087890625
0 0.638671875 0.24017333984375 0.020416259765625 0.11383056640625
0 0.439697265625 0.235443115234375 0.021697998046875 0.1068115234375
0 0.439453125 0.10223388671875 0.0174407958984375 0.1012420654296875
0 0.669921875 0.14434814453125 0.0177154541015625 0.0849151611328125
0 0.85791015625 0.05474090576171875 0.015899658203125 0.079498291015625
0 0.970703125 0.146026611328125 0.019683837890625 0.0885772705078125
0 0.9443359375 0.26458740234375 0.0194244384765625 0.0934600830078125
0 0.30908203125 0.168609619140625 0.017303466796875 0.09185791015625
0 0.470947265625 0.109100341796875 0.0200653076171875 0.093841552734375
0 0.02203369140625 0.269927978515625 0.0254669189453125 0.114898681640625
0 0.7607421875 0.084228515625 0.01763916015625 0.0911712646484375
0 0.369873046875 0.1522064208984375 0.02056884765625 0.086517333984375
0 0.267822265625 0.0946807861328125 0.021484375 0.09674072265625
0 0.20849609375 0.1438140869140625 0.0164031982421875 0.093231201171875