0 0.7380950000000001 0.257125 0.02004 0.10679999999999999
0 0.84668 0.23895 0.022719999999999997 0.12237500000000001
0 0.81299 0.24337499999999998 0.024184999999999998 0.10705
0 0.9311499999999999 0.14085 0.01738 0.082325
0 0.13196000000000002 0.27144999999999997 0.023285 0.1233
0 0.129395 0.134575 0.02162 0.09972500000000001
0 0.334475 0.11825 0.017775 0.09675
0 0.9623999999999999 0.062625 0.019195 0.10505
0 0.0365 0.11230000000000001 0.017305 0.08460000000000001
0 0.222655 0.2945 0.020965 0.103225
0 0.47436500000000004 0.21165 0.024935 0.129325
0 0.36963 0.084925 0.01738 0.0859
0 0.070435 0.10619999999999999 0.01898 0.10545
0 0.9365249999999999 0.2823 0.021165 0.112075
0 0.77051 0.11382500000000001 0.02153 0.0808
0 0.35375999999999996 0.29175 0.0159 0.069775
0 0.6655249999999999 0.278625 0.01744 0.095975
0 0.439695 0.27297499999999997 0.022155 0.10619999999999999
0 0.45752 0.082925 0.017915 0.082025
0 0.15869 0.05644999999999999 0.02002 0.099325
0 0.666505 0.06385 0.01837 0.090625
0 0.05261 0.27802499999999997 0.02466 0.073925
0 0.5180650000000001 0.2536 0.02461 0.1217
0 0.74219 0.06335 0.01622 0.078575
0 0.83496 0.060725 0.019684999999999998 0.09634999999999999
0 0.26782 0.068425 0.018935 0.0949
0 0.56787 0.1081 0.01764 0.08522500000000001
0 0.2323 0.090625 0.020965 0.10285
0 0.5581050000000001 0.252525 0.023285 0.108725
0 0.62624 0.28364999999999996 0.023195 0.11564999999999999
0 0.034485 0.7422 0.0376 0.12215