0 0.7483831338904999 0.24955611362583363 0.023957386908080025 0.10267451532034301
0 0.27294921875 0.232696533203125 0.021575927734375 0.1003265380859375
0 0.64697265625 0.236663818359375 0.023956298828125 0.13458251953125
0 0.36328125 0.25543212890625 0.0216217041015625 0.1052093505859375
0 0.1104736328125 0.22003173828125 0.0200958251953125 0.09857177734375
0 0.06610107421875 0.06816864013671875 0.021331787109375 0.0995635986328125
0 0.32275390625 0.291748046875 0.021484375 0.096893310546875
0 0.5595703125 0.054931640625 0.019012451171875 0.0899505615234375
0 0.71044921875 0.2056884765625 0.02044677734375 0.104217529296875
0 0.4384765625 0.21087646484375 0.0226287841796875 0.0955963134765625
0 0.169189453125 0.087890625 0.02044677734375 0.10009765625
0 0.469482421875 0.1026153564453125 0.020721435546875 0.0946807861328125
0 0.23388671875 0.3155517578125 0.019561767578125 0.0997161865234375
0 0.8701171875 0.1340484619140625 0.019378662109375 0.0855255126953125
0 0.4423828125 0.097808837890625 0.0191650390625 0.079193115234375
0 0.2315673828125 0.1082611083984375 0.0202178955078125 0.1068115234375
0 0.5302734375 0.1384735107421875 0.019500732421875 0.0971221923828125
0 0.611328125 0.257720947265625 0.0212860107421875 0.111846923828125
0 0.80908203125 0.183563232421875 0.0203704833984375 0.115966796875
0 0.76953125 0.125885009765625 0.0220794677734375 0.0829315185546875
0 0.01898193359375 0.284271240234375 0.02288818359375 0.1125335693359375
0 0.1424560546875 0.226287841796875 0.022674560546875 0.1088714599609375
0 0.030853271484375 0.07537841796875 0.01934814453125 0.0981903076171875
0 0.96337890625 0.0695037841796875 0.0186920166015625 0.0971221923828125
0 0.53515625 0.28167724609375 0.023193359375 0.13427734375
0 0.93701171875 0.32135009765625 0.0227203369140625 0.0901031494140625
0 0.93310546875 0.1175689697265625 0.018096923828125 0.0811004638671875
0 0.03179931640625 0.7501220703125 0.030670166015625 0.201873779296875
0 0.3671875 0.0750732421875 0.0215301513671875 0.106048583984375
0 0.83984375 0.06336212158203125 0.020721435546875 0.0807952880859375
0 0.6669921875 0.067138671875 0.020843505859375 0.0954437255859375