0 0.0755615234375 0.24200439453125 0.01934814453125 0.089569091796875
0 0.374755859375 0.237579345703125 0.023468017578125 0.11383056640625
0 0.87060546875 0.233612060546875 0.0251312255859375 0.1010894775390625
0 0.03271484375 0.114898681640625 0.0179901123046875 0.08758544921875
0 0.71240234375 0.196380615234375 0.0162811279296875 0.096893310546875
0 0.52978515625 0.3076171875 0.0256195068359375 0.1110076904296875
0 0.94091796875 0.2740478515625 0.0225067138671875 0.09857177734375
0 0.469482421875 0.1305389404296875 0.016845703125 0.0814056396484375
0 0.436279296875 0.080108642578125 0.0174407958984375 0.086517333984375
0 0.335693359375 0.31524658203125 0.0207977294921875 0.099334716796875
0 0.9306640625 0.11688232421875 0.020843505859375 0.10223388671875
0 0.52734375 0.0899505615234375 0.0222930908203125 0.1081085205078125
0 0.630859375 0.0855255126953125 0.0221099853515625 0.1087188720703125
0 0.66552734375 0.0955963134765625 0.0185394287109375 0.0902557373046875
0 0.6201171875 0.25634765625 0.022369384765625 0.10345458984375
0 0.826171875 0.1003265380859375 0.024566650390625 0.1039886474609375
0 0.41357421875 0.241546630859375 0.021240234375 0.1180267333984375
0 0.85546875 0.05474090576171875 0.021453857421875 0.106048583984375
0 0.56005859375 0.053253173828125 0.0229339599609375 0.09918212890625
0 0.045013427734375 0.284881591796875 0.0232391357421875 0.1039886474609375
0 0.77001953125 0.111846923828125 0.017181396484375 0.0913238525390625
0 0.7373046875 0.226287841796875 0.02191162109375 0.1088714599609375
0 0.130859375 0.27862548828125 0.0293121337890625 0.12542724609375
0 0.2095947265625 0.200042724609375 0.0188751220703125 0.093841552734375
0 0.168212890625 0.26458740234375 0.021453857421875 0.107421875
0 0.129150390625 0.0911712646484375 0.0207672119140625 0.0911712646484375
0 0.95947265625 0.089569091796875 0.0173797607421875 0.0826263427734375
0 0.268798828125 0.087890625 0.019500732421875 0.0872039794921875
0 0.363037109375 0.062408447265625 0.0169219970703125 0.089263916015625
0 0.2384033203125 0.058441162109375 0.0192718505859375 0.097503662109375
0 0.0313720703125 0.74951171875 0.03533935546875 0.20660400390625