0 0.12274169921875 0.271453857421875 0.0252685546875 0.11444091796875
0 0.2490234375 0.2764892578125 0.024993896484375 0.1186370849609375
0 0.267333984375 0.0768280029296875 0.0207977294921875 0.1110076904296875
0 0.163330078125 0.25726318359375 0.02447509765625 0.1018524169921875
0 0.07464599609375 0.24932861328125 0.0191192626953125 0.09857177734375
0 0.7392578125 0.2685546875 0.02276611328125 0.0774383544921875
0 0.061187744140625 0.06191253662109375 0.01983642578125 0.0972747802734375
0 0.309326171875 0.15960693359375 0.0199432373046875 0.099334716796875
0 0.0323486328125 0.1129150390625 0.0171051025390625 0.08819580078125
0 0.8603515625 0.279083251953125 0.0203704833984375 0.123748779296875
0 0.474365234375 0.206146240234375 0.020721435546875 0.108489990234375
0 0.34130859375 0.09490966796875 0.0180511474609375 0.0849151611328125
0 0.2088623046875 0.20050048828125 0.0184783935546875 0.111236572265625
0 0.33837890625 0.226287841796875 0.023956298828125 0.1131439208984375
0 0.1328125 0.1209259033203125 0.01898193359375 0.09063720703125
0 0.96923828125 0.078582763671875 0.0189056396484375 0.0936126708984375
0 0.458251953125 0.0591278076171875 0.0192718505859375 0.0945281982421875
0 0.66845703125 0.1366424560546875 0.0188751220703125 0.0885772705078125
0 0.033966064453125 0.750732421875 0.0322265625 0.1522064208984375
0 0.93359375 0.0804901123046875 0.0209197998046875 0.09765625
0 0.955078125 0.295562744140625 0.021240234375 0.1076507568359375
0 0.77001953125 0.1186370849609375 0.02191162109375 0.102996826171875
0 0.8623046875 0.064849853515625 0.0235137939453125 0.1131439208984375
0 0.44091796875 0.308837890625 0.0215301513671875 0.1055908203125
0 0.70849609375 0.178375244140625 0.016021728515625 0.0888824462890625
0 0.564453125 0.0965118408203125 0.017852783203125 0.090789794921875
0 0.52587890625 0.277099609375 0.0236968994140625 0.1136016845703125
0 0.56689453125 0.244293212890625 0.0203399658203125 0.1024627685546875
0 0.63671875 0.20233154296875 0.0211181640625 0.098419189453125
0 0.82763671875 0.06561279296875 0.01983642578125 0.0989532470703125
0 0.640625 0.05889892578125 0.0187225341796875 0.09307861328125