0 0.369384765625 0.21087646484375 0.0261993408203125 0.124664306640625
0 0.2113037109375 0.23895263671875 0.022369384765625 0.1125335693359375
0 0.459716796875 0.290069580078125 0.021942138671875 0.1126861572265625
0 0.334716796875 0.31402587890625 0.0200653076171875 0.107879638671875
0 0.132568359375 0.27557373046875 0.02386474609375 0.1088714599609375
0 0.43212890625 0.079498291015625 0.0214080810546875 0.099945068359375
0 0.03271484375 0.1116180419921875 0.0190582275390625 0.097808837890625
0 0.467529296875 0.0626373291015625 0.0205230712890625 0.091705322265625
0 0.130615234375 0.137176513671875 0.018646240234375 0.0902557373046875
0 0.2333984375 0.05428314208984375 0.02386474609375 0.0988006591796875
0 0.77001953125 0.1275634765625 0.02001953125 0.0943756103515625
0 0.55322265625 0.059356689453125 0.0177154541015625 0.089263916015625
0 0.97265625 0.1959228515625 0.024749755859375 0.1151275634765625
0 0.876953125 0.213165283203125 0.019500732421875 0.0971221923828125
0 0.62646484375 0.07251739501953125 0.0246124267578125 0.1235198974609375
0 0.033966064453125 0.743408203125 0.0318603515625 0.140533447265625
0 0.92919921875 0.1355743408203125 0.021484375 0.087890625
0 0.7119140625 0.210418701171875 0.0217437744140625 0.11444091796875
0 0.1614990234375 0.0605010986328125 0.020965576171875 0.1024627685546875
0 0.66015625 0.280609130859375 0.0254669189453125 0.11383056640625
0 0.6611328125 0.045623779296875 0.0222930908203125 0.089263916015625
0 0.52587890625 0.1146697998046875 0.0225067138671875 0.096893310546875
0 0.35791015625 0.0586700439453125 0.023773193359375 0.104827880859375
0 0.54052734375 0.303192138671875 0.0196380615234375 0.1157379150390625
0 0.0633544921875 0.063629150390625 0.0164642333984375 0.0872039794921875
0 0.7470703125 0.24749755859375 0.023773193359375 0.1116180419921875
0 0.26708984375 0.07251739501953125 0.0204925537109375 0.09765625
0 0.95361328125 0.05283355712890625 0.015777587890625 0.0936126708984375
0 0.035552978515625 0.3179931640625 0.0208892822265625 0.0962066650390625
0 0.83203125 0.1226043701171875 0.019683837890625 0.1024627685546875
0 0.859375 0.0936126708984375 0.0177764892578125 0.0855255126953125