0 0.3725366615477128 0.19120612315980623 0.028163563278981674 0.13592881813351293
0 0.94384765625 0.26214599609375 0.019561767578125 0.09490966796875
0 0.53076171875 0.11688232421875 0.0231475830078125 0.115509033203125
0 0.412109375 0.22796630859375 0.025421142578125 0.1287841796875
0 0.91064453125 0.223846435546875 0.0230255126953125 0.1200103759765625
0 0.74267578125 0.10223388671875 0.019561767578125 0.09918212890625
0 0.7705078125 0.1105499267578125 0.0204925537109375 0.09063720703125
0 0.66455078125 0.27557373046875 0.02386474609375 0.1032257080078125
0 0.57470703125 0.24200439453125 0.0223236083984375 0.1142120361328125
0 0.21142578125 0.223846435546875 0.0233306884765625 0.1146697998046875
0 0.70849609375 0.16143798828125 0.017242431640625 0.106201171875
0 0.32666015625 0.1103973388671875 0.02337646484375 0.115966796875
0 0.62255859375 0.2655029296875 0.029815673828125 0.1462554931640625
0 0.66015625 0.05218505859375 0.020172119140625 0.1043701171875
0 0.266845703125 0.107421875 0.020721435546875 0.09918212890625
0 0.9375 0.1087188720703125 0.01525115966796875 0.092926025390625
0 0.450439453125 0.292205810546875 0.0230255126953125 0.1200103759765625
0 0.034088134765625 0.318603515625 0.01971435546875 0.1012420654296875
0 0.4345703125 0.066375732421875 0.018157958984375 0.094146728515625
0 0.1695556640625 0.1070404052734375 0.0210418701171875 0.1052093505859375
0 0.07330322265625 0.23712158203125 0.0201416015625 0.1070404052734375
0 0.8720703125 0.201873779296875 0.0271148681640625 0.147705078125
0 0.140380859375 0.1038360595703125 0.0180511474609375 0.0899505615234375
0 0.346435546875 0.29449462890625 0.0199127197265625 0.13153076171875
0 0.55859375 0.05474090576171875 0.0177154541015625 0.089263916015625
0 0.10992431640625 0.177764892578125 0.0201416015625 0.09765625
0 0.8544921875 0.05084991455078125 0.021209716796875 0.1016998291015625
0 0.0322265625 0.1088714599609375 0.0184783935546875 0.1044464111328125
0 0.252197265625 0.250701904296875 0.0256195068359375 0.123291015625
0 0.830078125 0.14404296875 0.017852783203125 0.1146697998046875
0 0.03448486328125 0.745849609375 0.035552978515625 0.167388916015625