0 0.4646301995075679 0.2819358006720679 0.02220786614524599 0.10930434118363244
0 0.5615234375 0.2801513671875 0.02288818359375 0.115966796875
0 0.908203125 0.1666259765625 0.0174407958984375 0.1082611083984375
0 0.734375 0.05123138427734375 0.020172119140625 0.0902557373046875
0 0.2286376953125 0.090484619140625 0.022674560546875 0.0885772705078125
0 0.767578125 0.0811004638671875 0.0201416015625 0.1068115234375
0 0.5341796875 0.0923919677734375 0.0193023681640625 0.089569091796875
0 0.6689453125 0.06816864013671875 0.018096923828125 0.092010498046875
0 0.658203125 0.25115966796875 0.020294189453125 0.104217529296875
0 0.56689453125 0.107421875 0.0144500732421875 0.07595062255859375
0 0.430419921875 0.0823211669921875 0.0182342529296875 0.099945068359375
0 0.8095703125 0.213165283203125 0.0191650390625 0.090484619140625
0 0.1678466796875 0.079498291015625 0.0200958251953125 0.08331298828125
0 0.63330078125 0.11383056640625 0.0194549560546875 0.0885772705078125
0 0.333251953125 0.1016998291015625 0.0171051025390625 0.0995635986328125
0 0.26953125 0.266571044921875 0.021820068359375 0.094146728515625
0 0.7109375 0.226287841796875 0.02069091796875 0.0958251953125
0 0.1094970703125 0.166015625 0.0185089111328125 0.1052093505859375
0 0.260986328125 0.05184173583984375 0.0230255126953125 0.10223388671875
0 0.83740234375 0.1064300537109375 0.0142822265625 0.0820159912109375
0 0.1395263671875 0.0823211669921875 0.01495361328125 0.0705718994140625
0 0.0179901123046875 0.27862548828125 0.0231475830078125 0.1105499267578125
0 0.054595947265625 0.23712158203125 0.01983642578125 0.1226043701171875
0 0.36376953125 0.299835205078125 0.021209716796875 0.0943756103515625
0 0.02880859375 0.0695037841796875 0.0222930908203125 0.1058197021484375
0 0.46533203125 0.06191253662109375 0.021575927734375 0.1012420654296875
0 0.9375 0.23406982421875 0.0211639404296875 0.097503662109375
0 0.97119140625 0.1560211181640625 0.0164642333984375 0.0595855712890625
0 0.369384765625 0.0872039794921875 0.017181396484375 0.08758544921875
0 0.84423828125 0.274505615234375 0.0201416015625 0.0997161865234375
0 0.03521728515625 0.755615234375 0.04107666015625 0.201263427734375