0 0.11126708984375 0.233154296875 0.0217742919921875 0.10223388671875
0 0.445068359375 0.233154296875 0.02203369140625 0.11077880859375
0 0.53271484375 0.099945068359375 0.0224609375 0.0945281982421875
0 0.509765625 0.218048095703125 0.021942138671875 0.119781494140625
0 0.4365234375 0.0945281982421875 0.019866943359375 0.0872039794921875
0 0.32763671875 0.099945068359375 0.0228424072265625 0.1018524169921875
0 0.26904296875 0.13153076171875 0.0199127197265625 0.0885772705078125
0 0.6337890625 0.1064300537109375 0.0191650390625 0.0909423828125
0 0.467529296875 0.0823211669921875 0.0216522216796875 0.1024627685546875
0 0.716796875 0.276031494140625 0.023193359375 0.11932373046875
0 0.144287109375 0.229339599609375 0.022674560546875 0.1114654541015625
0 0.359130859375 0.086212158203125 0.0174407958984375 0.085906982421875
0 0.2076416015625 0.14404296875 0.0173797607421875 0.093231201171875
0 0.56640625 0.06870269775390625 0.0219879150390625 0.0980377197265625
0 0.0257110595703125 0.29876708984375 0.021331787109375 0.1087188720703125
0 0.9482421875 0.302581787109375 0.019378662109375 0.095977783203125
0 0.8544921875 0.24749755859375 0.021240234375 0.1076507568359375
0 0.7548828125 0.241546630859375 0.024658203125 0.128326416015625
0 0.2381591796875 0.054931640625 0.018768310546875 0.09063720703125
0 0.66357421875 0.298309326171875 0.0189056396484375 0.08331298828125
0 0.371826171875 0.214080810546875 0.027374267578125 0.1446533203125
0 0.97802734375 0.20050048828125 0.02203369140625 0.09918212890625
0 0.063232421875 0.229339599609375 0.0247955322265625 0.124969482421875
0 0.16845703125 0.08392333984375 0.0202178955078125 0.101470947265625
0 0.72900390625 0.06336212158203125 0.0199432373046875 0.0911712646484375
0 0.06280517578125 0.062408447265625 0.0244293212890625 0.1202392578125
0 0.8330078125 0.0695037841796875 0.0212860107421875 0.095062255859375
0 0.6689453125 0.0826263427734375 0.0194244384765625 0.098419189453125
0 0.86767578125 0.1093292236328125 0.0177764892578125 0.09185791015625
0 0.95849609375 0.062408447265625 0.0153045654296875 0.084228515625
0 0.034027099609375 0.750732421875 0.045013427734375 0.22430419921875