0 0.034740906741995606 0.7420532618673243 0.04485412793711622 0.20565177704660126
0 0.96728515625 0.07625579833984375 0.0199127197265625 0.100860595703125
0 0.814453125 0.247955322265625 0.02606201171875 0.1256561279296875
0 0.63720703125 0.2081298828125 0.0204925537109375 0.1081085205078125
0 0.27001953125 0.121917724609375 0.0218658447265625 0.10009765625
0 0.4794921875 0.224609375 0.0200958251953125 0.1007080078125
0 0.93408203125 0.05580902099609375 0.024139404296875 0.0955963134765625
0 0.73876953125 0.0496673583984375 0.01751708984375 0.085906982421875
0 0.548828125 0.274505615234375 0.021942138671875 0.09918212890625
0 0.23681640625 0.25634765625 0.020965576171875 0.09490966796875
0 0.363037109375 0.232391357421875 0.0235137939453125 0.1153564453125
0 0.609375 0.15655517578125 0.0181884765625 0.1055908203125
0 0.57861328125 0.207366943359375 0.021453857421875 0.102996826171875
0 0.1259765625 0.078582763671875 0.0203399658203125 0.1213836669921875
0 0.66845703125 0.133819580078125 0.017852783203125 0.0855255126953125
0 0.86376953125 0.05283355712890625 0.021453857421875 0.090789794921875
0 0.03204345703125 0.1285552978515625 0.0182342529296875 0.09063720703125
0 0.1624755859375 0.2606201171875 0.026153564453125 0.11016845703125
0 0.73974609375 0.21759033203125 0.0230255126953125 0.120697021484375
0 0.76904296875 0.133819580078125 0.0188751220703125 0.086212158203125
0 0.9423828125 0.2655029296875 0.0235137939453125 0.111846923828125
0 0.43212890625 0.1502227783203125 0.01560211181640625 0.086517333984375
0 0.2427978515625 0.0774383544921875 0.0184326171875 0.09185791015625
0 0.461669921875 0.0739288330078125 0.017852783203125 0.0913238525390625
0 0.359619140625 0.04726409912109375 0.02069091796875 0.0914764404296875
0 0.329345703125 0.12115478515625 0.0235137939453125 0.1166534423828125
0 0.06756591796875 0.2685546875 0.024932861328125 0.1213836669921875
0 0.06768798828125 0.07476806640625 0.0169830322265625 0.0885772705078125
0 0.85791015625 0.279693603515625 0.02630615234375 0.11932373046875
0 0.118408203125 0.279083251953125 0.0300445556640625 0.14739990234375
0 0.55810546875 0.094146728515625 0.01554107666015625 0.0826263427734375