0 0.03484439390756821 0.7445843708421216 0.032971030582583535 0.13405138067365688
0 0.01965883311984404 0.2969591340990525 0.019935718093362968 0.10106301533440945
0 0.8388671875 0.213623046875 0.0224151611328125 0.109710693359375
0 0.77099609375 0.0936126708984375 0.02001953125 0.10284423828125
0 0.86865234375 0.1332855224609375 0.0196075439453125 0.0954437255859375
0 0.57470703125 0.219268798828125 0.024658203125 0.1099395751953125
0 0.8095703125 0.170135498046875 0.0182952880859375 0.1070404052734375
0 0.450439453125 0.290069580078125 0.017852783203125 0.11444091796875
0 0.41162109375 0.22674560546875 0.0207977294921875 0.1190948486328125
0 0.20947265625 0.19744873046875 0.020721435546875 0.1204681396484375
0 0.6689453125 0.1361083984375 0.019195556640625 0.0946807861328125
0 0.1414794921875 0.0989532470703125 0.01812744140625 0.09185791015625
0 0.60986328125 0.177459716796875 0.0191650390625 0.1161956787109375
0 0.10931396484375 0.16021728515625 0.0167236328125 0.1052093505859375
0 0.340576171875 0.0823211669921875 0.01282501220703125 0.0965118408203125
0 0.2454833984375 0.272979736328125 0.0239105224609375 0.1026153564453125
0 0.34228515625 0.279083251953125 0.020843505859375 0.1038360595703125
0 0.95263671875 0.10223388671875 0.0208892822265625 0.1016998291015625
0 0.73388671875 0.09185791015625 0.0206451416015625 0.1064300537109375
0 0.7177734375 0.288543701171875 0.0207672119140625 0.1116180419921875
0 0.94091796875 0.2679443359375 0.03155517578125 0.1522064208984375
0 0.436279296875 0.07625579833984375 0.0199432373046875 0.0965118408203125
0 0.64013671875 0.0577545166015625 0.0179901123046875 0.085906982421875
0 0.033843994140625 0.0885772705078125 0.017913818359375 0.09918212890625
0 0.265380859375 0.07476806640625 0.0202178955078125 0.096893310546875
0 0.06951904296875 0.089263916015625 0.0202178955078125 0.1146697998046875
0 0.31005859375 0.19744873046875 0.020172119140625 0.107879638671875
0 0.53076171875 0.1413726806640625 0.0191192626953125 0.0829315185546875
0 0.92529296875 0.1136016845703125 0.0240020751953125 0.11444091796875
0 0.170654296875 0.1039886474609375 0.0217437744140625 0.104827880859375
0 0.56005859375 0.053253173828125 0.01666259765625 0.086212158203125