0 0.5390625 0.32257080078125 0.020965576171875 0.09918212890625
0 0.2303466796875 0.1479339599609375 0.0192718505859375 0.0888824462890625
0 0.471435546875 0.25299072265625 0.02001953125 0.1093292236328125
0 0.1663818359375 0.0719451904296875 0.0182342529296875 0.09307861328125
0 0.06268310546875 0.2630615234375 0.022979736328125 0.1052093505859375
0 0.97216796875 0.248870849609375 0.0177154541015625 0.11688232421875
0 0.275634765625 0.198974609375 0.0196075439453125 0.0888824462890625
0 0.72265625 0.26947021484375 0.0261077880859375 0.1361083984375
0 0.376953125 0.23101806640625 0.017578125 0.090484619140625
0 0.333984375 0.1309967041015625 0.018829345703125 0.0913238525390625
0 0.168701171875 0.281219482421875 0.0197906494140625 0.09674072265625
0 0.460693359375 0.05390167236328125 0.0191650390625 0.094146728515625
0 0.76416015625 0.239715576171875 0.023193359375 0.1151275634765625
0 0.57763671875 0.2349853515625 0.0202178955078125 0.0807952880859375
0 0.429931640625 0.1004791259765625 0.02056884765625 0.104827880859375
0 0.65478515625 0.059356689453125 0.023956298828125 0.11688232421875
0 0.859375 0.05645751953125 0.02386474609375 0.10955810546875
0 0.56298828125 0.07419586181640625 0.017852783203125 0.0980377197265625
0 0.0202484130859375 0.27496337890625 0.0242767333984375 0.1204681396484375
0 0.62841796875 0.2764892578125 0.0276947021484375 0.133056640625
0 0.359375 0.06561279296875 0.0147857666015625 0.07251739501953125
0 0.2421875 0.277557373046875 0.0225067138671875 0.12664794921875
0 0.06756591796875 0.107269287109375 0.0177764892578125 0.0888824462890625
0 0.6689453125 0.24932861328125 0.0230712890625 0.118255615234375
0 0.93603515625 0.271453857421875 0.025909423828125 0.11444091796875
0 0.129150390625 0.297698974609375 0.02386474609375 0.1153564453125
0 0.76416015625 0.09918212890625 0.0204925537109375 0.0981903076171875
0 0.92822265625 0.103607177734375 0.0210418701171875 0.1018524169921875
0 0.8291015625 0.1290130615234375 0.020172119140625 0.098419189453125
0 0.030670166015625 0.7525634765625 0.033477783203125 0.1959228515625
0 0.82568359375 0.27252197265625 0.027587890625 0.1268768310546875