0 0.07720999999999999 0.242 0.02025 0.0965
0 0.52344 0.2832 0.02165 0.090625
0 0.13733 0.225975 0.023649999999999997 0.112925
0 0.410645 0.2327 0.022585 0.088875
0 0.16968 0.1419 0.018265 0.09095
0 0.248535 0.281225 0.02153 0.120475
0 0.209595 0.205375 0.021285000000000002 0.12
0 0.327395 0.10705 0.018645 0.0859
0 0.374025 0.219275 0.02104 0.111225
0 0.10968000000000001 0.16052499999999997 0.018539999999999997 0.09185
0 0.43823 0.114675 0.01724 0.078
0 0.35498 0.048475000000000004 0.02153 0.09692500000000001
0 0.5668949999999999 0.10705 0.017515 0.08460000000000001
0 0.963865 0.09805 0.017715 0.08262499999999999
0 0.666015 0.105825 0.017515 0.078
0 0.47168 0.11185 0.017855 0.077125
0 0.7592749999999999 0.064125 0.01819 0.09117499999999999
0 0.533205 0.10185000000000001 0.02089 0.092
0 0.060305 0.0695 0.017715 0.087575
0 0.23218 0.049275 0.017915 0.0872
0 0.63379 0.10505 0.02069 0.10085000000000001
0 0.03308 0.1252 0.01764 0.08262499999999999
0 0.83301 0.0789 0.020845 0.10742499999999999
0 0.93213 0.11359999999999999 0.019760000000000003 0.088875
0 0.6274400000000001 0.2896 0.020295 0.10125
0 0.7456050000000001 0.305475 0.019684999999999998 0.09675
0 0.73291 0.117575 0.017105000000000002 0.084225
0 0.033385 0.7507250000000001 0.02838 0.18447500000000003
0 0.8168949999999999 0.281675 0.021455 0.1017
0 0.8569349999999999 0.24887499999999999 0.021745 0.10742499999999999
0 0.9335950000000001 0.287925 0.019989999999999997 0.100475