0 0.9453125 0.28167724609375 0.0201416015625 0.09918212890625
0 0.75 0.279083251953125 0.0235137939453125 0.0923919677734375
0 0.0252685546875 0.0923919677734375 0.023956298828125 0.104217529296875
0 0.0546875 0.058441162109375 0.020416259765625 0.0885772705078125
0 0.1695556640625 0.261688232421875 0.018157958984375 0.111846923828125
0 0.33984375 0.25726318359375 0.0217437744140625 0.102081298828125
0 0.470703125 0.086517333984375 0.0199127197265625 0.0914764404296875
0 0.436767578125 0.0826263427734375 0.0191192626953125 0.101470947265625
0 0.369140625 0.0958251953125 0.0187225341796875 0.0909423828125
0 0.034423828125 0.31219482421875 0.0260009765625 0.1161956787109375
0 0.447509765625 0.290679931640625 0.0209197998046875 0.102081298828125
0 0.54150390625 0.1068115234375 0.0163421630859375 0.0823211669921875
0 0.57080078125 0.1082611083984375 0.017913818359375 0.078582763671875
0 0.6396484375 0.0676727294921875 0.0202484130859375 0.09063720703125
0 0.50927734375 0.16632080078125 0.020599365234375 0.1024627685546875
0 0.93798828125 0.0600433349609375 0.0193023681640625 0.0817108154296875
0 0.64013671875 0.261688232421875 0.0197601318359375 0.096893310546875
0 0.339599609375 0.059814453125 0.0207977294921875 0.0971221923828125
0 0.7109375 0.247955322265625 0.0187225341796875 0.086212158203125
0 0.24365234375 0.22979736328125 0.024566650390625 0.1093292236328125
0 0.237060546875 0.095062255859375 0.018768310546875 0.08758544921875
0 0.91015625 0.19012451171875 0.0211181640625 0.0988006591796875
0 0.1280517578125 0.0868988037109375 0.021240234375 0.1010894775390625
0 0.86865234375 0.07564544677734375 0.019012451171875 0.09185791015625
0 0.85107421875 0.25634765625 0.0253753662109375 0.1195526123046875
0 0.1591796875 0.0576019287109375 0.0247039794921875 0.115203857421875
0 0.03662109375 0.750732421875 0.033843994140625 0.169219970703125
0 0.67041015625 0.10009765625 0.0202484130859375 0.100860595703125
0 0.268310546875 0.0849151611328125 0.021331787109375 0.10009765625
0 0.73681640625 0.085906982421875 0.01861572265625 0.093841552734375
0 0.83544921875 0.105438232421875 0.018646240234375 0.0980377197265625