0 0.06672 0.2847 0.022505 0.09512499999999999
0 0.46557499999999996 0.0978 0.01834 0.10125
0 0.53662 0.11055 0.01602 0.09025
0 0.36913999999999997 0.121375 0.01898 0.09269999999999999
0 0.33667 0.07195 0.02104 0.105825
0 0.23279 0.10032500000000001 0.01799 0.0949
0 0.90967 0.19745000000000001 0.020415 0.10545
0 0.7333999999999999 0.10125 0.019350000000000003 0.07980000000000001
0 0.640135 0.26505 0.020295 0.099175
0 0.570315 0.095975 0.01898 0.0901
0 0.7666000000000001 0.076825 0.02072 0.099325
0 0.265135 0.2655 0.023864999999999997 0.118475
0 0.6708999999999999 0.113975 0.023954999999999997 0.083625
0 0.115355 0.24155000000000001 0.023725000000000003 0.111225
0 0.348635 0.246125 0.022795000000000003 0.10932499999999999
0 0.22472999999999999 0.304875 0.0217 0.1097
0 0.168215 0.11230000000000001 0.018234999999999998 0.0949
0 0.13379 0.08109999999999999 0.020370000000000003 0.1017
0 0.5478500000000001 0.27449999999999997 0.02391 0.127575
0 0.609375 0.18142499999999998 0.01924 0.10955
0 0.726565 0.311125 0.020965 0.10742499999999999
0 0.8667 0.27144999999999997 0.024795 0.121925
0 0.463865 0.25115 0.025175 0.12955
0 0.032409999999999994 0.10185000000000001 0.021285000000000002 0.11445
0 0.827635 0.281225 0.02942 0.12664999999999998
0 0.9365249999999999 0.0969 0.020415 0.09255000000000001
0 0.06659000000000001 0.068975 0.01758 0.093225
0 0.945005 0.244675 0.02309 0.125825
0 0.43017500000000003 0.0817 0.018234999999999998 0.09880000000000001
0 0.033325 0.755 0.030914999999999998 0.146875
0 0.82617 0.087575 0.02484 0.12025000000000001