0 0.97607421875 0.234527587890625 0.0197906494140625 0.0901031494140625
0 0.368896484375 0.218505859375 0.02801513671875 0.1285552978515625
0 0.71142578125 0.2362060546875 0.021820068359375 0.123291015625
0 0.64892578125 0.284271240234375 0.0225372314453125 0.1125335693359375
0 0.5341796875 0.090484619140625 0.0217742919921875 0.0954437255859375
0 0.038330078125 0.25543212890625 0.0225830078125 0.107269287109375
0 0.54443359375 0.24017333984375 0.0289306640625 0.133056640625
0 0.410400390625 0.206146240234375 0.0190582275390625 0.1012420654296875
0 0.327880859375 0.0972747802734375 0.0212860107421875 0.1038360595703125
0 0.154296875 0.297088623046875 0.0217437744140625 0.11383056640625
0 0.0411376953125 0.0638580322265625 0.020294189453125 0.0888824462890625
0 0.228271484375 0.147705078125 0.0224151611328125 0.1038360595703125
0 0.76904296875 0.1293182373046875 0.0187225341796875 0.0962066650390625
0 0.438720703125 0.238037109375 0.0235595703125 0.104827880859375
0 0.256591796875 0.048809051513671875 0.021575927734375 0.09761810302734375
0 0.7373046875 0.0885772705078125 0.01953125 0.09765625
0 0.1134033203125 0.2484130859375 0.0213623046875 0.109100341796875
0 0.87158203125 0.24566650390625 0.02337646484375 0.11444091796875
0 0.360107421875 0.0921630859375 0.020294189453125 0.099945068359375
0 0.9462890625 0.272064208984375 0.0208892822265625 0.1038360595703125
0 0.5087890625 0.194091796875 0.0202484130859375 0.1064300537109375
0 0.2352294921875 0.281219482421875 0.0309600830078125 0.1355743408203125
0 0.169677734375 0.1004791259765625 0.0194549560546875 0.104827880859375
0 0.61083984375 0.210418701171875 0.0222015380859375 0.1129150390625
0 0.440673828125 0.06435394287109375 0.0180206298828125 0.0899505615234375
0 0.95849609375 0.06534576416015625 0.017913818359375 0.0909423828125
0 0.83203125 0.3167724609375 0.0196075439453125 0.09765625
0 0.83154296875 0.1026153564453125 0.0179901123046875 0.09857177734375
0 0.634765625 0.0579833984375 0.01898193359375 0.0923919677734375
0 0.06927490234375 0.097808837890625 0.017913818359375 0.0899505615234375
0 0.03515625 0.7464599609375 0.04559326171875 0.170135498046875