0 0.13223149731841488 0.31818622708331845 0.022239542608770903 0.10315932414911795
0 0.2225293992359545 0.3067985094824418 0.016344724085964147 0.10717851859648618
0 0.3428372863605103 0.3141670326359502 0.021703650015788414 0.11119771304385445
0 0.131591796875 0.104217529296875 0.0216522216796875 0.104217529296875
0 0.0706787109375 0.1026153564453125 0.018829345703125 0.1012420654296875
0 0.472412109375 0.211944580078125 0.022674560546875 0.1175689697265625
0 0.53125 0.106048583984375 0.02423095703125 0.1114654541015625
0 0.77001953125 0.0846099853515625 0.019378662109375 0.0965118408203125
0 0.72216796875 0.277557373046875 0.021453857421875 0.101470947265625
0 0.427734375 0.1131439208984375 0.0235595703125 0.1105499267578125
0 0.56298828125 0.06511688232421875 0.0253753662109375 0.1151275634765625
0 0.83935546875 0.239715576171875 0.0218658447265625 0.1157379150390625
0 0.94091796875 0.2679443359375 0.031494140625 0.1531219482421875
0 0.66943359375 0.09063720703125 0.0202484130859375 0.1151275634765625
0 0.330810546875 0.1200103759765625 0.0218658447265625 0.0989532470703125
0 0.51171875 0.235443115234375 0.02447509765625 0.10284423828125
0 0.1640625 0.06168365478515625 0.0177154541015625 0.099945068359375
0 0.6591796875 0.292816162109375 0.02203369140625 0.097808837890625
0 0.953125 0.102081298828125 0.020721435546875 0.101470947265625
0 0.732421875 0.123748779296875 0.0181884765625 0.092010498046875
0 0.6181640625 0.264129638671875 0.0209197998046875 0.106201171875
0 0.01073455810546875 0.207366943359375 0.018402099609375 0.0971221923828125
0 0.459228515625 0.090484619140625 0.018829345703125 0.08758544921875
0 0.26904296875 0.089263916015625 0.0177764892578125 0.102081298828125
0 0.039642333984375 0.06687164306640625 0.019195556640625 0.099945068359375
0 0.81103515625 0.199737548828125 0.01384735107421875 0.0965118408203125
0 0.9248046875 0.113983154296875 0.0240478515625 0.115509033203125
0 0.2340087890625 0.101470947265625 0.0189056396484375 0.0943756103515625
0 0.84130859375 0.07366180419921875 0.0177154541015625 0.086517333984375
0 0.033538818359375 0.748291015625 0.040252685546875 0.198211669921875
0 0.358642578125 0.05733489990234375 0.0164642333984375 0.0829315185546875