0 0.464355 0.24337499999999998 0.02165 0.099175
0 0.424315 0.30045 0.020645 0.11055
0 0.6498999999999999 0.284275 0.0188 0.09895
0 0.348875 0.269475 0.023864999999999997 0.115975
0 0.16565000000000002 0.062400000000000004 0.017045 0.08789999999999999
0 0.16723500000000002 0.251625 0.023239999999999997 0.1081
0 0.9106449999999999 0.21637499999999998 0.019835000000000002 0.108725
0 0.53662 0.0805 0.021285000000000002 0.093225
0 0.7631849999999999 0.054275000000000004 0.01744 0.10400000000000001
0 0.9418949999999999 0.22719999999999999 0.02237 0.10345
0 0.268555 0.133825 0.01848 0.087575
0 0.312255 0.24932500000000002 0.02112 0.095825
0 0.864745 0.251625 0.022505 0.11664999999999999
0 0.55371 0.272525 0.017305 0.1149
0 0.23987 0.048 0.017855 0.082925
0 0.126585 0.301525 0.02069 0.1001
0 0.0589 0.057325 0.022795000000000003 0.111225
0 0.20801 0.1496 0.02072 0.10605
0 0.034365 0.26925 0.02017 0.1176
0 0.46557499999999996 0.065625 0.02101 0.104825
0 0.6601549999999999 0.07139999999999999 0.0188 0.088875
0 0.729005 0.0862 0.02423 0.11955
0 0.83301 0.09545 0.019915 0.10147500000000001
0 0.569825 0.127325 0.021285000000000002 0.105825
0 0.37133999999999995 0.10285 0.023285 0.10125
0 0.677735 0.2394 0.019684999999999998 0.10032500000000001
0 0.76367 0.27449999999999997 0.02153 0.11735
0 0.9697250000000001 0.09995 0.02034 0.104825
0 0.029145 0.139225 0.0193 0.10679999999999999
0 0.8667 0.10460000000000001 0.018905 0.0953
0 0.03253 0.7519499999999999 0.03528 0.202325