0 0.62549 0.3128 0.018234999999999998 0.10125
0 0.9521499999999999 0.2507 0.02391 0.112075
0 0.55167 0.243125 0.026725000000000002 0.124625
0 0.510255 0.222625 0.02182 0.10619999999999999
0 0.34717000000000003 0.2832 0.021575 0.10705
0 0.44726499999999997 0.26855 0.02165 0.09675
0 0.8603500000000001 0.050275 0.0188 0.099575
0 0.45703 0.06215 0.018935 0.09269999999999999
0 0.76709 0.075075 0.017775 0.0805
0 0.311035 0.20385 0.022035 0.0949
0 0.475585 0.22675 0.0188 0.09505000000000001
0 0.82959 0.30425 0.02017 0.12564999999999998
0 0.040100000000000004 0.2243 0.026414999999999998 0.1207
0 0.109315 0.193775 0.022245 0.12215
0 0.274415 0.192725 0.02017 0.12710000000000002
0 0.37036 0.0908 0.02162 0.09895
0 0.14404499999999998 0.23315000000000002 0.022535 0.108875
0 0.22937000000000002 0.1477 0.019530000000000002 0.0975
0 0.6674800000000001 0.085525 0.018435 0.0901
0 0.6333 0.1081 0.01883 0.0908
0 0.009895 0.21559999999999999 0.019715 0.10605
0 0.033600000000000005 0.7495 0.034820000000000004 0.1709
0 0.9677749999999999 0.111475 0.019059999999999997 0.08789999999999999
0 0.06670999999999999 0.075375 0.01924 0.09269999999999999
0 0.24341 0.2597 0.020765000000000002 0.10705
0 0.769045 0.2832 0.02109 0.09415
0 0.169435 0.1281 0.019195 0.0882
0 0.91211 0.22552499999999998 0.022295000000000002 0.104825
0 0.532715 0.102625 0.018615 0.0949
0 0.73242 0.10825 0.019915 0.092
0 0.827635 0.0862 0.02289 0.1081