0 0.6728515625 0.228424072265625 0.019561767578125 0.1103973388671875
0 0.37353515625 0.23406982421875 0.0221099853515625 0.1105499267578125
0 0.85205078125 0.297088623046875 0.0211181640625 0.0855255126953125
0 0.041473388671875 0.078582763671875 0.0180206298828125 0.079193115234375
0 0.93310546875 0.308837890625 0.0225830078125 0.1099395751953125
0 0.87060546875 0.096893310546875 0.017913818359375 0.079498291015625
0 0.036712646484375 0.222625732421875 0.0207977294921875 0.090789794921875
0 0.927734375 0.11016845703125 0.0224609375 0.1044464111328125
0 0.509765625 0.19775390625 0.0209197998046875 0.1151275634765625
0 0.435546875 0.27557373046875 0.024566650390625 0.124969482421875
0 0.77197265625 0.1105499267578125 0.018402099609375 0.086212158203125
0 0.62353515625 0.1293182373046875 0.023284912109375 0.106658935546875
0 0.2120361328125 0.22552490234375 0.0240020751953125 0.1126861572265625
0 0.8134765625 0.233612060546875 0.0262603759765625 0.1157379150390625
0 0.15478515625 0.254058837890625 0.0240478515625 0.11383056640625
0 0.54736328125 0.2764892578125 0.0230712890625 0.10955810546875
0 0.336181640625 0.3173828125 0.0207977294921875 0.09857177734375
0 0.56689453125 0.0714111328125 0.0188751220703125 0.0997161865234375
0 0.168212890625 0.10955810546875 0.0174407958984375 0.0872039794921875
0 0.11419677734375 0.2349853515625 0.0230712890625 0.1082611083984375
0 0.73828125 0.0943756103515625 0.0174407958984375 0.0852203369140625
0 0.7421875 0.25299072265625 0.02655029296875 0.1256561279296875
0 0.2347412109375 0.062408447265625 0.0191192626953125 0.0913238525390625
0 0.26904296875 0.1153564453125 0.0190582275390625 0.0923919677734375
0 0.331787109375 0.1050567626953125 0.017303466796875 0.0921630859375
0 0.9609375 0.0522613525390625 0.0196380615234375 0.09918212890625
0 0.4306640625 0.1392364501953125 0.02001953125 0.1003265380859375
0 0.034027099609375 0.74951171875 0.0318603515625 0.1605224609375
0 0.460205078125 0.0510406494140625 0.0162200927734375 0.0936126708984375
0 0.01094818115234375 0.194549560546875 0.0210113525390625 0.09185791015625
0 0.63818359375 0.2655029296875 0.0287017822265625 0.1410675048828125