0 0.1513671875 0.277557373046875 0.022796630859375 0.1126861572265625
0 0.5205078125 0.294952392578125 0.0200653076171875 0.1058197021484375
0 0.051361083984375 0.2362060546875 0.0271148681640625 0.121917724609375
0 0.76953125 0.0855255126953125 0.0221099853515625 0.098419189453125
0 0.66015625 0.0852203369140625 0.019378662109375 0.107879638671875
0 0.96533203125 0.0600433349609375 0.0165863037109375 0.1012420654296875
0 0.47021484375 0.191192626953125 0.02288818359375 0.1190948486328125
0 0.453857421875 0.08819580078125 0.0142822265625 0.111236572265625
0 0.2406005859375 0.227203369140625 0.0246124267578125 0.117340087890625
0 0.423828125 0.1081085205078125 0.021575927734375 0.122833251953125
0 0.2100830078125 0.214385986328125 0.0207672119140625 0.1004791259765625
0 0.62939453125 0.254974365234375 0.02337646484375 0.1184844970703125
0 0.71044921875 0.203857421875 0.0189056396484375 0.1076507568359375
0 0.36572265625 0.0902557373046875 0.020294189453125 0.1026153564453125
0 0.5673828125 0.0705718994140625 0.0202484130859375 0.0981903076171875
0 0.06500244140625 0.0628662109375 0.0224151611328125 0.106201171875
0 0.6669921875 0.2288818359375 0.0245208740234375 0.1175689697265625
0 0.317138671875 0.257720947265625 0.0305633544921875 0.147705078125
0 0.8564453125 0.2740478515625 0.02337646484375 0.0811004638671875
0 0.01422882080078125 0.269012451171875 0.023284912109375 0.107269287109375
0 0.23681640625 0.04909515380859375 0.018157958984375 0.08392333984375
0 0.5322265625 0.0849151611328125 0.018402099609375 0.1024627685546875
0 0.86865234375 0.119781494140625 0.020172119140625 0.097808837890625
0 0.1666259765625 0.07595062255859375 0.02288818359375 0.1103973388671875
0 0.357421875 0.242919921875 0.0254669189453125 0.1239776611328125
0 0.11102294921875 0.21484375 0.0225372314453125 0.1129150390625
0 0.93212890625 0.1039886474609375 0.0217437744140625 0.1038360595703125
0 0.94970703125 0.245208740234375 0.0282135009765625 0.122833251953125
0 0.748046875 0.281219482421875 0.0216217041015625 0.1099395751953125
0 0.034698486328125 0.738525390625 0.03839111328125 0.1039886474609375
0 0.83447265625 0.0899505615234375 0.02056884765625 0.1026153564453125