0 0.82421875 0.26947021484375 0.024993896484375 0.1268768310546875
0 0.92529296875 0.271453857421875 0.02691650390625 0.1384735107421875
0 0.96826171875 0.261688232421875 0.0202178955078125 0.106201171875
0 0.4189453125 0.286407470703125 0.020721435546875 0.1202392578125
0 0.556640625 0.27862548828125 0.024139404296875 0.1116180419921875
0 0.2137451171875 0.2447509765625 0.0279541015625 0.137176513671875
0 0.830078125 0.0849151611328125 0.019378662109375 0.0963592529296875
0 0.0343017578125 0.7476806640625 0.03314208984375 0.15960693359375
0 0.7158203125 0.27252197265625 0.0239105224609375 0.1123046875
0 0.26123046875 0.05245208740234375 0.021331787109375 0.104827880859375
0 0.150390625 0.2301025390625 0.0254669189453125 0.1244354248046875
0 0.51513671875 0.243377685546875 0.0239105224609375 0.1366424560546875
0 0.347900390625 0.266571044921875 0.0197906494140625 0.0914764404296875
0 0.7294921875 0.07030487060546875 0.021240234375 0.118255615234375
0 0.6669921875 0.274505615234375 0.0217742919921875 0.105438232421875
0 0.35693359375 0.062408447265625 0.0189056396484375 0.091705322265625
0 0.95947265625 0.050048828125 0.0180206298828125 0.0909423828125
0 0.0706787109375 0.259246826171875 0.01898193359375 0.1026153564453125
0 0.865234375 0.0972747802734375 0.019012451171875 0.091705322265625
0 0.630859375 0.0899505615234375 0.0181884765625 0.097503662109375
0 0.03204345703125 0.277099609375 0.0224151611328125 0.11077880859375
0 0.529296875 0.06412506103515625 0.020416259765625 0.0981903076171875
0 0.229736328125 0.1110076904296875 0.0203399658203125 0.0981903076171875
0 0.114990234375 0.27099609375 0.02423095703125 0.1216888427734375
0 0.62841796875 0.2801513671875 0.026153564453125 0.1200103759765625
0 0.4296875 0.073089599609375 0.0202178955078125 0.1010894775390625
0 0.465087890625 0.060272216796875 0.0211639404296875 0.0965118408203125
0 0.030914306640625 0.101470947265625 0.021240234375 0.1032257080078125
0 0.331787109375 0.1557159423828125 0.017303466796875 0.0846099853515625
0 0.75537109375 0.234527587890625 0.0235137939453125 0.1136016845703125
0 0.1627197265625 0.06313323974609375 0.0222015380859375 0.1052093505859375