0 0.716796875 0.277099609375 0.021453857421875 0.106658935546875
0 0.343017578125 0.299835205078125 0.02203369140625 0.106201171875
0 0.93310546875 0.105438232421875 0.02215576171875 0.099945068359375
0 0.662109375 0.26702880859375 0.0240936279296875 0.1105499267578125
0 0.82763671875 0.284271240234375 0.0243377685546875 0.11444091796875
0 0.04052734375 0.1058197021484375 0.017242431640625 0.0989532470703125
0 0.35400390625 0.05558013916015625 0.0192413330078125 0.107421875
0 0.5107421875 0.211181640625 0.0226287841796875 0.124969482421875
0 0.6220703125 0.284271240234375 0.02056884765625 0.09918212890625
0 0.1365966796875 0.05428314208984375 0.0189056396484375 0.092010498046875
0 0.86572265625 0.06511688232421875 0.017852783203125 0.09185791015625
0 0.37548828125 0.198516845703125 0.0233306884765625 0.103607177734375
0 0.53857421875 0.0981903076171875 0.01983642578125 0.0852203369140625
0 0.409912109375 0.19927978515625 0.0197906494140625 0.08819580078125
0 0.169677734375 0.1235198974609375 0.019561767578125 0.0921630859375
0 0.7568359375 0.252532958984375 0.022674560546875 0.1125335693359375
0 0.8662109375 0.279083251953125 0.0206451416015625 0.1026153564453125
0 0.96875 0.26947021484375 0.020294189453125 0.09185791015625
0 0.1104736328125 0.19561767578125 0.02337646484375 0.115509033203125
0 0.208984375 0.1654052734375 0.01971435546875 0.096893310546875
0 0.66748046875 0.1123046875 0.0164031982421875 0.0846099853515625
0 0.24072265625 0.102081298828125 0.0182647705078125 0.093231201171875
0 0.7685546875 0.079498291015625 0.02056884765625 0.10009765625
0 0.54296875 0.250701904296875 0.020416259765625 0.098419189453125
0 0.037384033203125 0.23712158203125 0.0224151611328125 0.102081298828125
0 0.9658203125 0.107879638671875 0.0179901123046875 0.0849151611328125
0 0.2398681640625 0.236663818359375 0.0197906494140625 0.1070404052734375
0 0.435791015625 0.22674560546875 0.015960693359375 0.097503662109375
0 0.441162109375 0.06870269775390625 0.0182647705078125 0.0888824462890625
0 0.034088134765625 0.73974609375 0.03265380859375 0.16693115234375
0 0.0087127685546875 0.186004638671875 0.0170440673828125 0.0901031494140625