0 0.1446533203125 0.250244140625 0.020721435546875 0.1126861572265625
0 0.9560546875 0.251617431640625 0.02423095703125 0.11688232421875
0 0.456298828125 0.256805419921875 0.023651123046875 0.121917724609375
0 0.37109375 0.10345458984375 0.0208892822265625 0.1064300537109375
0 0.3095703125 0.201568603515625 0.0190582275390625 0.0943756103515625
0 0.50927734375 0.199737548828125 0.018768310546875 0.0955963134765625
0 0.81689453125 0.26123046875 0.0222015380859375 0.086517333984375
0 0.07147216796875 0.219268798828125 0.0207672119140625 0.11077880859375
0 0.5703125 0.147705078125 0.0181884765625 0.093841552734375
0 0.6083984375 0.1898193359375 0.0205230712890625 0.123748779296875
0 0.2117919921875 0.221710205078125 0.0215301513671875 0.1026153564453125
0 0.035400390625 0.3082275390625 0.019866943359375 0.1129150390625
0 0.43310546875 0.0719451904296875 0.0182342529296875 0.090484619140625
0 0.2366943359375 0.1076507568359375 0.0171051025390625 0.0888824462890625
0 0.63525390625 0.09063720703125 0.01971435546875 0.094146728515625
0 0.76123046875 0.269927978515625 0.0247955322265625 0.1161956787109375
0 0.7607421875 0.05664825439453125 0.02337646484375 0.1126861572265625
0 0.91455078125 0.238037109375 0.023101806640625 0.10955810546875
0 0.17041015625 0.1361083984375 0.0200653076171875 0.0765228271484375
0 0.66650390625 0.06977081298828125 0.02001953125 0.092926025390625
0 0.71826171875 0.250701904296875 0.0212860107421875 0.1403045654296875
0 0.93310546875 0.107269287109375 0.0182647705078125 0.087890625
0 0.83447265625 0.0901031494140625 0.020721435546875 0.0988006591796875
0 0.54150390625 0.2587890625 0.01953125 0.10009765625
0 0.8681640625 0.1190948486328125 0.019500732421875 0.0849151611328125
0 0.1104736328125 0.209197998046875 0.021087646484375 0.11016845703125
0 0.270263671875 0.0981903076171875 0.0210418701171875 0.1010894775390625
0 0.34521484375 0.290069580078125 0.0200958251953125 0.093231201171875
0 0.029083251953125 0.10284423828125 0.0216217041015625 0.1076507568359375
0 0.03228759765625 0.7489013671875 0.0343017578125 0.1727294921875
0 0.468017578125 0.1088714599609375 0.01837158203125 0.08331298828125