0 0.9101549999999999 0.2034 0.021285000000000002 0.115975
0 0.35375999999999996 0.249775 0.026809999999999997 0.121925
0 0.26904500000000003 0.26899999999999996 0.024795 0.11230000000000001
0 0.728515 0.310525 0.02101 0.11055
0 0.824705 0.278625 0.022675 0.108875
0 0.315185 0.267025 0.022414999999999997 0.10400000000000001
0 0.86621 0.10300000000000001 0.01805 0.089575
0 0.5708 0.1233 0.018725000000000002 0.09675
0 0.8657250000000001 0.251625 0.025375 0.10247500000000001
0 0.661965 0.09185 0.01933 0.093225
0 0.73291 0.099325 0.018265 0.09675
0 0.9399400000000001 0.10085000000000001 0.014839999999999999 0.071675
0 0.4541 0.238025 0.030914999999999998 0.13977499999999998
0 0.766115 0.07115 0.01909 0.09880000000000001
0 0.5112300000000001 0.228875 0.01634 0.107275
0 0.228025 0.3122 0.02237 0.07835
0 0.63037 0.098575 0.01837 0.0975
0 0.137815 0.2243 0.023195 0.112675
0 0.10912999999999999 0.1593 0.0195 0.104825
0 0.42969 0.112675 0.022035 0.102075
0 0.02931 0.068425 0.025225 0.1091
0 0.0119 0.23575 0.023805 0.12304999999999999
0 0.06488 0.102625 0.01622 0.10460000000000001
0 0.46216 0.060274999999999995 0.02002 0.08927500000000001
0 0.33203 0.061925 0.01883 0.09292500000000001
0 0.16931000000000002 0.14654999999999999 0.01877 0.09255000000000001
0 0.03137 0.7586750000000001 0.03549 0.178675
0 0.26709 0.075375 0.0188 0.0924
0 0.970705 0.11512499999999999 0.019684999999999998 0.061925
0 0.53955 0.0814 0.020524999999999998 0.066875
0 0.670985 0.237225 0.024030000000000003 0.117575