0 0.119995 0.26505 0.02246 0.1149
0 0.06311 0.092 0.019989999999999997 0.0969
0 0.16589500000000001 0.1056 0.017715 0.0962
0 0.335795 0.22605 0.021255 0.1229
0 0.21155000000000002 0.24337499999999998 0.022795000000000003 0.112075
0 0.4375 0.311125 0.026 0.103825
0 0.23352 0.05325 0.019715 0.09385
0 0.06463500000000001 0.246575 0.030275 0.131
0 0.310545 0.19774999999999998 0.018435 0.08522500000000001
0 0.572755 0.20079999999999998 0.028274999999999998 0.11382500000000001
0 0.47081 0.21760000000000002 0.023655000000000002 0.10385
0 0.02307 0.26015 0.023469999999999998 0.112925
0 0.45752 0.057175000000000004 0.015425000000000001 0.114325
0 0.86084 0.058675 0.022109999999999998 0.09995
0 0.247315 0.242 0.024184999999999998 0.117575
0 0.8291000000000001 0.125425 0.023420000000000003 0.09345
0 0.341795 0.062400000000000004 0.0206 0.07335
0 0.61084 0.20614999999999997 0.02153 0.10619999999999999
0 0.5268550000000001 0.10825 0.011465 0.122825
0 0.7680650000000001 0.069775 0.018725000000000002 0.09895
0 0.132815 0.094675 0.02092 0.1017
0 0.54492 0.29710000000000003 0.02022 0.09805
0 0.6469750000000001 0.28595 0.023695 0.082925
0 0.7612300000000001 0.28275 0.0222 0.09385
0 0.9697250000000001 0.0975 0.02014 0.1142
0 0.6708999999999999 0.09385 0.01718 0.09415
0 0.819335 0.26170000000000004 0.01927 0.1548
0 0.73242 0.085525 0.020495 0.10345
0 0.91211 0.24887499999999999 0.018615 0.09505000000000001
0 0.034025 0.7507250000000001 0.03549 0.158075
0 0.9487300000000001 0.261225 0.02194 0.09255000000000001