0 0.86084 0.052450000000000004 0.015130000000000001 0.103825
0 0.02562 0.308225 0.02423 0.107875
0 0.036225 0.7507250000000001 0.031495 0.1822
0 0.06372 0.0605 0.020095 0.11779999999999999
0 0.5268550000000001 0.0956 0.024795 0.116875
0 0.21997 0.2922 0.022719999999999997 0.07835
0 0.52783 0.27649999999999997 0.025085 0.1097
0 0.41504 0.26992499999999997 0.02307 0.1207
0 0.7231449999999999 0.275575 0.020495 0.11315
0 0.828615 0.099575 0.025175 0.11185
0 0.163085 0.0571 0.018125 0.089575
0 0.868165 0.261225 0.025085 0.10665
0 0.9155249999999999 0.272525 0.03528 0.1233
0 0.453615 0.24382500000000001 0.025665 0.11315
0 0.55957 0.0965 0.022719999999999997 0.0924
0 0.73291 0.095975 0.019425 0.10445
0 0.33642500000000003 0.07745 0.016280000000000003 0.0965
0 0.31421 0.26505 0.02025 0.0975
0 0.36938499999999996 0.10175000000000001 0.01959 0.11865
0 0.7631849999999999 0.287475 0.02017 0.1081
0 0.6586900000000001 0.0956 0.01724 0.083325
0 0.96045 0.05184999999999999 0.023195 0.1001
0 0.028489999999999998 0.082325 0.021455 0.1097
0 0.26196499999999995 0.28595 0.02208 0.098425
0 0.6792 0.21484999999999999 0.018690000000000002 0.09025
0 0.131715 0.106425 0.020965 0.103825
0 0.96094 0.267025 0.02533 0.12115000000000001
0 0.13366499999999998 0.31555 0.02017 0.1052
0 0.63379 0.1303 0.01912 0.10825
0 0.46704 0.0695 0.022155 0.103825
0 0.269775 0.09675 0.023100000000000002 0.12115000000000001