0 0.833495 0.093225 0.018125 0.11382500000000001
0 0.368895 0.0965 0.02133 0.1036
0 0.3396 0.25925 0.023285 0.1081
0 0.8569349999999999 0.302125 0.02208 0.1085
0 0.40918 0.204175 0.02191 0.11574999999999999
0 0.81787 0.26992499999999997 0.020445 0.09895
0 0.06903000000000001 0.0742 0.018905 0.09385
0 0.26684500000000005 0.069775 0.020765000000000002 0.09634999999999999
0 0.054505000000000005 0.25832499999999997 0.024565 0.11825
0 0.62793 0.2568 0.02954 0.133275
0 0.944335 0.27649999999999997 0.02199 0.10460000000000001
0 0.211425 0.213625 0.023149999999999997 0.124675
0 0.30907999999999997 0.156025 0.018645 0.09675
0 0.10968000000000001 0.17532499999999998 0.02101 0.1081
0 0.13891499999999998 0.055575 0.019425 0.08994999999999999
0 0.65967 0.09505000000000001 0.02191 0.09269999999999999
0 0.770995 0.13795 0.019195 0.09095
0 0.43163999999999997 0.059574999999999996 0.022414999999999997 0.09995
0 0.249755 0.28059999999999996 0.023649999999999997 0.111625
0 0.9375 0.059824999999999996 0.02017 0.09307499999999999
0 0.52832 0.07625 0.019684999999999998 0.097125
0 0.7475599999999999 0.26305 0.023239999999999997 0.112075
0 0.711425 0.219275 0.019379999999999998 0.09545
0 0.62451 0.08789999999999999 0.02092 0.09805
0 0.9697250000000001 0.084925 0.018725000000000002 0.089575
0 0.033600000000000005 0.750125 0.035155 0.172425
0 0.035065 0.10955 0.019010000000000003 0.09117499999999999
0 0.450485 0.27907499999999996 0.024550000000000002 0.1155
0 0.5634750000000001 0.094 0.020445 0.0978
0 0.16968 0.136325 0.01819 0.0872
0 0.563965 0.23850000000000002 0.026260000000000002 0.129325