0 0.34033203125 0.2679443359375 0.0250396728515625 0.1093292236328125
0 0.6328125 0.286407470703125 0.0263519287109375 0.1131439208984375
0 0.2247314453125 0.307159423828125 0.0274810791015625 0.11932373046875
0 0.1727294921875 0.220489501953125 0.021209716796875 0.1038360595703125
0 0.94287109375 0.2679443359375 0.021453857421875 0.099334716796875
0 0.426513671875 0.30487060546875 0.0220794677734375 0.0909423828125
0 0.50830078125 0.1397705078125 0.017913818359375 0.08819580078125
0 0.3740234375 0.19927978515625 0.0236053466796875 0.1064300537109375
0 0.160888671875 0.0595855712890625 0.0202484130859375 0.10284423828125
0 0.06768798828125 0.090484619140625 0.018341064453125 0.086212158203125
0 0.6298828125 0.136871337890625 0.0209197998046875 0.09674072265625
0 0.43115234375 0.092926025390625 0.02069091796875 0.1070404052734375
0 0.46630859375 0.23895263671875 0.0242767333984375 0.0995635986328125
0 0.5390625 0.05390167236328125 0.02001953125 0.0952911376953125
0 0.25830078125 0.055999755859375 0.0226287841796875 0.104217529296875
0 0.708984375 0.15838623046875 0.0177154541015625 0.09490966796875
0 0.8662109375 0.0989532470703125 0.0213623046875 0.091705322265625
0 0.260009765625 0.21240234375 0.0268096923828125 0.1125335693359375
0 0.67041015625 0.20965576171875 0.02288818359375 0.1087188720703125
0 0.568359375 0.1332855224609375 0.01812744140625 0.08331298828125
0 0.130615234375 0.140838623046875 0.0192413330078125 0.0911712646484375
0 0.9091796875 0.18035888671875 0.019683837890625 0.1082611083984375
0 0.7412109375 0.06313323974609375 0.018585205078125 0.0963592529296875
0 0.04107666015625 0.0943756103515625 0.0179901123046875 0.0868988037109375
0 0.356201171875 0.089569091796875 0.019561767578125 0.0885772705078125
0 0.77001953125 0.1374053955078125 0.0200653076171875 0.089569091796875
0 0.8525390625 0.238037109375 0.0245208740234375 0.111846923828125
0 0.93603515625 0.047607421875 0.0197601318359375 0.085906982421875
0 0.00922393798828125 0.1468658447265625 0.0184478759765625 0.10223388671875
0 0.81201171875 0.239410400390625 0.02508544921875 0.124664306640625
0 0.033905029296875 0.7470703125 0.034088134765625 0.169830322265625