0 0.0115966796875 0.20538330078125 0.020721435546875 0.07476806640625
0 0.033782958984375 0.74462890625 0.035552978515625 0.174407958984375
0 0.62841796875 0.274505615234375 0.0227203369140625 0.115509033203125
0 0.26806640625 0.1136016845703125 0.0196380615234375 0.093994140625
0 0.5400390625 0.259246826171875 0.0213623046875 0.1052093505859375
0 0.63037109375 0.0965118408203125 0.0203704833984375 0.1068115234375
0 0.254150390625 0.260162353515625 0.025909423828125 0.1151275634765625
0 0.1419677734375 0.228424072265625 0.0258026123046875 0.116424560546875
0 0.137939453125 0.0901031494140625 0.0210418701171875 0.0872039794921875
0 0.43212890625 0.1087188720703125 0.0197906494140625 0.0945281982421875
0 0.46484375 0.05889892578125 0.018157958984375 0.105438232421875
0 0.7392578125 0.26214599609375 0.0211181640625 0.1202392578125
0 0.234375 0.0689697265625 0.0189361572265625 0.093231201171875
0 0.8681640625 0.2276611328125 0.0216217041015625 0.1397705078125
0 0.35009765625 0.290069580078125 0.022369384765625 0.0997161865234375
0 0.3583984375 0.1003265380859375 0.01554107666015625 0.0774383544921875
0 0.7724609375 0.19378662109375 0.0196380615234375 0.14739990234375
0 0.56689453125 0.0885772705078125 0.0212860107421875 0.1038360595703125
0 0.036895751953125 0.235443115234375 0.0192718505859375 0.0995635986328125
0 0.92919921875 0.1348114013671875 0.0181884765625 0.093994140625
0 0.93359375 0.282745361328125 0.0266571044921875 0.13275146484375
0 0.50830078125 0.1557159423828125 0.0171051025390625 0.09918212890625
0 0.82861328125 0.2679443359375 0.0230712890625 0.1221466064453125
0 0.66357421875 0.0926971435546875 0.0173797607421875 0.097808837890625
0 0.164794921875 0.07595062255859375 0.0185089111328125 0.098419189453125
0 0.958984375 0.047607421875 0.0182342529296875 0.09063720703125
0 0.0704345703125 0.1256561279296875 0.0193023681640625 0.09307861328125
0 0.41455078125 0.252532958984375 0.0245208740234375 0.1392364501953125
0 0.381103515625 0.204925537109375 0.0200958251953125 0.0888824462890625
0 0.8583984375 0.0934600830078125 0.0174407958984375 0.1131439208984375
0 0.751953125 0.089569091796875 0.0162200927734375 0.1171112060546875