0 0.039207218824182634 0.23590247671899087 0.022552010890552754 0.08132615007764335
0 0.03327170966014422 0.7479890354692316 0.04121191210124938 0.12129938398317056
0 0.46484375 0.0684356689453125 0.017913818359375 0.084228515625
0 0.74169921875 0.23193359375 0.0236053466796875 0.11077880859375
0 0.348388671875 0.2520751953125 0.02288818359375 0.1161956787109375
0 0.369384765625 0.1161956787109375 0.0191650390625 0.0909423828125
0 0.23193359375 0.0804901123046875 0.0186920166015625 0.0902557373046875
0 0.57470703125 0.211181640625 0.0236053466796875 0.113372802734375
0 0.85791015625 0.263519287109375 0.0245208740234375 0.111236572265625
0 0.219482421875 0.25543212890625 0.0251312255859375 0.1114654541015625
0 0.52978515625 0.1082611083984375 0.0200653076171875 0.099945068359375
0 0.66796875 0.07167816162109375 0.0188751220703125 0.0852203369140625
0 0.62548828125 0.284271240234375 0.0242767333984375 0.10955810546875
0 0.94775390625 0.227203369140625 0.0232391357421875 0.116424560546875
0 0.708984375 0.174407958984375 0.0184783935546875 0.1016998291015625
0 0.8681640625 0.11016845703125 0.0189056396484375 0.08758544921875
0 0.966796875 0.1126861572265625 0.0173797607421875 0.1004791259765625
0 0.335205078125 0.0628662109375 0.018402099609375 0.0909423828125
0 0.041229248046875 0.10223388671875 0.0177154541015625 0.0899505615234375
0 0.43212890625 0.1392364501953125 0.0177764892578125 0.0852203369140625
0 0.1683349609375 0.08331298828125 0.0199432373046875 0.1058197021484375
0 0.259521484375 0.287933349609375 0.0218658447265625 0.1024627685546875
0 0.55859375 0.0901031494140625 0.0167236328125 0.0852203369140625
0 0.07122802734375 0.111846923828125 0.023101806640625 0.1105499267578125
0 0.833984375 0.080108642578125 0.0190887451171875 0.09918212890625
0 0.6328125 0.1268768310546875 0.017181396484375 0.084228515625
0 0.109130859375 0.198516845703125 0.0215301513671875 0.1058197021484375
0 0.1357421875 0.1004791259765625 0.0199432373046875 0.09307861328125
0 0.434326171875 0.29388427734375 0.022979736328125 0.1171112060546875
0 0.93115234375 0.055999755859375 0.0218658447265625 0.09765625
0 0.73974609375 0.0945281982421875 0.0162811279296875 0.0829315185546875