0 0.14532690612075042 0.31836784792410255 0.01946853746298467 0.1007783115730972
0 0.42246726294676773 0.3046253508914075 0.022675120103946882 0.1420058026711824
0 0.37353515625 0.19561767578125 0.0212860107421875 0.1313018798828125
0 0.34716796875 0.29388427734375 0.02069091796875 0.1010894775390625
0 0.00989532470703125 0.22552490234375 0.0196075439453125 0.1290130615234375
0 0.1600341796875 0.06816864013671875 0.018096923828125 0.0925445556640625
0 0.5546875 0.28961181640625 0.0227203369140625 0.1142120361328125
0 0.6708984375 0.1024627685546875 0.0203704833984375 0.106658935546875
0 0.2470703125 0.276031494140625 0.0252227783203125 0.1146697998046875
0 0.06695556640625 0.099334716796875 0.0203399658203125 0.093231201171875
0 0.73974609375 0.2587890625 0.023101806640625 0.100860595703125
0 0.53662109375 0.0923919677734375 0.016021728515625 0.0868988037109375
0 0.64794921875 0.2630615234375 0.0216217041015625 0.099334716796875
0 0.2587890625 0.055999755859375 0.01666259765625 0.0804901123046875
0 0.427001953125 0.0771331787109375 0.019989013671875 0.1070404052734375
0 0.0301513671875 0.064849853515625 0.0228424072265625 0.10223388671875
0 0.638671875 0.1012420654296875 0.0180206298828125 0.086517333984375
0 0.97021484375 0.154266357421875 0.0177764892578125 0.0836181640625
0 0.275146484375 0.2362060546875 0.019989013671875 0.0962066650390625
0 0.708984375 0.18280029296875 0.0173797607421875 0.0888824462890625
0 0.85986328125 0.05146026611328125 0.020599365234375 0.1004791259765625
0 0.91015625 0.184173583984375 0.0190887451171875 0.0955963134765625
0 0.463134765625 0.2362060546875 0.0230255126953125 0.145721435546875
0 0.7412109375 0.0846099853515625 0.0212860107421875 0.0811004638671875
0 0.94091796875 0.06072998046875 0.0197601318359375 0.0774383544921875
0 0.8642578125 0.2679443359375 0.01861572265625 0.1195526123046875
0 0.356201171875 0.0540924072265625 0.015777587890625 0.0962066650390625
0 0.1790771484375 0.210113525390625 0.0192413330078125 0.0909423828125
0 0.8232421875 0.267486572265625 0.0276947021484375 0.143280029296875
0 0.5146484375 0.27496337890625 0.017913818359375 0.0913238525390625
0 0.033905029296875 0.7470703125 0.037384033203125 0.1397705078125