0 0.630859375 0.116424560546875 0.0206451416015625 0.0971221923828125
0 0.97314453125 0.233154296875 0.022369384765625 0.1110076904296875
0 0.66162109375 0.250244140625 0.02606201171875 0.1235198974609375
0 0.73681640625 0.232696533203125 0.0224151611328125 0.10955810546875
0 0.7431640625 0.107421875 0.016845703125 0.0807952880859375
0 0.935546875 0.28228759765625 0.021087646484375 0.104827880859375
0 0.7099609375 0.164794921875 0.0173797607421875 0.09307861328125
0 0.43994140625 0.264129638671875 0.0268096923828125 0.13275146484375
0 0.47265625 0.24658203125 0.0224151611328125 0.102081298828125
0 0.245849609375 0.295562744140625 0.022979736328125 0.11444091796875
0 0.1624755859375 0.05390167236328125 0.0221099853515625 0.10345458984375
0 0.87255859375 0.2587890625 0.0199432373046875 0.1010894775390625
0 0.3544921875 0.240631103515625 0.024932861328125 0.113983154296875
0 0.53466796875 0.0971221923828125 0.0194244384765625 0.090789794921875
0 0.50830078125 0.180816650390625 0.018157958984375 0.1110076904296875
0 0.54345703125 0.233612060546875 0.0246124267578125 0.1320648193359375
0 0.86181640625 0.06072998046875 0.018585205078125 0.0980377197265625
0 0.83056640625 0.1010894775390625 0.018157958984375 0.0921630859375
0 0.9306640625 0.1403045654296875 0.017181396484375 0.085906982421875
0 0.333251953125 0.1070404052734375 0.020172119140625 0.0965118408203125
0 0.07452392578125 0.20233154296875 0.0208892822265625 0.106658935546875
0 0.05865478515625 0.057525634765625 0.021575927734375 0.1064300537109375
0 0.15869140625 0.279693603515625 0.02685546875 0.1287841796875
0 0.04046630859375 0.31219482421875 0.0192413330078125 0.111236572265625
0 0.261962890625 0.07030487060546875 0.0164031982421875 0.0829315185546875
0 0.66455078125 0.05558013916015625 0.0173797607421875 0.1010894775390625
0 0.03338623046875 0.732421875 0.033721923828125 0.193023681640625
0 0.366943359375 0.0676727294921875 0.02276611328125 0.10345458984375
0 0.1165771484375 0.242919921875 0.0276947021484375 0.1293182373046875
0 0.2322998046875 0.1528167724609375 0.0162811279296875 0.0750732421875
0 0.455810546875 0.05733489990234375 0.017242431640625 0.107421875