0 0.859755 0.27365 0.020005 0.136075
0 0.6342749999999999 0.283825 0.022585 0.1104
0 0.37157999999999997 0.094 0.020965 0.086525
0 0.92676 0.07335 0.020415 0.128775
0 0.81787 0.2536 0.026199999999999998 0.126875
0 0.958985 0.27449999999999997 0.01718 0.12955
0 0.44092000000000003 0.29175 0.020645 0.10679999999999999
0 0.5742200000000001 0.2588 0.02072 0.10147500000000001
0 0.737305 0.251625 0.02022 0.106425
0 0.23254499999999997 0.10345 0.02057 0.098425
0 0.63086 0.13665 0.019195 0.09385
0 0.533205 0.304875 0.023469999999999998 0.111625
0 0.110655 0.202625 0.020765000000000002 0.09292500000000001
0 0.338625 0.11535000000000001 0.01898 0.08522500000000001
0 0.16894499999999998 0.094 0.020965 0.0965
0 0.13928000000000001 0.048174999999999996 0.01927 0.08460000000000001
0 0.770995 0.124975 0.017045 0.08522500000000001
0 0.02101 0.29235 0.023559999999999998 0.1457
0 0.91455 0.2452 0.018125 0.141075
0 0.311525 0.2217 0.02452 0.0817
0 0.461915 0.069775 0.018095 0.09307499999999999
0 0.56299 0.10345 0.017045 0.08689999999999999
0 0.827635 0.082325 0.01738 0.139
0 0.06064 0.052450000000000004 0.022245 0.09895
0 0.026260000000000002 0.085525 0.01525 0.137625
0 0.0347 0.7367 0.039920000000000004 0.19927499999999998
0 0.26538 0.061925 0.01805 0.083625
0 0.711425 0.211175 0.0193 0.060274999999999995
0 0.663085 0.058899999999999994 0.017305 0.09025
0 0.43188499999999996 0.14625 0.017305 0.076825
0 0.268555 0.27405 0.017305 0.095975