0 0.847690741071372 0.256257455078323 0.02534453104084968 0.12097438281289595
0 0.7535196147322164 0.26605327862700023 0.02592961032380775 0.10380347692568698
0 0.5579827626785806 0.09391188643981696 0.019578616051983317 0.09076674866104227
0 0.66650390625 0.2734375 0.02203369140625 0.11077880859375
0 0.62744140625 0.277099609375 0.0276336669921875 0.124664306640625
0 0.04510498046875 0.297698974609375 0.023101806640625 0.111236572265625
0 0.7705078125 0.08758544921875 0.02001953125 0.093994140625
0 0.2109375 0.1959228515625 0.0190582275390625 0.0811004638671875
0 0.43017578125 0.0722503662109375 0.0199432373046875 0.1007080078125
0 0.5712890625 0.211639404296875 0.0207672119140625 0.1146697998046875
0 0.63037109375 0.0872039794921875 0.0201416015625 0.1024627685546875
0 0.110107421875 0.213165283203125 0.0214080810546875 0.0872039794921875
0 0.90966796875 0.193023681640625 0.0217742919921875 0.119781494140625
0 0.24169921875 0.0820159912109375 0.0180511474609375 0.0914764404296875
0 0.07891845703125 0.22216796875 0.0196075439453125 0.0954437255859375
0 0.4599609375 0.28167724609375 0.021820068359375 0.118865966796875
0 0.368896484375 0.1200103759765625 0.0177764892578125 0.0885772705078125
0 0.46484375 0.06313323974609375 0.0211639404296875 0.111846923828125
0 0.8681640625 0.1251983642578125 0.0201416015625 0.092010498046875
0 0.3359375 0.0823211669921875 0.0230712890625 0.092926025390625
0 0.53466796875 0.269927978515625 0.026763916015625 0.1381683349609375
0 0.236328125 0.247039794921875 0.0191650390625 0.0954437255859375
0 0.94580078125 0.272064208984375 0.024139404296875 0.1125335693359375
0 0.1385498046875 0.11016845703125 0.0184783935546875 0.0684356689453125
0 0.93359375 0.05123138427734375 0.0194549560546875 0.090484619140625
0 0.8369140625 0.06191253662109375 0.019683837890625 0.0846099853515625
0 0.03302001953125 0.1531219482421875 0.017303466796875 0.07167816162109375
0 0.314208984375 0.241546630859375 0.0235595703125 0.09185791015625
0 0.1710205078125 0.116424560546875 0.0225372314453125 0.073089599609375
0 0.7353515625 0.1076507568359375 0.019500732421875 0.0771331787109375
0 0.033905029296875 0.7391357421875 0.036712646484375 0.175018310546875