0 0.470215 0.11077500000000001 0.020495 0.09545
0 0.5200199999999999 0.27405 0.023515 0.10742499999999999
0 0.7407250000000001 0.261225 0.02141 0.110175
0 0.40991000000000005 0.16144999999999998 0.020524999999999998 0.082325
0 0.561035 0.2797 0.02104 0.10125
0 0.7680650000000001 0.07745 0.019760000000000003 0.09362500000000001
0 0.045595 0.264125 0.025465 0.07769999999999999
0 0.16003499999999998 0.29495 0.023420000000000003 0.078575
0 0.011245 0.2394 0.02101 0.0687
0 0.6757799999999999 0.23055 0.02057 0.0978
0 0.83789 0.10345 0.017915 0.0872
0 0.94449 0.277175 0.02052 0.098125
0 0.35619999999999996 0.287925 0.022629999999999997 0.10679999999999999
0 0.23620500000000003 0.23712499999999997 0.019715 0.08460000000000001
0 0.70801 0.16297499999999998 0.017105000000000002 0.10300000000000001
0 0.658205 0.063125 0.01738 0.09675
0 0.8706050000000001 0.09095 0.020370000000000003 0.085525
0 0.12036 0.27344999999999997 0.023239999999999997 0.09675
0 0.17004499999999997 0.098425 0.019164999999999998 0.08927500000000001
0 0.21008500000000002 0.19667500000000002 0.01819 0.052649999999999995
0 0.441895 0.10345 0.016585000000000003 0.0814
0 0.93213 0.1207 0.01912 0.1017
0 0.368895 0.08109999999999999 0.02141 0.108875
0 0.27051 0.14465 0.018539999999999997 0.0801
0 0.56836 0.1217 0.016985 0.07595
0 0.072085 0.1217 0.016665 0.07919999999999999
0 0.645995 0.272075 0.019010000000000003 0.10605
0 0.8462999999999999 0.25032499999999996 0.024595 0.1162
0 0.97461 0.23850000000000002 0.02025 0.08994999999999999
0 0.31567500000000004 0.242925 0.02246 0.105825
0 0.033659999999999995 0.7513500000000001 0.029815 0.148775