0 0.53564453125 0.261688232421875 0.029754638671875 0.14190673828125
0 0.311279296875 0.23193359375 0.0217437744140625 0.1055908203125
0 0.136474609375 0.221710205078125 0.02423095703125 0.1190948486328125
0 0.75 0.250701904296875 0.0244293212890625 0.1204681396484375
0 0.611328125 0.216827392578125 0.0221099853515625 0.12115478515625
0 0.1697998046875 0.1055908203125 0.0181884765625 0.1012420654296875
0 0.5283203125 0.1485443115234375 0.0197601318359375 0.09857177734375
0 0.56884765625 0.21636962890625 0.02838134765625 0.1157379150390625
0 0.82763671875 0.0872039794921875 0.0224609375 0.1087188720703125
0 0.27099609375 0.093231201171875 0.02056884765625 0.10223388671875
0 0.06781005859375 0.107269287109375 0.0191650390625 0.0888824462890625
0 0.9716796875 0.1126861572265625 0.018585205078125 0.0826263427734375
0 0.63525390625 0.0609588623046875 0.01934814453125 0.09918212890625
0 0.369140625 0.09063720703125 0.0220794677734375 0.109100341796875
0 0.432373046875 0.07537841796875 0.0187225341796875 0.099945068359375
0 0.86962890625 0.25299072265625 0.024993896484375 0.1256561279296875
0 0.467041015625 0.107879638671875 0.01898193359375 0.0954437255859375
0 0.712890625 0.258331298828125 0.021453857421875 0.111846923828125
0 0.142333984375 0.0989532470703125 0.017303466796875 0.0820159912109375
0 0.2149658203125 0.280609130859375 0.02069091796875 0.1226043701171875
0 0.0160980224609375 0.250244140625 0.0262603759765625 0.1280975341796875
0 0.935546875 0.1142120361328125 0.0192413330078125 0.097808837890625
0 0.344482421875 0.233612060546875 0.0230712890625 0.107421875
0 0.255859375 0.277557373046875 0.0235137939453125 0.109710693359375
0 0.6689453125 0.120697021484375 0.019195556640625 0.0888824462890625
0 0.417236328125 0.25543212890625 0.02386474609375 0.114898681640625
0 0.73388671875 0.06072998046875 0.018402099609375 0.089263916015625
0 0.951171875 0.279083251953125 0.0210113525390625 0.09857177734375
0 0.83251953125 0.27557373046875 0.0260009765625 0.1216888427734375
0 0.0330810546875 0.740966796875 0.040374755859375 0.19012451171875
0 0.03228759765625 0.07335662841796875 0.0202178955078125 0.09857177734375