0 0.33935546875 0.3076171875 0.0276947021484375 0.10284423828125
0 0.67578125 0.23712158203125 0.01983642578125 0.0952911376953125
0 0.97314453125 0.24200439453125 0.01837158203125 0.113372802734375
0 0.1650390625 0.26702880859375 0.021209716796875 0.11383056640625
0 0.1265869140625 0.0885772705078125 0.0230255126953125 0.1114654541015625
0 0.73876953125 0.2587890625 0.0210113525390625 0.096893310546875
0 0.87109375 0.256805419921875 0.0232391357421875 0.09490966796875
0 0.244384765625 0.269927978515625 0.021484375 0.09857177734375
0 0.5576171875 0.0676727294921875 0.0184326171875 0.095062255859375
0 0.06829833984375 0.079193115234375 0.0211181640625 0.102081298828125
0 0.92919921875 0.1125335693359375 0.0228424072265625 0.096893310546875
0 0.4697265625 0.1355743408203125 0.0154266357421875 0.0925445556640625
0 0.326904296875 0.1058197021484375 0.0223236083984375 0.089263916015625
0 0.126220703125 0.269012451171875 0.0283355712890625 0.1050567626953125
0 0.43896484375 0.22216796875 0.0227203369140625 0.1045989990234375
0 0.95849609375 0.05283355712890625 0.0189361572265625 0.090484619140625
0 0.275634765625 0.234527587890625 0.0211181640625 0.0962066650390625
0 0.74169921875 0.0600433349609375 0.0173797607421875 0.0989532470703125
0 0.66015625 0.06687164306640625 0.018646240234375 0.089263916015625
0 0.033782958984375 0.115509033203125 0.0207672119140625 0.0888824462890625
0 0.257568359375 0.06435394287109375 0.018585205078125 0.095062255859375
0 0.5478515625 0.3021240234375 0.019989013671875 0.10223388671875
0 0.05987548828125 0.259246826171875 0.023101806640625 0.0981903076171875
0 0.63330078125 0.121917724609375 0.0169830322265625 0.0901031494140625
0 0.41015625 0.168304443359375 0.021820068359375 0.1082611083984375
0 0.77001953125 0.098419189453125 0.019012451171875 0.086517333984375
0 0.357177734375 0.057315826416015625 0.017181396484375 0.11463165283203125
0 0.83203125 0.1366424560546875 0.0141143798828125 0.093841552734375
0 0.86669921875 0.0783538818359375 0.0202178955078125 0.1016998291015625
0 0.578125 0.196685791015625 0.020599365234375 0.0972747802734375
0 0.03326416015625 0.7550048828125 0.0293121337890625 0.1519012451171875