0 0.419677734375 0.26123046875 0.0257110595703125 0.129547119140625
0 0.464111328125 0.095062255859375 0.0196075439453125 0.0963592529296875
0 0.10858154296875 0.192718505859375 0.0191192626953125 0.1157379150390625
0 0.042816162109375 0.272064208984375 0.0208892822265625 0.0963592529296875
0 0.276123046875 0.243377685546875 0.0228424072265625 0.0989532470703125
0 0.337890625 0.085906982421875 0.021820068359375 0.084228515625
0 0.6611328125 0.06313323974609375 0.0181884765625 0.09490966796875
0 0.51123046875 0.235443115234375 0.02203369140625 0.0988006591796875
0 0.1434326171875 0.2545166015625 0.022796630859375 0.1016998291015625
0 0.8486328125 0.280609130859375 0.020599365234375 0.1125335693359375
0 0.349365234375 0.29449462890625 0.0225067138671875 0.092926025390625
0 0.037750244140625 0.0626373291015625 0.021209716796875 0.092010498046875
0 0.3701171875 0.09918212890625 0.0174407958984375 0.1018524169921875
0 0.87890625 0.203857421875 0.0184326171875 0.0963592529296875
0 0.56982421875 0.0952911376953125 0.0188751220703125 0.103607177734375
0 0.2318115234375 0.1116180419921875 0.0165863037109375 0.09490966796875
0 0.908203125 0.20660400390625 0.017242431640625 0.1125335693359375
0 0.728515625 0.26458740234375 0.0260009765625 0.1239776611328125
0 0.76806640625 0.248870849609375 0.022369384765625 0.0902557373046875
0 0.428466796875 0.07476806640625 0.0174407958984375 0.1044464111328125
0 0.63916015625 0.28228759765625 0.02069091796875 0.0965118408203125
0 0.94384765625 0.265045166015625 0.01934814453125 0.101470947265625
0 0.06927490234375 0.0885772705078125 0.0180206298828125 0.093994140625
0 0.53759765625 0.06336212158203125 0.017852783203125 0.089263916015625
0 0.033966064453125 0.765380859375 0.037200927734375 0.1505279541015625
0 0.235595703125 0.32501220703125 0.020599365234375 0.090484619140625
0 0.9404296875 0.1103973388671875 0.0191650390625 0.0829315185546875
0 0.630859375 0.1438140869140625 0.018829345703125 0.086212158203125
0 0.72705078125 0.095977783203125 0.021575927734375 0.109710693359375
0 0.8310546875 0.1513671875 0.01495361328125 0.0719451904296875
0 0.1397705078125 0.1018524169921875 0.018646240234375 0.06511688232421875