0 0.03289794921875 0.7421875 0.03955078125 0.193023681640625
0 0.56298828125 0.09765625 0.01971435546875 0.09765625
0 0.30859375 0.15625 0.0206451416015625 0.10284423828125
0 0.10894775390625 0.225982666015625 0.0196380615234375 0.0849151611328125
0 0.267578125 0.25360107421875 0.0221099853515625 0.1129150390625
0 0.037322998046875 0.220489501953125 0.024139404296875 0.1142120361328125
0 0.06927490234375 0.1403045654296875 0.019500732421875 0.0783538818359375
0 0.86962890625 0.107879638671875 0.021942138671875 0.0952911376953125
0 0.338134765625 0.224609375 0.0226287841796875 0.102081298828125
0 0.64892578125 0.258331298828125 0.0255126953125 0.120697021484375
0 0.437744140625 0.0714111328125 0.02044677734375 0.0934600830078125
0 0.61083984375 0.213623046875 0.0210418701171875 0.1039886474609375
0 0.1435546875 0.261688232421875 0.0236968994140625 0.1012420654296875
0 0.13818359375 0.1125335693359375 0.0171051025390625 0.0817108154296875
0 0.7626953125 0.06977081298828125 0.016845703125 0.0774383544921875
0 0.63671875 0.10345458984375 0.0188751220703125 0.085906982421875
0 0.22509765625 0.0997161865234375 0.0248870849609375 0.11932373046875
0 0.9091796875 0.1763916015625 0.0202484130859375 0.0925445556640625
0 0.77734375 0.2301025390625 0.0215301513671875 0.108489990234375
0 0.94189453125 0.0954437255859375 0.0164031982421875 0.07595062255859375
0 0.97021484375 0.1226043701171875 0.0163421630859375 0.07167816162109375
0 0.04046630859375 0.05390167236328125 0.017578125 0.0814056396484375
0 0.34130859375 0.095062255859375 0.0182647705078125 0.08392333984375
0 0.56884765625 0.238494873046875 0.024139404296875 0.11688232421875
0 0.810546875 0.201568603515625 0.0204925537109375 0.097503662109375
0 0.5302734375 0.0946807861328125 0.0179901123046875 0.1012420654296875
0 0.8408203125 0.06072998046875 0.0173797607421875 0.07595062255859375
0 0.258056640625 0.050506591796875 0.0153656005859375 0.10101318359375
0 0.74169921875 0.32196044921875 0.019561767578125 0.08392333984375
0 0.47021484375 0.089263916015625 0.018402099609375 0.0911712646484375
0 0.446044921875 0.27801513671875 0.0192718505859375 0.090789794921875