0 0.464599609375 0.09674072265625 0.01763916015625 0.0868988037109375
0 0.55517578125 0.27862548828125 0.02630615234375 0.1325225830078125
0 0.34765625 0.25543212890625 0.0246124267578125 0.1153564453125
0 0.8681640625 0.089569091796875 0.0199127197265625 0.1136016845703125
0 0.658203125 0.0955963134765625 0.0180206298828125 0.0820159912109375
0 0.64794921875 0.28900146484375 0.0208892822265625 0.108489990234375
0 0.431640625 0.095062255859375 0.0177154541015625 0.095977783203125
0 0.822265625 0.301055908203125 0.0180206298828125 0.079803466796875
0 0.9677734375 0.22430419921875 0.0247955322265625 0.106658935546875
0 0.72998046875 0.143280029296875 0.019195556640625 0.092926025390625
0 0.759765625 0.0479888916015625 0.0189056396484375 0.0909423828125
0 0.568359375 0.1216888427734375 0.018157958984375 0.10223388671875
0 0.96044921875 0.0923919677734375 0.02001953125 0.09307861328125
0 0.736328125 0.279693603515625 0.0261077880859375 0.1392364501953125
0 0.92919921875 0.2801513671875 0.0252685546875 0.12542724609375
0 0.51513671875 0.251617431640625 0.0196380615234375 0.1044464111328125
0 0.33740234375 0.1012420654296875 0.017913818359375 0.0909423828125
0 0.6337890625 0.129547119140625 0.0162200927734375 0.092010498046875
0 0.42578125 0.279083251953125 0.023956298828125 0.12420654296875
0 0.370849609375 0.0946807861328125 0.0196075439453125 0.093231201171875
0 0.1513671875 0.2679443359375 0.019012451171875 0.0934600830078125
0 0.86376953125 0.271453857421875 0.023284912109375 0.1340484619140625
0 0.263427734375 0.27862548828125 0.021820068359375 0.1068115234375
0 0.13671875 0.08392333984375 0.0225372314453125 0.10223388671875
0 0.232666015625 0.089263916015625 0.01861572265625 0.0921630859375
0 0.267333984375 0.079498291015625 0.021240234375 0.107879638671875
0 0.06683349609375 0.209197998046875 0.029144287109375 0.132293701171875
0 0.1695556640625 0.13427734375 0.01666259765625 0.06534576416015625
0 0.0364990234375 0.760498046875 0.0386962890625 0.1922607421875
0 0.059112548828125 0.048084259033203125 0.0199432373046875 0.09616851806640625
0 0.033843994140625 0.3076171875 0.0289306640625 0.1392364501953125