0 0.52734375 0.279693603515625 0.02044677734375 0.1055908203125
0 0.609375 0.178680419921875 0.0194549560546875 0.1018524169921875
0 0.375732421875 0.242919921875 0.01971435546875 0.09490966796875
0 0.137451171875 0.07537841796875 0.0210113525390625 0.0899505615234375
0 0.410888671875 0.2008056640625 0.0234222412109375 0.1126861572265625
0 0.8662109375 0.06511688232421875 0.02215576171875 0.1012420654296875
0 0.44775390625 0.284271240234375 0.021331787109375 0.0995635986328125
0 0.2305908203125 0.09918212890625 0.0213623046875 0.1064300537109375
0 0.332275390625 0.1244354248046875 0.0194244384765625 0.0955963134765625
0 0.26220703125 0.05428314208984375 0.0169830322265625 0.092010498046875
0 0.06573486328125 0.06191253662109375 0.018768310546875 0.0913238525390625
0 0.36083984375 0.062408447265625 0.016021728515625 0.0820159912109375
0 0.56689453125 0.27801513671875 0.020965576171875 0.1003265380859375
0 0.77685546875 0.230560302734375 0.017578125 0.0888824462890625
0 0.1131591796875 0.2545166015625 0.020416259765625 0.0988006591796875
0 0.4365234375 0.0609588623046875 0.0182952880859375 0.0836181640625
0 0.6689453125 0.08392333984375 0.01763916015625 0.0868988037109375
0 0.232177734375 0.310516357421875 0.0230255126953125 0.1093292236328125
0 0.818359375 0.250701904296875 0.0210418701171875 0.1129150390625
0 0.1708984375 0.086212158203125 0.020721435546875 0.0934600830078125
0 0.0310211181640625 0.093231201171875 0.021331787109375 0.1087188720703125
0 0.0247039794921875 0.30487060546875 0.0194244384765625 0.099334716796875
0 0.63916015625 0.092010498046875 0.017913818359375 0.087890625
0 0.93310546875 0.2764892578125 0.0218658447265625 0.11444091796875
0 0.5654296875 0.0676727294921875 0.019683837890625 0.0925445556640625
0 0.9599609375 0.0591278076171875 0.017913818359375 0.10284423828125
0 0.759765625 0.067138671875 0.015777587890625 0.07625579833984375
0 0.73388671875 0.1313018798828125 0.0182342529296875 0.0921630859375
0 0.83251953125 0.115966796875 0.02001953125 0.0997161865234375
0 0.93017578125 0.1340484619140625 0.017852783203125 0.0899505615234375
0 0.0345458984375 0.7452392578125 0.033843994140625 0.1605224609375