0 0.84082 0.2243 0.02162 0.10765000000000001
0 0.976075 0.24109999999999998 0.023774999999999998 0.10147500000000001
0 0.46924 0.11955 0.01927 0.09292500000000001
0 0.23108 0.0817 0.02101 0.11710000000000001
0 0.645995 0.29495 0.02121 0.111475
0 0.00976 0.20385 0.019515 0.11230000000000001
0 0.258425 0.28595 0.022170000000000002 0.09405
0 0.216795 0.2475 0.022675 0.11185
0 0.34375 0.2746 0.01815 0.1058
0 0.37207 0.102075 0.02124 0.09505000000000001
0 0.5351549999999999 0.28015 0.028015 0.11664999999999999
0 0.44873 0.2475 0.021485 0.11735
0 0.52832 0.0965 0.01724 0.115975
0 0.8100599999999999 0.21682500000000002 0.019835000000000002 0.10300000000000001
0 0.57129 0.25025 0.021775 0.1017
0 0.140505 0.0742 0.0161 0.10825
0 0.716795 0.253 0.022295000000000002 0.124975
0 0.932615 0.11955 0.017045 0.083625
0 0.756835 0.290675 0.02246 0.09820000000000001
0 0.9623999999999999 0.0965 0.01718 0.084225
0 0.169555 0.139 0.017045 0.082925
0 0.3396 0.058449999999999995 0.01602 0.094675
0 0.048125 0.240625 0.027695 0.12215
0 0.067565 0.115975 0.0195 0.094375
0 0.410645 0.214375 0.023375 0.108725
0 0.66211 0.069775 0.01744 0.089575
0 0.142945 0.246125 0.023954999999999997 0.0872
0 0.7700199999999999 0.07745 0.018585 0.09307499999999999
0 0.8686499999999999 0.086525 0.02199 0.10185000000000001
0 0.67618 0.254575 0.019495000000000002 0.08474999999999999
0 0.034365 0.747675 0.03073 0.149925