0 0.032042741802465545 0.747447411383991 0.03677511209819393 0.19318501121639348
0 0.1318359375 0.138702392578125 0.0187225341796875 0.08331298828125
0 0.041839599609375 0.277557373046875 0.0210113525390625 0.07419586181640625
0 0.23828125 0.1093292236328125 0.0179901123046875 0.106201171875
0 0.173583984375 0.240631103515625 0.0211639404296875 0.099334716796875
0 0.362548828125 0.05474090576171875 0.0193023681640625 0.0899505615234375
0 0.06951904296875 0.1161956787109375 0.0203399658203125 0.118255615234375
0 0.009674072265625 0.186614990234375 0.01934814453125 0.090484619140625
0 0.3681640625 0.236663818359375 0.02838134765625 0.1361083984375
0 0.4140625 0.23712158203125 0.0271759033203125 0.1180267333984375
0 0.61767578125 0.279083251953125 0.021820068359375 0.1044464111328125
0 0.242919921875 0.258331298828125 0.025177001953125 0.1038360595703125
0 0.271240234375 0.1125335693359375 0.017852783203125 0.0855255126953125
0 0.51513671875 0.242462158203125 0.0206451416015625 0.118255615234375
0 0.33056640625 0.1309967041015625 0.0173797607421875 0.1016998291015625
0 0.96435546875 0.2874755859375 0.0229339599609375 0.09857177734375
0 0.454345703125 0.287933349609375 0.0234222412109375 0.1131439208984375
0 0.63330078125 0.08758544921875 0.0191192626953125 0.104827880859375
0 0.56640625 0.10284423828125 0.018829345703125 0.0962066650390625
0 0.52978515625 0.078582763671875 0.0223236083984375 0.1146697998046875
0 0.92333984375 0.284271240234375 0.0216522216796875 0.120697021484375
0 0.93359375 0.1052093505859375 0.0214080810546875 0.086517333984375
0 0.7470703125 0.242462158203125 0.0256195068359375 0.125885009765625
0 0.134033203125 0.294952392578125 0.022247314453125 0.107269287109375
0 0.4326171875 0.06561279296875 0.019683837890625 0.0936126708984375
0 0.86279296875 0.255889892578125 0.02508544921875 0.1230621337890625
0 0.763671875 0.06816864013671875 0.01983642578125 0.101470947265625
0 0.658203125 0.276031494140625 0.0272674560546875 0.095977783203125
0 0.7333984375 0.097808837890625 0.019683837890625 0.0965118408203125
0 0.81982421875 0.261688232421875 0.0211181640625 0.111236572265625
0 0.83203125 0.1171112060546875 0.0191192626953125 0.095062255859375