0 0.04499824841517744 0.2828180791295153 0.022674719486604877 0.11673688861596965
0 0.732421875 0.1340484619140625 0.017181396484375 0.0829315185546875
0 0.76806640625 0.078887939453125 0.0185089111328125 0.0981903076171875
0 0.93212890625 0.0609588623046875 0.020294189453125 0.093994140625
0 0.06982421875 0.0885772705078125 0.0209197998046875 0.1032257080078125
0 0.66748046875 0.07419586181640625 0.021240234375 0.10345458984375
0 0.358642578125 0.258331298828125 0.0258026123046875 0.1177978515625
0 0.53369140625 0.0502777099609375 0.0196380615234375 0.089569091796875
0 0.2095947265625 0.1849365234375 0.018798828125 0.1068115234375
0 0.81201171875 0.222930908203125 0.0225830078125 0.1190948486328125
0 0.411865234375 0.219268798828125 0.0234222412109375 0.1195526123046875
0 0.270751953125 0.1435089111328125 0.0185394287109375 0.0943756103515625
0 0.1124267578125 0.24017333984375 0.026763916015625 0.1209259033203125
0 0.470947265625 0.0926971435546875 0.0171051025390625 0.087890625
0 0.368408203125 0.07595062255859375 0.0194244384765625 0.093231201171875
0 0.96826171875 0.1055908203125 0.0187225341796875 0.0888824462890625
0 0.56787109375 0.118255615234375 0.019866943359375 0.09185791015625
0 0.317626953125 0.284271240234375 0.0220794677734375 0.11383056640625
0 0.84716796875 0.2685546875 0.0199432373046875 0.0945281982421875
0 0.61328125 0.23406982421875 0.021820068359375 0.1120758056640625
0 0.95166015625 0.244293212890625 0.024566650390625 0.118255615234375
0 0.240966796875 0.06816864013671875 0.0177764892578125 0.0885772705078125
0 0.65478515625 0.284271240234375 0.01983642578125 0.1068115234375
0 0.509765625 0.20263671875 0.0217742919921875 0.115509033203125
0 0.036834716796875 0.059814453125 0.0188751220703125 0.094146728515625
0 0.155517578125 0.2801513671875 0.0238189697265625 0.108489990234375
0 0.163818359375 0.0658416748046875 0.0246124267578125 0.11444091796875
0 0.83837890625 0.11016845703125 0.018096923828125 0.090484619140625
0 0.44775390625 0.28900146484375 0.021240234375 0.107269287109375
0 0.03314208984375 0.74951171875 0.035888671875 0.1849365234375
0 0.7314453125 0.297698974609375 0.0190582275390625 0.105438232421875