0 0.938965 0.049100000000000005 0.019010000000000003 0.08262499999999999
0 0.90967 0.15837500000000002 0.021455 0.10665
0 0.8686499999999999 0.129325 0.018725000000000002 0.09385
0 0.80908 0.178675 0.019915 0.102225
0 0.569335 0.1017 0.019350000000000003 0.1001
0 0.359375 0.0582 0.020765000000000002 0.09995
0 0.76709 0.06385 0.01819 0.09095
0 0.27002 0.10400000000000001 0.02022 0.111
0 0.039490000000000004 0.0687 0.019195 0.09345
0 0.62451 0.09505000000000001 0.023195 0.10185000000000001
0 0.16321000000000002 0.102625 0.02057 0.0965
0 0.731445 0.08927500000000001 0.020965 0.10605
0 0.43799 0.222175 0.023954999999999997 0.114675
0 0.9399400000000001 0.254525 0.0222 0.10345
0 0.626465 0.27907499999999996 0.02461 0.148775
0 0.538085 0.074775 0.019195 0.0695
0 0.40796 0.15625 0.018295000000000002 0.09820000000000001
0 0.8427749999999999 0.236675 0.026305 0.111
0 0.546875 0.2864 0.022629999999999997 0.0908
0 0.666015 0.257725 0.01898 0.137175
0 0.330565 0.13817500000000002 0.01616 0.1052
0 0.438965 0.09385 0.018615 0.085525
0 0.24402000000000001 0.2797 0.022295000000000002 0.085525
0 0.23877 0.06715 0.01883 0.0695
0 0.72217 0.29655000000000004 0.021455 0.104375
0 0.042175 0.27144999999999997 0.022629999999999997 0.075075
0 0.11358499999999999 0.2475 0.022245 0.133275
0 0.33398500000000003 0.267025 0.024795 0.134575
0 0.15906 0.24155000000000001 0.028105 0.13847500000000001
0 0.0101 0.187375 0.020195 0.1011
0 0.033845 0.7489 0.03302 0.1593