0 0.9430850000000001 0.27482500000000004 0.020495 0.10352499999999999
0 0.03607 0.7568250000000001 0.038115 0.18692499999999998
0 0.36767500000000003 0.2324 0.024935 0.115975
0 0.328615 0.08789999999999999 0.02199 0.103225
0 0.41211000000000003 0.23147500000000001 0.022109999999999998 0.1007
0 0.265625 0.058449999999999995 0.019379999999999998 0.0917
0 0.450195 0.267025 0.023649999999999997 0.121375
0 0.43701 0.11055 0.019715 0.09452500000000001
0 0.53076 0.108875 0.020445 0.102075
0 0.96945 0.0907 0.02144 0.09720000000000001
0 0.361815 0.0962 0.020765000000000002 0.0975
0 0.5376000000000001 0.27297499999999997 0.02461 0.11359999999999999
0 0.62793 0.111475 0.020065000000000003 0.097125
0 0.03102 0.267025 0.022934999999999997 0.111625
0 0.560545 0.09185 0.019915 0.094675
0 0.169435 0.13275 0.017855 0.082325
0 0.658205 0.09362500000000001 0.018295000000000002 0.0975
0 0.811035 0.2205 0.02133 0.112675
0 0.23266499999999998 0.11315 0.023515 0.094375
0 0.252195 0.251625 0.027524999999999997 0.129325
0 0.13989500000000002 0.052450000000000004 0.0188 0.089575
0 0.13806000000000002 0.222175 0.02414 0.11779999999999999
0 0.053405 0.0661 0.023559999999999998 0.111225
0 0.72949 0.0859 0.024885 0.104225
0 0.717285 0.2568 0.023649999999999997 0.11825
0 0.765135 0.10032500000000001 0.019945 0.1052
0 0.8457 0.280225 0.020945000000000002 0.094675
0 0.6396499999999999 0.281225 0.02838 0.121375
0 0.93701 0.05305 0.019454999999999997 0.08789999999999999
0 0.870115 0.10285 0.01819 0.092
0 0.06987 0.26015 0.02792 0.1226