0 0.634765625 0.0981903076171875 0.019378662109375 0.0926971435546875
0 0.36962890625 0.078582763671875 0.0193023681640625 0.090484619140625
0 0.412841796875 0.25970458984375 0.01971435546875 0.0911712646484375
0 0.334716796875 0.07251739501953125 0.0215301513671875 0.0981903076171875
0 0.22900390625 0.1166534423828125 0.0214080810546875 0.0936126708984375
0 0.50927734375 0.145416259765625 0.019989013671875 0.09918212890625
0 0.1339111328125 0.1200103759765625 0.01898193359375 0.0868988037109375
0 0.11932373046875 0.2685546875 0.0242767333984375 0.1039886474609375
0 0.6484375 0.24383544921875 0.024932861328125 0.1204681396484375
0 0.9716796875 0.1166534423828125 0.01751708984375 0.0846099853515625
0 0.74072265625 0.0658416748046875 0.01678466796875 0.0872039794921875
0 0.447998046875 0.274505615234375 0.021209716796875 0.1050567626953125
0 0.9384765625 0.0934600830078125 0.019866943359375 0.08758544921875
0 0.861328125 0.283203125 0.022369384765625 0.1131439208984375
0 0.541015625 0.0911712646484375 0.018096923828125 0.0852203369140625
0 0.160400390625 0.26214599609375 0.0216217041015625 0.1116180419921875
0 0.830078125 0.0823211669921875 0.0222015380859375 0.1044464111328125
0 0.568359375 0.09307861328125 0.0177154541015625 0.0852203369140625
0 0.70947265625 0.172119140625 0.0187225341796875 0.109100341796875
0 0.91162109375 0.2484130859375 0.0197906494140625 0.0719451904296875
0 0.037109375 0.04909515380859375 0.0188751220703125 0.0872039794921875
0 0.06878662109375 0.08819580078125 0.0221099853515625 0.1003265380859375
0 0.81982421875 0.25543212890625 0.0226287841796875 0.1116180419921875
0 0.218505859375 0.25543212890625 0.0264129638671875 0.13153076171875
0 0.26025390625 0.231475830078125 0.01953125 0.128326416015625
0 0.010257720947265625 0.207672119140625 0.02051544189453125 0.0923919677734375
0 0.351806640625 0.2838134765625 0.0226287841796875 0.1082611083984375
0 0.437744140625 0.089569091796875 0.01983642578125 0.087890625
0 0.66845703125 0.07114410400390625 0.0200653076171875 0.092926025390625
0 0.03338623046875 0.7513427734375 0.0310211181640625 0.186004638671875
0 0.740234375 0.2630615234375 0.0211181640625 0.1105499267578125