0 0.644045 0.234975 0.02466 0.11955
0 0.7382799999999999 0.27802499999999997 0.022934999999999997 0.122825
0 0.6083999999999999 0.18447500000000003 0.01898 0.1007
0 0.8569349999999999 0.23055 0.02136 0.12955
0 0.9458 0.281225 0.02208 0.10932499999999999
0 0.8632799999999999 0.08927500000000001 0.01834 0.092
0 0.5424800000000001 0.102075 0.016465 0.07745
0 0.730955 0.142975 0.01738 0.09415
0 0.978515 0.205375 0.019425 0.0969
0 0.774415 0.20965 0.01819 0.1056
0 0.5376000000000001 0.2214 0.02475 0.118875
0 0.668945 0.12215 0.018234999999999998 0.091325
0 0.408935 0.150225 0.019010000000000003 0.093225
0 0.46924 0.14029999999999998 0.01799 0.0862
0 0.569825 0.1104 0.01764 0.0872
0 0.44116000000000005 0.060725 0.019864999999999997 0.091325
0 0.338625 0.094375 0.01758 0.086525
0 0.341795 0.23102499999999998 0.023469999999999998 0.118875
0 0.817385 0.255425 0.023649999999999997 0.15282500000000002
0 0.93164 0.1519 0.01692 0.085525
0 0.158445 0.0674 0.017305 0.08927500000000001
0 0.039064999999999996 0.23315000000000002 0.02199 0.088875
0 0.069825 0.121375 0.02034 0.099175
0 0.24341 0.260625 0.020295 0.097125
0 0.36938499999999996 0.085525 0.019195 0.090475
0 0.13318000000000002 0.1226 0.017105000000000002 0.084225
0 0.24011000000000002 0.0814 0.019715 0.1017
0 0.211425 0.231925 0.01816 0.083925
0 0.033385 0.74645 0.033845 0.15655
0 0.148195 0.3032 0.0193 0.09545
0 0.043365 0.09972500000000001 0.01758 0.082025