0 0.5200640221918267 0.30120424657788647 0.02105256790105785 0.11654833207290075
0 0.66796875 0.2545166015625 0.02215576171875 0.1190948486328125
0 0.2335205078125 0.31280517578125 0.0211181640625 0.1081085205078125
0 0.4560546875 0.2874755859375 0.02203369140625 0.111236572265625
0 0.27001953125 0.229339599609375 0.025665283203125 0.13153076171875
0 0.34716796875 0.250244140625 0.025421142578125 0.107269287109375
0 0.63037109375 0.27862548828125 0.03125 0.1617431640625
0 0.31201171875 0.239410400390625 0.0224609375 0.0995635986328125
0 0.759765625 0.28961181640625 0.0181884765625 0.095062255859375
0 0.36962890625 0.0829315185546875 0.0186920166015625 0.092010498046875
0 0.2294921875 0.09857177734375 0.0189056396484375 0.0954437255859375
0 0.5341796875 0.0981903076171875 0.0194549560546875 0.0952911376953125
0 0.7333984375 0.0899505615234375 0.0210113525390625 0.106048583984375
0 0.5693359375 0.0836181640625 0.0196380615234375 0.0955963134765625
0 0.139404296875 0.105438232421875 0.020843505859375 0.105438232421875
0 0.8095703125 0.18768310546875 0.019500732421875 0.1126861572265625
0 0.469482421875 0.0768280029296875 0.0191650390625 0.085906982421875
0 0.144775390625 0.251617431640625 0.0217437744140625 0.1016998291015625
0 0.86767578125 0.0771331787109375 0.02044677734375 0.099334716796875
0 0.625 0.0963592529296875 0.017181396484375 0.0909423828125
0 0.416259765625 0.250701904296875 0.023468017578125 0.1103973388671875
0 0.030914306640625 0.09857177734375 0.019866943359375 0.1093292236328125
0 0.027801513671875 0.310516357421875 0.0192413330078125 0.100860595703125
0 0.1707763671875 0.096893310546875 0.0196075439453125 0.100860595703125
0 0.93212890625 0.28228759765625 0.0204925537109375 0.0997161865234375
0 0.83740234375 0.0946807861328125 0.0187225341796875 0.086517333984375
0 0.93115234375 0.10284423828125 0.02001953125 0.09490966796875
0 0.0325927734375 0.7525634765625 0.04107666015625 0.14434814453125
0 0.962890625 0.0965118408203125 0.01751708984375 0.089569091796875
0 0.71923828125 0.267486572265625 0.0219879150390625 0.1076507568359375
0 0.06512451171875 0.06191253662109375 0.01861572265625 0.089263916015625