0 0.83056640625 0.1151275634765625 0.019012451171875 0.0988006591796875
0 0.9658203125 0.0595855712890625 0.019866943359375 0.0936126708984375
0 0.931640625 0.1186370849609375 0.0193023681640625 0.0997161865234375
0 0.1434326171875 0.284271240234375 0.0230712890625 0.1204681396484375
0 0.43310546875 0.1045989990234375 0.018585205078125 0.1012420654296875
0 0.261962890625 0.0981903076171875 0.017913818359375 0.09674072265625
0 0.1322021484375 0.15167236328125 0.0170440673828125 0.0923919677734375
0 0.46630859375 0.27801513671875 0.020965576171875 0.091705322265625
0 0.84619140625 0.305938720703125 0.0204925537109375 0.1045989990234375
0 0.62109375 0.127105712890625 0.0231475830078125 0.11077880859375
0 0.96142578125 0.25299072265625 0.024658203125 0.1213836669921875
0 0.5693359375 0.1045989990234375 0.0206451416015625 0.0972747802734375
0 0.333984375 0.0980377197265625 0.0217437744140625 0.11444091796875
0 0.46630859375 0.07625579833984375 0.0212860107421875 0.086212158203125
0 0.509765625 0.159912109375 0.02056884765625 0.0823211669921875
0 0.362060546875 0.2679443359375 0.0219879150390625 0.107421875
0 0.77001953125 0.09857177734375 0.022247314453125 0.0936126708984375
0 0.2314453125 0.10345458984375 0.0197906494140625 0.09674072265625
0 0.740234375 0.0936126708984375 0.0188751220703125 0.0885772705078125
0 0.708984375 0.16021728515625 0.019012451171875 0.106658935546875
0 0.3203125 0.297088623046875 0.0225372314453125 0.0836181640625
0 0.0306243896484375 0.146026611328125 0.01898193359375 0.0902557373046875
0 0.85693359375 0.0628662109375 0.0197906494140625 0.0936126708984375
0 0.5400390625 0.26214599609375 0.0220794677734375 0.102996826171875
0 0.059661865234375 0.0586700439453125 0.0210113525390625 0.1018524169921875
0 0.030731201171875 0.7647705078125 0.039947509765625 0.194091796875
0 0.6533203125 0.053501129150390625 0.01287078857421875 0.10700225830078125
0 0.2330322265625 0.288543701171875 0.0225830078125 0.115966796875
0 0.0738525390625 0.220489501953125 0.0210113525390625 0.1087188720703125
0 0.1767578125 0.210113525390625 0.0196075439453125 0.098419189453125
0 0.671875 0.23101806640625 0.025909423828125 0.1358795166015625