0 0.9311229387499843 0.06983002091263157 0.021115938906281616 0.11619965364166941
0 0.765625 0.279083251953125 0.0212860107421875 0.105438232421875
0 0.72607421875 0.27801513671875 0.0242767333984375 0.1177978515625
0 0.81591796875 0.276031494140625 0.02001953125 0.0995635986328125
0 0.67724609375 0.230560302734375 0.0200958251953125 0.089263916015625
0 0.73193359375 0.09307861328125 0.0189056396484375 0.094146728515625
0 0.513671875 0.256805419921875 0.021697998046875 0.10345458984375
0 0.453857421875 0.28167724609375 0.0251312255859375 0.1146697998046875
0 0.63916015625 0.32196044921875 0.021820068359375 0.1010894775390625
0 0.435302734375 0.08758544921875 0.018768310546875 0.090484619140625
0 0.55078125 0.24932861328125 0.0261993408203125 0.1186370849609375
0 0.0413818359375 0.07030487060546875 0.0180206298828125 0.0846099853515625
0 0.170654296875 0.111846923828125 0.019989013671875 0.0971221923828125
0 0.6328125 0.124664306640625 0.01898193359375 0.097503662109375
0 0.96728515625 0.10284423828125 0.01898193359375 0.095062255859375
0 0.1402587890625 0.07801055908203125 0.0206451416015625 0.097808837890625
0 0.41455078125 0.272064208984375 0.020843505859375 0.09857177734375
0 0.311279296875 0.22430419921875 0.023193359375 0.117340087890625
0 0.2568359375 0.05001068115234375 0.015716552734375 0.1000213623046875
0 0.56884765625 0.0768280029296875 0.018402099609375 0.0936126708984375
0 0.85595703125 0.2545166015625 0.0225372314453125 0.1076507568359375
0 0.01015472412109375 0.174102783203125 0.0203094482421875 0.0826263427734375
0 0.86865234375 0.0811004638671875 0.0211639404296875 0.1010894775390625
0 0.37109375 0.0945281982421875 0.019378662109375 0.0765228271484375
0 0.06903076171875 0.14434814453125 0.0182647705078125 0.08819580078125
0 0.9521484375 0.241546630859375 0.0233306884765625 0.1070404052734375
0 0.348876953125 0.28594970703125 0.0204925537109375 0.0995635986328125
0 0.1414794921875 0.272979736328125 0.0225830078125 0.0739288330078125
0 0.227783203125 0.133819580078125 0.0217437744140625 0.101470947265625
0 0.263916015625 0.231475830078125 0.0269622802734375 0.1309967041015625
0 0.03302001953125 0.745849609375 0.0352783203125 0.177001953125