0 0.641115 0.24109999999999998 0.02121 0.111
0 0.6708999999999999 0.10825 0.022324999999999998 0.0956
0 0.9101549999999999 0.16357500000000003 0.02191 0.10445
0 0.438965 0.061200000000000004 0.018905 0.087575
0 0.5405249999999999 0.264575 0.020524999999999998 0.099575
0 0.939455 0.26170000000000004 0.022155 0.09895
0 0.330565 0.148775 0.021455 0.09972500000000001
0 0.7583 0.2336 0.02513 0.128775
0 0.54004 0.06005 0.019715 0.0965
0 0.8461900000000001 0.24017499999999997 0.025465 0.1233
0 0.61133 0.219275 0.018935 0.098575
0 0.443605 0.27144999999999997 0.02104 0.102225
0 0.569335 0.09117499999999999 0.018435 0.0859
0 0.257815 0.090625 0.018935 0.092
0 0.37427 0.18844999999999998 0.023420000000000003 0.115975
0 0.025755 0.108725 0.018265 0.10825
0 0.729005 0.075075 0.020065000000000003 0.11077500000000001
0 0.4104 0.19537500000000002 0.0222 0.1148
0 0.056335 0.08689999999999999 0.014955 0.0949
0 0.86914 0.11664999999999999 0.01909 0.089575
0 0.17578 0.19195 0.01964 0.10285
0 0.8344750000000001 0.053475 0.01883 0.088575
0 0.14684999999999998 0.264575 0.025515 0.114675
0 0.27563499999999996 0.198975 0.01877 0.1091
0 0.07342499999999999 0.193475 0.026109999999999998 0.127325
0 0.230715 0.1142 0.019945 0.1001
0 0.156495 0.092 0.01525 0.09117499999999999
0 0.35547 0.05065 0.01692 0.085525
0 0.9399400000000001 0.051449999999999996 0.017915 0.08522500000000001
0 0.71875 0.28535 0.022719999999999997 0.11825
0 0.033845 0.7483 0.032715 0.123975