0 0.67138671875 0.1177978515625 0.0225067138671875 0.0820159912109375
0 0.72998046875 0.0981903076171875 0.018341064453125 0.099334716796875
0 0.73193359375 0.27862548828125 0.025909423828125 0.1175689697265625
0 0.64013671875 0.072784423828125 0.018341064453125 0.0958251953125
0 0.33544921875 0.06561279296875 0.02044677734375 0.0988006591796875
0 0.64208984375 0.279693603515625 0.020294189453125 0.096893310546875
0 0.970703125 0.09063720703125 0.019195556640625 0.0836181640625
0 0.036224365234375 0.20843505859375 0.0216217041015625 0.0945281982421875
0 0.06842041015625 0.1024627685546875 0.020172119140625 0.10223388671875
0 0.8271484375 0.28533935546875 0.024658203125 0.099334716796875
0 0.2252197265625 0.109100341796875 0.0236053466796875 0.1126861572265625
0 0.476806640625 0.203857421875 0.0207977294921875 0.1082611083984375
0 0.8330078125 0.096893310546875 0.0187225341796875 0.095977783203125
0 0.52734375 0.1093292236328125 0.021820068359375 0.099945068359375
0 0.45849609375 0.0936126708984375 0.016845703125 0.0868988037109375
0 0.86572265625 0.1052093505859375 0.0174407958984375 0.086517333984375
0 0.369140625 0.1202392578125 0.019500732421875 0.095977783203125
0 0.94970703125 0.26214599609375 0.024658203125 0.11016845703125
0 0.346435546875 0.238037109375 0.02203369140625 0.113983154296875
0 0.53662109375 0.2734375 0.025421142578125 0.13153076171875
0 0.1646728515625 0.06435394287109375 0.0247955322265625 0.106048583984375
0 0.1302490234375 0.1129150390625 0.02044677734375 0.1012420654296875
0 0.251220703125 0.060272216796875 0.020965576171875 0.1123046875
0 0.9365234375 0.101470947265625 0.01861572265625 0.0965118408203125
0 0.57373046875 0.226287841796875 0.0165863037109375 0.117340087890625
0 0.76953125 0.26702880859375 0.021209716796875 0.106658935546875
0 0.1541748046875 0.238494873046875 0.0197906494140625 0.1166534423828125
0 0.43115234375 0.1180267333984375 0.0184783935546875 0.1012420654296875
0 0.240478515625 0.29876708984375 0.0182952880859375 0.128326416015625
0 0.0341796875 0.748291015625 0.03753662109375 0.149078369140625
0 0.041839599609375 0.0963592529296875 0.0169830322265625 0.079193115234375