0 0.958495 0.052649999999999995 0.020295 0.10285
0 0.578125 0.2066 0.02025 0.1007
0 0.71045 0.23620000000000002 0.01927 0.10032500000000001
0 0.42773500000000003 0.299375 0.024704999999999998 0.11862500000000001
0 0.14551 0.23545000000000002 0.022629999999999997 0.111225
0 0.03314 0.7458499999999999 0.04303 0.12215
0 0.8554700000000001 0.0453 0.0206 0.0906
0 0.645995 0.28855000000000003 0.02141 0.09675
0 0.034025 0.0808 0.01744 0.08522500000000001
0 0.234255 0.100475 0.01738 0.0862
0 0.46288999999999997 0.2243 0.028335000000000003 0.12710000000000002
0 0.737305 0.074775 0.018615 0.094375
0 0.632815 0.15655 0.01718 0.0808
0 0.33838 0.05535 0.02069 0.097125
0 0.11047499999999999 0.2034 0.022765 0.11574999999999999
0 0.30786 0.158075 0.01758 0.09505000000000001
0 0.927735 0.10147500000000001 0.019379999999999998 0.094375
0 0.832255 0.28015 0.01587 0.17302499999999998
0 0.53174 0.12564999999999998 0.019864999999999997 0.10545
0 0.27051 0.10300000000000001 0.02017 0.09269999999999999
0 0.677735 0.22460000000000002 0.020095 0.09895
0 0.54492 0.30655 0.020095 0.10285
0 0.42553500000000005 0.08262499999999999 0.018435 0.1217
0 0.368895 0.1313 0.018615 0.09147500000000001
0 0.16882499999999998 0.122825 0.017715 0.09185
0 0.217895 0.29495 0.023195 0.07225
0 0.870115 0.246575 0.022505 0.106425
0 0.06781000000000001 0.11315 0.019010000000000003 0.08522500000000001
0 0.016280000000000003 0.25405 0.02466 0.1191
0 0.938965 0.310525 0.017515 0.12612500000000001
0 0.770995 0.0949 0.02072 0.078