0 0.03517047568081827 0.7549218339286677 0.033206144854867746 0.17594575837036608
0 0.54541015625 0.25543212890625 0.0257568359375 0.1256561279296875
0 0.25 0.23712158203125 0.0232391357421875 0.1120758056640625
0 0.32080078125 0.29327392578125 0.0217742919921875 0.1024627685546875
0 0.9677734375 0.153350830078125 0.0177154541015625 0.0783538818359375
0 0.43896484375 0.281219482421875 0.025421142578125 0.116424560546875
0 0.1727294921875 0.242919921875 0.02386474609375 0.1114654541015625
0 0.2115478515625 0.2197265625 0.0247955322265625 0.1293182373046875
0 0.234619140625 0.10223388671875 0.01983642578125 0.089263916015625
0 0.133056640625 0.318603515625 0.0201416015625 0.097503662109375
0 0.042633056640625 0.269012451171875 0.0224609375 0.1012420654296875
0 0.1319580078125 0.106048583984375 0.018798828125 0.086212158203125
0 0.51025390625 0.198516845703125 0.020416259765625 0.0980377197265625
0 0.64013671875 0.229339599609375 0.02447509765625 0.1184844970703125
0 0.93798828125 0.237579345703125 0.0224609375 0.07030487060546875
0 0.009006500244140625 0.17120361328125 0.01801300048828125 0.101470947265625
0 0.7705078125 0.211944580078125 0.020843505859375 0.145416259765625
0 0.430908203125 0.1468658447265625 0.0184326171875 0.09674072265625
0 0.94384765625 0.0872039794921875 0.0164642333984375 0.101470947265625
0 0.63671875 0.049285888671875 0.0194244384765625 0.08758544921875
0 0.73583984375 0.29876708984375 0.0252685546875 0.11383056640625
0 0.367431640625 0.0658416748046875 0.01953125 0.091705322265625
0 0.46142578125 0.054931640625 0.0162200927734375 0.0885772705078125
0 0.86328125 0.2362060546875 0.030731201171875 0.138702392578125
0 0.6689453125 0.1263427734375 0.01812744140625 0.089263916015625
0 0.7568359375 0.04817962646484375 0.021087646484375 0.0952911376953125
0 0.0360107421875 0.055999755859375 0.021820068359375 0.0995635986328125
0 0.8603515625 0.099945068359375 0.0224609375 0.1129150390625
0 0.56982421875 0.1290130615234375 0.018402099609375 0.09185791015625
0 0.361083984375 0.257720947265625 0.023284912109375 0.1180267333984375
0 0.8251953125 0.08819580078125 0.0212860107421875 0.1125335693359375