0 0.74853515625 0.271453857421875 0.018157958984375 0.0872039794921875
0 0.71142578125 0.2520751953125 0.0185394287109375 0.105438232421875
0 0.1749267578125 0.236663818359375 0.0215301513671875 0.1032257080078125
0 0.57763671875 0.2081298828125 0.020843505859375 0.102996826171875
0 0.9306640625 0.11383056640625 0.020172119140625 0.0925445556640625
0 0.136962890625 0.29388427734375 0.0230255126953125 0.1209259033203125
0 0.771484375 0.114898681640625 0.021575927734375 0.1016998291015625
0 0.260498046875 0.230560302734375 0.0248870849609375 0.1263427734375
0 0.0374755859375 0.307159423828125 0.0254669189453125 0.1221466064453125
0 0.05450439453125 0.0609588623046875 0.018798828125 0.0972747802734375
0 0.2198486328125 0.26702880859375 0.0316162109375 0.15167236328125
0 0.35400390625 0.255889892578125 0.02276611328125 0.1116180419921875
0 0.024658203125 0.105438232421875 0.02044677734375 0.0946807861328125
0 0.3349609375 0.0807952880859375 0.0224609375 0.0868988037109375
0 0.86962890625 0.089263916015625 0.0199432373046875 0.06687164306640625
0 0.638671875 0.257720947265625 0.0200653076171875 0.096893310546875
0 0.1619873046875 0.0955963134765625 0.018341064453125 0.07537841796875
0 0.6416015625 0.066375732421875 0.0184783935546875 0.093841552734375
0 0.962890625 0.05344390869140625 0.0165252685546875 0.1068878173828125
0 0.609375 0.162353515625 0.01983642578125 0.0804901123046875
0 0.83544921875 0.101470947265625 0.0229339599609375 0.079193115234375
0 0.2294921875 0.1175689697265625 0.017303466796875 0.115509033203125
0 0.4404296875 0.265045166015625 0.024658203125 0.07450103759765625
0 0.469482421875 0.145721435546875 0.0160980224609375 0.079498291015625
0 0.85693359375 0.2960205078125 0.0199127197265625 0.0955963134765625
0 0.95751953125 0.24566650390625 0.027008056640625 0.1325225830078125
0 0.40869140625 0.1953125 0.02044677734375 0.0646209716796875
0 0.3154296875 0.2734375 0.023651123046875 0.098419189453125
0 0.5439453125 0.28228759765625 0.021331787109375 0.1200103759765625
0 0.55859375 0.0926971435546875 0.0156707763671875 0.08819580078125
0 0.03521728515625 0.7489013671875 0.027740478515625 0.1451873779296875