0 0.41847500000000004 0.284275 0.0195 0.12612500000000001
0 0.012055 0.25170000000000003 0.02246 0.10505
0 0.6572250000000001 0.284875 0.0208 0.1226
0 0.14758500000000002 0.25115 0.02461 0.1085
0 0.96094 0.251925 0.0217 0.128025
0 0.137815 0.10085000000000001 0.01622 0.083925
0 0.539065 0.090625 0.01816 0.09307499999999999
0 0.464845 0.06215 0.02162 0.10545
0 0.031675 0.057975000000000006 0.019164999999999998 0.08994999999999999
0 0.96582 0.09727499999999999 0.018539999999999997 0.098425
0 0.339355 0.263525 0.022629999999999997 0.10765000000000001
0 0.30932499999999996 0.169525 0.01927 0.10545
0 0.276855 0.2263 0.020415 0.1017
0 0.42871 0.063125 0.02136 0.102075
0 0.23218 0.148775 0.017775 0.082925
0 0.8603500000000001 0.26170000000000004 0.02199 0.09545
0 0.370605 0.1104 0.017775 0.094375
0 0.26220499999999997 0.06535 0.0161 0.0872
0 0.7612300000000001 0.051050000000000005 0.019195 0.094
0 0.72949 0.1142 0.02246 0.09765
0 0.509765 0.17379999999999998 0.02069 0.10955
0 0.17114500000000002 0.0962 0.020065000000000003 0.09880000000000001
0 0.666015 0.058899999999999994 0.02014 0.09634999999999999
0 0.723635 0.27055 0.028975 0.1278
0 0.819335 0.2864 0.020524999999999998 0.09880000000000001
0 0.066345 0.07365000000000001 0.02307 0.102625
0 0.91992 0.2559 0.022585 0.10932499999999999
0 0.569335 0.08689999999999999 0.01758 0.088575
0 0.868165 0.0805 0.020645 0.104825
0 0.032595 0.7434000000000001 0.031675 0.16052499999999997
0 0.631835 0.075375 0.02112 0.099575