0 0.50927734375 0.1971435546875 0.021240234375 0.1136016845703125
0 0.2315673828125 0.10345458984375 0.0203704833984375 0.09490966796875
0 0.21142578125 0.220947265625 0.024139404296875 0.108489990234375
0 0.60888671875 0.16082763671875 0.0204925537109375 0.1087188720703125
0 0.46923828125 0.1251983642578125 0.0203704833984375 0.106201171875
0 0.56787109375 0.1120758056640625 0.021087646484375 0.08331298828125
0 0.13720703125 0.098419189453125 0.018402099609375 0.09063720703125
0 0.77294921875 0.240631103515625 0.02508544921875 0.1239776611328125
0 0.8349609375 0.091705322265625 0.0216217041015625 0.08819580078125
0 0.340087890625 0.255889892578125 0.021697998046875 0.105438232421875
0 0.4375 0.238037109375 0.0197601318359375 0.095977783203125
0 0.10992431640625 0.20660400390625 0.0205230712890625 0.10223388671875
0 0.84375 0.2349853515625 0.0304412841796875 0.1277923583984375
0 0.1474609375 0.251617431640625 0.024749755859375 0.1076507568359375
0 0.93115234375 0.11444091796875 0.020172119140625 0.0852203369140625
0 0.6689453125 0.093994140625 0.0177154541015625 0.085906982421875
0 0.370849609375 0.1300048828125 0.0190887451171875 0.0926971435546875
0 0.41015625 0.201873779296875 0.018798828125 0.0955963134765625
0 0.97705078125 0.20843505859375 0.0207672119140625 0.0972747802734375
0 0.943359375 0.310516357421875 0.0199127197265625 0.0943756103515625
0 0.53271484375 0.05306243896484375 0.0218658447265625 0.098419189453125
0 0.2509765625 0.2410888671875 0.02606201171875 0.12115478515625
0 0.032470703125 0.123748779296875 0.019195556640625 0.0963592529296875
0 0.07806396484375 0.2056884765625 0.0199432373046875 0.0945281982421875
0 0.340087890625 0.108489990234375 0.016021728515625 0.0765228271484375
0 0.80859375 0.1934814453125 0.0194244384765625 0.115966796875
0 0.7392578125 0.2655029296875 0.0235595703125 0.11444091796875
0 0.63916015625 0.25970458984375 0.021240234375 0.102996826171875
0 0.032958984375 0.748291015625 0.0305633544921875 0.1525115966796875
0 0.7548828125 0.0577545166015625 0.021697998046875 0.10284423828125
0 0.0582275390625 0.0946807861328125 0.0153656005859375 0.0765228271484375