0 0.46923828125 0.206146240234375 0.026763916015625 0.135345458984375
0 0.51513671875 0.277557373046875 0.021820068359375 0.10955810546875
0 0.96923828125 0.07564544677734375 0.018341064453125 0.0934600830078125
0 0.87451171875 0.238037109375 0.020172119140625 0.104217529296875
0 0.10968017578125 0.19744873046875 0.021240234375 0.115966796875
0 0.2347412109375 0.132293701171875 0.017852783203125 0.089263916015625
0 0.6376953125 0.064849853515625 0.020843505859375 0.1004791259765625
0 0.0472412109375 0.2740478515625 0.0182342529296875 0.1018524169921875
0 0.16845703125 0.07537841796875 0.020172119140625 0.086517333984375
0 0.5546875 0.248870849609375 0.022796630859375 0.1313018798828125
0 0.4375 0.297088623046875 0.0269622802734375 0.1055908203125
0 0.314208984375 0.264129638671875 0.022674560546875 0.11077880859375
0 0.7412109375 0.291748046875 0.0241851806640625 0.1161956787109375
0 0.66943359375 0.1263427734375 0.0186920166015625 0.09674072265625
0 0.732421875 0.145416259765625 0.017852783203125 0.0872039794921875
0 0.24658203125 0.31280517578125 0.01898193359375 0.085906982421875
0 0.3701171875 0.0901031494140625 0.021942138671875 0.1004791259765625
0 0.61083984375 0.19927978515625 0.02001953125 0.0888824462890625
0 0.058441162109375 0.0579833984375 0.0165863037109375 0.0820159912109375
0 0.335693359375 0.07476806640625 0.02001953125 0.080108642578125
0 0.07611083984375 0.2362060546875 0.0201416015625 0.09307861328125
0 0.83203125 0.1381683349609375 0.01751708984375 0.086212158203125
0 0.26123046875 0.0689697265625 0.0165863037109375 0.0765228271484375
0 0.425048828125 0.111236572265625 0.0203704833984375 0.1195526123046875
0 0.76171875 0.06145477294921875 0.0170440673828125 0.08758544921875
0 0.1361083984375 0.0955963134765625 0.0180511474609375 0.089263916015625
0 0.86376953125 0.06793975830078125 0.0194244384765625 0.0971221923828125
0 0.56640625 0.0638580322265625 0.0197906494140625 0.092926025390625
0 0.92431640625 0.303192138671875 0.021209716796875 0.08331298828125
0 0.03302001953125 0.753173828125 0.042083740234375 0.212860107421875
0 0.96533203125 0.264129638671875 0.0231475830078125 0.1038360595703125