0 0.6687021020879443 0.08735169770265201 0.019884939314424855 0.08948222691491182
0 0.337890625 0.255889892578125 0.0220794677734375 0.102996826171875
0 0.84326171875 0.31402587890625 0.01953125 0.0958251953125
0 0.6376953125 0.220947265625 0.0230712890625 0.1123046875
0 0.9091796875 0.19775390625 0.0209197998046875 0.113983154296875
0 0.73193359375 0.32623291015625 0.021087646484375 0.089569091796875
0 0.47705078125 0.239715576171875 0.02044677734375 0.0926971435546875
0 0.7724609375 0.2520751953125 0.0210418701171875 0.08819580078125
0 0.8779296875 0.221405029296875 0.0221099853515625 0.1114654541015625
0 0.96533203125 0.0695037841796875 0.0201416015625 0.104827880859375
0 0.24365234375 0.26947021484375 0.0250396728515625 0.115966796875
0 0.06939697265625 0.089569091796875 0.020599365234375 0.0988006591796875
0 0.1341552734375 0.08331298828125 0.0194244384765625 0.094146728515625
0 0.73291015625 0.1166534423828125 0.019012451171875 0.09307861328125
0 0.1578369140625 0.29388427734375 0.0234222412109375 0.0972747802734375
0 0.2120361328125 0.234527587890625 0.0194549560546875 0.099334716796875
0 0.94775390625 0.277099609375 0.0217742919921875 0.1142120361328125
0 0.43310546875 0.124664306640625 0.0170440673828125 0.084228515625
0 0.460205078125 0.0714111328125 0.017913818359375 0.0909423828125
0 0.310791015625 0.15716552734375 0.021697998046875 0.1039886474609375
0 0.537109375 0.0888824462890625 0.017913818359375 0.0849151611328125
0 0.341796875 0.0591278076171875 0.018157958984375 0.079193115234375
0 0.56640625 0.0771331787109375 0.0184326171875 0.0913238525390625
0 0.2724609375 0.1202392578125 0.0186920166015625 0.0768280029296875
0 0.83251953125 0.118865966796875 0.01678466796875 0.08758544921875
0 0.50830078125 0.1763916015625 0.018096923828125 0.1099395751953125
0 0.60986328125 0.199737548828125 0.018798828125 0.09674072265625
0 0.1705322265625 0.0846099853515625 0.019683837890625 0.1044464111328125
0 0.045013427734375 0.277557373046875 0.0218658447265625 0.1088714599609375
0 0.033203125 0.74951171875 0.0345458984375 0.177764892578125
0 0.0095977783203125 0.18310546875 0.019195556640625 0.0997161865234375