0 0.5619911629478089 0.28547680903615036 0.023396388395617793 0.1128847704160507
0 0.42822265625 0.0820159912109375 0.0216522216796875 0.1093292236328125
0 0.1195068359375 0.290679931640625 0.0219879150390625 0.10955810546875
0 0.0460205078125 0.2484130859375 0.02276611328125 0.093994140625
0 0.35888671875 0.066375732421875 0.01666259765625 0.086517333984375
0 0.9375 0.26702880859375 0.0223236083984375 0.11016845703125
0 0.4619140625 0.235443115234375 0.0240020751953125 0.118255615234375
0 0.0341796875 0.7635498046875 0.035552978515625 0.177001953125
0 0.6328125 0.07030487060546875 0.0217742919921875 0.1058197021484375
0 0.348876953125 0.30426025390625 0.019683837890625 0.09857177734375
0 0.01074981689453125 0.20660400390625 0.0214996337890625 0.1064300537109375
0 0.255615234375 0.092926025390625 0.0165863037109375 0.091705322265625
0 0.845703125 0.27557373046875 0.0225830078125 0.1082611083984375
0 0.74365234375 0.26947021484375 0.0237274169921875 0.11383056640625
0 0.708984375 0.173797607421875 0.01983642578125 0.105438232421875
0 0.5302734375 0.079498291015625 0.0187225341796875 0.09918212890625
0 0.15966796875 0.260162353515625 0.0240936279296875 0.11016845703125
0 0.463134765625 0.0963592529296875 0.0197601318359375 0.099334716796875
0 0.73681640625 0.05645751953125 0.0208892822265625 0.097808837890625
0 0.81005859375 0.196380615234375 0.02288818359375 0.113372802734375
0 0.244140625 0.259246826171875 0.0262603759765625 0.121917724609375
0 0.92919921875 0.147705078125 0.0216217041015625 0.1161956787109375
0 0.0701904296875 0.13458251953125 0.0190887451171875 0.08758544921875
0 0.3330078125 0.1305389404296875 0.01763916015625 0.0958251953125
0 0.56591796875 0.0658416748046875 0.0217742919921875 0.106048583984375
0 0.95556640625 0.05580902099609375 0.02337646484375 0.1068115234375
0 0.65283203125 0.245208740234375 0.021240234375 0.11444091796875
0 0.61376953125 0.265045166015625 0.0208892822265625 0.107421875
0 0.2298583984375 0.1166534423828125 0.023284912109375 0.12237548828125
0 0.1683349609375 0.072784423828125 0.0181884765625 0.0962066650390625
0 0.83544921875 0.05283355712890625 0.0190887451171875 0.0925445556640625