0 0.67041 0.089575 0.02101 0.100475
0 0.7695299999999999 0.08109999999999999 0.017855 0.08789999999999999
0 0.370605 0.09995 0.019989999999999997 0.097125
0 0.25439500000000004 0.284875 0.023515 0.11230000000000001
0 0.9101549999999999 0.196375 0.021575 0.116425
0 0.65039 0.257275 0.019989999999999997 0.10742499999999999
0 0.47192500000000004 0.22094999999999998 0.02112 0.112925
0 0.06488 0.275575 0.0222 0.105825
0 0.21338 0.2243 0.026199999999999998 0.125425
0 0.81592 0.24567499999999998 0.02182 0.10445
0 0.54004 0.298775 0.022109999999999998 0.10679999999999999
0 0.34057499999999996 0.0969 0.018295000000000002 0.082325
0 0.46142500000000003 0.060274999999999995 0.018125 0.11077500000000001
0 0.6367200000000001 0.10460000000000001 0.01799 0.083625
0 0.96826 0.118025 0.018875 0.08522500000000001
0 0.7197250000000001 0.2771 0.022109999999999998 0.107875
0 0.5737300000000001 0.214375 0.024184999999999998 0.133825
0 0.16626 0.070575 0.017855 0.103825
0 0.023725000000000003 0.27344999999999997 0.025865 0.133275
0 0.22937000000000002 0.06434999999999999 0.02165 0.1085
0 0.30932499999999996 0.17045000000000002 0.019915 0.09880000000000001
0 0.1355 0.0969 0.02124 0.099575
0 0.143435 0.236675 0.029755 0.12710000000000002
0 0.856445 0.26594999999999996 0.023100000000000002 0.1056
0 0.7333999999999999 0.121375 0.019945 0.0742
0 0.5581050000000001 0.05474999999999999 0.019989999999999997 0.099325
0 0.43017500000000003 0.14085 0.018725000000000002 0.0953
0 0.867675 0.113975 0.019379999999999998 0.07625
0 0.9335950000000001 0.05225 0.01912 0.0908
0 0.03134 0.7389 0.038384999999999996 0.193975
0 0.030045000000000002 0.088575 0.019454999999999997 0.099325