0 0.755896827489414 0.298908949321146 0.0226429029339412 0.09076833809541698
0 0.448486328125 0.240631103515625 0.0227203369140625 0.0988006591796875
0 0.94287109375 0.29327392578125 0.0228424072265625 0.106658935546875
0 0.0592041015625 0.246124267578125 0.020965576171875 0.107421875
0 0.3427734375 0.276031494140625 0.0231475830078125 0.1151275634765625
0 0.1312255859375 0.139007568359375 0.01812744140625 0.0849151611328125
0 0.8583984375 0.08819580078125 0.01507568359375 0.07537841796875
0 0.62548828125 0.12115478515625 0.023468017578125 0.1213836669921875
0 0.23193359375 0.13763427734375 0.01763916015625 0.090484619140625
0 0.57080078125 0.190582275390625 0.0259552001953125 0.13458251953125
0 0.357666015625 0.0911712646484375 0.017913818359375 0.09063720703125
0 0.55078125 0.05786895751953125 0.0188751220703125 0.1157379150390625
0 0.5390625 0.3155517578125 0.0260009765625 0.118255615234375
0 0.95947265625 0.0936126708984375 0.0153656005859375 0.0804901123046875
0 0.6728515625 0.221405029296875 0.0214080810546875 0.1129150390625
0 0.3759765625 0.201263427734375 0.022247314453125 0.11444091796875
0 0.41064453125 0.207672119140625 0.023284912109375 0.1099395751953125
0 0.8310546875 0.1125335693359375 0.01763916015625 0.091705322265625
0 0.7353515625 0.09918212890625 0.0216217041015625 0.1120758056640625
0 0.978515625 0.228424072265625 0.0205230712890625 0.10009765625
0 0.77099609375 0.09307861328125 0.0194244384765625 0.089569091796875
0 0.84375 0.28167724609375 0.02423095703125 0.1177978515625
0 0.6533203125 0.05390167236328125 0.0156707763671875 0.1068115234375
0 0.162109375 0.06793975830078125 0.0184783935546875 0.10009765625
0 0.469482421875 0.1261138916015625 0.0199127197265625 0.0849151611328125
0 0.1751708984375 0.22796630859375 0.020843505859375 0.1024627685546875
0 0.06622314453125 0.10345458984375 0.018798828125 0.0954437255859375
0 0.0310821533203125 0.0849151611328125 0.021820068359375 0.1076507568359375
0 0.266357421875 0.079193115234375 0.0213623046875 0.086517333984375
0 0.23193359375 0.295562744140625 0.021820068359375 0.0814056396484375
0 0.033721923828125 0.750732421875 0.039703369140625 0.2008056640625