0 0.64337 0.25975000000000004 0.02732 0.13192500000000001
0 0.11499 0.24705 0.03096 0.15539999999999998
0 0.16369499999999998 0.0489 0.021285000000000002 0.093225
0 0.538575 0.27405 0.02655 0.11932499999999999
0 0.23132499999999998 0.1496 0.0149 0.099575
0 0.938965 0.084925 0.01287 0.095975
0 0.82959 0.146875 0.022585 0.11359999999999999
0 0.84326 0.264125 0.026504999999999997 0.117575
0 0.43188499999999996 0.09292500000000001 0.01898 0.0956
0 0.855955 0.049100000000000005 0.01445 0.094675
0 0.25561500000000004 0.06005 0.0217 0.083325
0 0.034425 0.30045 0.02504 0.11932499999999999
0 0.36841 0.07919999999999999 0.019864999999999997 0.0924
0 0.7719750000000001 0.24475000000000002 0.024565 0.0917
0 0.57324 0.20614999999999997 0.020645 0.102075
0 0.97168 0.12215 0.020524999999999998 0.070575
0 0.733885 0.26795 0.026260000000000002 0.139225
0 0.9126000000000001 0.2443 0.018295000000000002 0.08689999999999999
0 0.033385 0.11825 0.01724 0.084925
0 0.672365 0.1822 0.0156 0.12
0 0.27538999999999997 0.1825 0.019164999999999998 0.10765000000000001
0 0.46532999999999997 0.2823 0.02025 0.094675
0 0.33618000000000003 0.0901 0.018095 0.084925
0 0.53125 0.1374 0.014839999999999999 0.09292500000000001
0 0.42578 0.278625 0.023375 0.11664999999999999
0 0.033905000000000005 0.7470749999999999 0.029375 0.16112500000000002
0 0.30932499999999996 0.18982500000000002 0.02072 0.111625
0 0.75586 0.052024999999999995 0.02014 0.09307499999999999
0 0.15613 0.2896 0.024995 0.118475
0 0.069945 0.27449999999999997 0.01979 0.10032500000000001
0 0.629125 0.14827500000000002 0.024050000000000002 0.126075