0 0.4516448785219985 0.28680200934266614 0.024309884601425948 0.08740632665681254
0 0.8397835978324067 0.27860766621858996 0.025402463684636133 0.1201836991531173
0 0.9316611808021911 0.13099670410156247 0.018071071012805334 0.08201599121093744
0 0.755859375 0.287933349609375 0.0230255126953125 0.1114654541015625
0 0.319091796875 0.283203125 0.0224609375 0.1070404052734375
0 0.9287109375 0.284881591796875 0.02069091796875 0.10223388671875
0 0.732421875 0.06923675537109375 0.019683837890625 0.096893310546875
0 0.96923828125 0.247955322265625 0.0240936279296875 0.114898681640625
0 0.71533203125 0.247039794921875 0.0256195068359375 0.1290130615234375
0 0.0439453125 0.30487060546875 0.01971435546875 0.1093292236328125
0 0.368408203125 0.0689697265625 0.0189361572265625 0.0909423828125
0 0.572265625 0.264129638671875 0.02044677734375 0.0963592529296875
0 0.0352783203125 0.7452392578125 0.03643798828125 0.17669677734375
0 0.8310546875 0.1050567626953125 0.018585205078125 0.092010498046875
0 0.53271484375 0.111846923828125 0.0192413330078125 0.1044464111328125
0 0.6103515625 0.21240234375 0.020721435546875 0.1018524169921875
0 0.6376953125 0.04985809326171875 0.0185394287109375 0.086517333984375
0 0.333740234375 0.0807952880859375 0.0200958251953125 0.104827880859375
0 0.85888671875 0.0934600830078125 0.017303466796875 0.0885772705078125
0 0.53125 0.316162109375 0.019989013671875 0.0958251953125
0 0.2410888671875 0.0820159912109375 0.0162200927734375 0.079193115234375
0 0.6416015625 0.225982666015625 0.0255126953125 0.129547119140625
0 0.07586669921875 0.20050048828125 0.020599365234375 0.1012420654296875
0 0.270263671875 0.1427459716796875 0.0173797607421875 0.0783538818359375
0 0.436279296875 0.0885772705078125 0.0165863037109375 0.086517333984375
0 0.0300445556640625 0.11932373046875 0.0194549560546875 0.1039886474609375
0 0.1094970703125 0.1605224609375 0.020172119140625 0.106658935546875
0 0.2401123046875 0.25360107421875 0.022979736328125 0.1103973388671875
0 0.169189453125 0.1363372802734375 0.01898193359375 0.0846099853515625
0 0.1396484375 0.05283355712890625 0.0171051025390625 0.0855255126953125
0 0.41259765625 0.2545166015625 0.0242767333984375 0.0911712646484375