0 0.128662109375 0.0925445556640625 0.0211181640625 0.1010894775390625
0 0.2607421875 0.05710601806640625 0.023193359375 0.111236572265625
0 0.92626953125 0.09857177734375 0.027801513671875 0.1039886474609375
0 0.63330078125 0.1280975341796875 0.019561767578125 0.09857177734375
0 0.96484375 0.222930908203125 0.0261077880859375 0.1204681396484375
0 0.2293701171875 0.138702392578125 0.020721435546875 0.102081298828125
0 0.95947265625 0.0926971435546875 0.0186920166015625 0.0995635986328125
0 0.82958984375 0.0814056396484375 0.0217437744140625 0.093841552734375
0 0.033203125 0.750732421875 0.040679931640625 0.201873779296875
0 0.66015625 0.06412506103515625 0.0163421630859375 0.0829315185546875
0 0.8642578125 0.06336212158203125 0.02056884765625 0.1052093505859375
0 0.77490234375 0.238037109375 0.0220794677734375 0.1038360595703125
0 0.466796875 0.06336212158203125 0.0214080810546875 0.0981903076171875
0 0.16162109375 0.092010498046875 0.020599365234375 0.0888824462890625
0 0.266357421875 0.232696533203125 0.027374267578125 0.1195526123046875
0 0.4609375 0.2874755859375 0.0214080810546875 0.1161956787109375
0 0.06927490234375 0.27099609375 0.021240234375 0.0926971435546875
0 0.42041015625 0.260162353515625 0.026153564453125 0.1261138916015625
0 0.36865234375 0.1081085205078125 0.0212860107421875 0.1171112060546875
0 0.1290283203125 0.286865234375 0.027740478515625 0.127105712890625
0 0.5087890625 0.166015625 0.0202484130859375 0.107269287109375
0 0.53955078125 0.261688232421875 0.0208892822265625 0.1126861572265625
0 0.75732421875 0.0562286376953125 0.01678466796875 0.089263916015625
0 0.03125 0.28594970703125 0.02447509765625 0.1216888427734375
0 0.34130859375 0.05889892578125 0.0167236328125 0.078887939453125
0 0.310791015625 0.191192626953125 0.02056884765625 0.0901031494140625
0 0.72998046875 0.117340087890625 0.02001953125 0.1004791259765625
0 0.53857421875 0.05146026611328125 0.0173797607421875 0.084228515625
0 0.67578125 0.238037109375 0.0182647705078125 0.09307861328125
0 0.06396484375 0.060272216796875 0.0173797607421875 0.085906982421875
0 0.8232421875 0.294952392578125 0.023468017578125 0.1153564453125