0 0.413085 0.234525 0.024995 0.11825
0 0.770995 0.18767499999999998 0.025865 0.131
0 0.16211 0.05474999999999999 0.023649999999999997 0.10665
0 0.867675 0.075075 0.017045 0.089575
0 0.7251000000000001 0.11710000000000001 0.02246 0.116425
0 0.131105 0.106425 0.01802 0.10765000000000001
0 0.217285 0.26505 0.02466 0.123975
0 0.310545 0.21559999999999999 0.021775 0.10825
0 0.742675 0.30045 0.019195 0.130775
0 0.623535 0.302575 0.01909 0.1001
0 0.632325 0.0962 0.021485 0.113375
0 0.510255 0.20157499999999998 0.02136 0.118025
0 0.36841 0.08789999999999999 0.02141 0.10285
0 0.027695 0.151675 0.01738 0.083325
0 0.9101549999999999 0.184175 0.020065000000000003 0.0978
0 0.53711 0.09452500000000001 0.01805 0.091325
0 0.824705 0.28275 0.02527 0.102075
0 0.83301 0.12710000000000002 0.018510000000000002 0.084925
0 0.569825 0.07769999999999999 0.01837 0.09217499999999999
0 0.069275 0.21515 0.031615 0.149075
0 0.666505 0.06795 0.01764 0.09255000000000001
0 0.96875 0.1001 0.019945 0.092
0 0.9365249999999999 0.20157499999999998 0.02072 0.08927500000000001
0 0.433105 0.064625 0.017775 0.0908
0 0.3374 0.050275 0.01883 0.08927500000000001
0 0.46826 0.111 0.019559999999999998 0.086525
0 0.27002 0.0862 0.018645 0.087575
0 0.03589 0.747675 0.036285 0.19454999999999997
0 0.052915 0.052024999999999995 0.019425 0.09415
0 0.15344 0.24382500000000001 0.02646 0.134575
0 0.257535 0.303525 0.01868 0.095725