0 0.47021484375 0.100860595703125 0.0217742919921875 0.107421875
0 0.258056640625 0.04985809326171875 0.0187225341796875 0.095977783203125
0 0.5458984375 0.3021240234375 0.0206451416015625 0.111236572265625
0 0.1571044921875 0.286865234375 0.0231475830078125 0.106201171875
0 0.411865234375 0.238037109375 0.0215301513671875 0.095977783203125
0 0.77001953125 0.125885009765625 0.019989013671875 0.0807952880859375
0 0.36572265625 0.06687164306640625 0.0212860107421875 0.1016998291015625
0 0.365234375 0.24566650390625 0.022979736328125 0.1024627685546875
0 0.11517333984375 0.2410888671875 0.022796630859375 0.11688232421875
0 0.1669921875 0.0676727294921875 0.0217437744140625 0.1081085205078125
0 0.4375 0.0771331787109375 0.018402099609375 0.0885772705078125
0 0.73583984375 0.084228515625 0.0199432373046875 0.09918212890625
0 0.228271484375 0.1427459716796875 0.0228424072265625 0.1068115234375
0 0.642578125 0.291748046875 0.0220794677734375 0.103607177734375
0 0.05633544921875 0.05645751953125 0.015838623046875 0.1116180419921875
0 0.3251953125 0.301055908203125 0.023193359375 0.114898681640625
0 0.92529296875 0.0921630859375 0.0171051025390625 0.1280975341796875
0 0.55615234375 0.060272216796875 0.017181396484375 0.1126861572265625
0 0.80810546875 0.203399658203125 0.0187225341796875 0.0958251953125
0 0.6328125 0.115509033203125 0.017242431640625 0.08819580078125
0 0.7119140625 0.245208740234375 0.0197601318359375 0.097808837890625
0 0.06549072265625 0.20538330078125 0.0273284912109375 0.1451873779296875
0 0.033782958984375 0.748291015625 0.03521728515625 0.1617431640625
0 0.5751953125 0.19195556640625 0.01751708984375 0.1186370849609375
0 0.87060546875 0.123291015625 0.0204925537109375 0.066375732421875
0 0.841796875 0.2911376953125 0.02069091796875 0.097808837890625
0 0.9296875 0.277099609375 0.0259552001953125 0.127105712890625
0 0.9697265625 0.25299072265625 0.024749755859375 0.129547119140625
0 0.66015625 0.0913238525390625 0.017578125 0.0855255126953125
0 0.02886962890625 0.13458251953125 0.01554107666015625 0.1213836669921875
0 0.23388671875 0.27252197265625 0.02801513671875 0.1424407958984375