0 0.13261964746904295 0.27434522143684065 0.017277911818149947 0.14943058869751316
0 0.576171875 0.230560302734375 0.0199127197265625 0.096893310546875
0 0.93994140625 0.070037841796875 0.017578125 0.0911712646484375
0 0.640625 0.0814056396484375 0.0161590576171875 0.09063720703125
0 0.83935546875 0.096893310546875 0.01763916015625 0.0826263427734375
0 0.93994140625 0.24383544921875 0.0213623046875 0.097503662109375
0 0.6376953125 0.2520751953125 0.01837158203125 0.0945281982421875
0 0.2393798828125 0.257720947265625 0.021942138671875 0.106658935546875
0 0.71923828125 0.29327392578125 0.0197601318359375 0.0901031494140625
0 0.40966796875 0.213165283203125 0.0210113525390625 0.0923919677734375
0 0.73486328125 0.10284423828125 0.018768310546875 0.0846099853515625
0 0.55712890625 0.06214141845703125 0.0196075439453125 0.09765625
0 0.5302734375 0.11383056640625 0.0177764892578125 0.09674072265625
0 0.370361328125 0.104827880859375 0.0217437744140625 0.097808837890625
0 0.01116180419921875 0.201263427734375 0.0179901123046875 0.07801055908203125
0 0.759765625 0.280609130859375 0.0217437744140625 0.085906982421875
0 0.340087890625 0.096893310546875 0.0190887451171875 0.0911712646484375
0 0.43798828125 0.059814453125 0.021484375 0.0909423828125
0 0.1251220703125 0.1055908203125 0.0174407958984375 0.1226043701171875
0 0.44091796875 0.22552490234375 0.020599365234375 0.0952911376953125
0 0.070556640625 0.124969482421875 0.02001953125 0.07366180419921875
0 0.156494140625 0.0836181640625 0.0163421630859375 0.093994140625
0 0.042236328125 0.07366180419921875 0.0193023681640625 0.0582122802734375
0 0.2406005859375 0.06511688232421875 0.0192718505859375 0.0909423828125
0 0.30908203125 0.167694091796875 0.01898193359375 0.090484619140625
0 0.27001953125 0.1004791259765625 0.018798828125 0.0872039794921875
0 0.6689453125 0.1513671875 0.0197906494140625 0.05535125732421875
0 0.8427734375 0.2362060546875 0.020721435546875 0.10223388671875
0 0.91015625 0.2056884765625 0.0206451416015625 0.06610870361328125
0 0.0343017578125 0.748291015625 0.035491943359375 0.167694091796875
0 0.80908203125 0.181427001953125 0.020294189453125 0.1120758056640625