0 0.45751953125 0.0489044189453125 0.0147857666015625 0.0962066650390625
0 0.7314453125 0.1293182373046875 0.01837158203125 0.092926025390625
0 0.76416015625 0.06412506103515625 0.0197906494140625 0.0972747802734375
0 0.9755859375 0.2447509765625 0.022796630859375 0.103607177734375
0 0.130615234375 0.295562744140625 0.024993896484375 0.0980377197265625
0 0.81982421875 0.264129638671875 0.0240936279296875 0.11016845703125
0 0.7685546875 0.239410400390625 0.02069091796875 0.1018524169921875
0 0.86767578125 0.067138671875 0.0185089111328125 0.089263916015625
0 0.033843994140625 0.2679443359375 0.017303466796875 0.1348114013671875
0 0.65283203125 0.26123046875 0.0216522216796875 0.101470947265625
0 0.6357421875 0.07419586181640625 0.0227203369140625 0.09063720703125
0 0.2349853515625 0.0771331787109375 0.0205230712890625 0.1026153564453125
0 0.2142333984375 0.23712158203125 0.0223236083984375 0.0923919677734375
0 0.57080078125 0.1277923583984375 0.01751708984375 0.0811004638671875
0 0.9638671875 0.0695037841796875 0.0162200927734375 0.080108642578125
0 0.93212890625 0.14434814453125 0.01763916015625 0.07595062255859375
0 0.66943359375 0.120697021484375 0.0192718505859375 0.0804901123046875
0 0.26904296875 0.11444091796875 0.0180206298828125 0.0814056396484375
0 0.3671875 0.25726318359375 0.0235595703125 0.09674072265625
0 0.05780029296875 0.054931640625 0.0174407958984375 0.10955810546875
0 0.54248046875 0.1064300537109375 0.0174407958984375 0.0638580322265625
0 0.472900390625 0.248870849609375 0.0197601318359375 0.0971221923828125
0 0.028656005859375 0.146026611328125 0.021240234375 0.1018524169921875
0 0.366943359375 0.07030487060546875 0.0185394287109375 0.090484619140625
0 0.51025390625 0.181427001953125 0.0214080810546875 0.0684356689453125
0 0.437744140625 0.283203125 0.0252685546875 0.12420654296875
0 0.1328125 0.10284423828125 0.0191192626953125 0.0852203369140625
0 0.325927734375 0.31341552734375 0.020416259765625 0.098419189453125
0 0.83251953125 0.11688232421875 0.019378662109375 0.0925445556640625
0 0.031982421875 0.75927734375 0.0369873046875 0.185546875
0 0.1644287109375 0.096893310546875 0.0174407958984375 0.086212158203125