0 0.6611328125 0.237579345703125 0.0257568359375 0.1235198974609375
0 0.7705078125 0.1468658447265625 0.0182952880859375 0.08758544921875
0 0.62060546875 0.264129638671875 0.025421142578125 0.1384735107421875
0 0.630859375 0.1177978515625 0.019866943359375 0.0988006591796875
0 0.869140625 0.1007080078125 0.0203704833984375 0.0972747802734375
0 0.56787109375 0.0750732421875 0.020172119140625 0.1010894775390625
0 0.70947265625 0.1580810546875 0.0193023681640625 0.0911712646484375
0 0.84375 0.097808837890625 0.0203399658203125 0.0872039794921875
0 0.931640625 0.089263916015625 0.0180206298828125 0.0923919677734375
0 0.73828125 0.224609375 0.0247039794921875 0.106658935546875
0 0.318115234375 0.2606201171875 0.0214080810546875 0.1050567626953125
0 0.269775390625 0.1277923583984375 0.0199432373046875 0.089569091796875
0 0.466552734375 0.07366180419921875 0.0204925537109375 0.1024627685546875
0 0.9658203125 0.0980377197265625 0.019378662109375 0.0902557373046875
0 0.333740234375 0.1171112060546875 0.017913818359375 0.0955963134765625
0 0.2099609375 0.19378662109375 0.0217437744140625 0.1087188720703125
0 0.80810546875 0.146026611328125 0.0184326171875 0.08819580078125
0 0.13427734375 0.27801513671875 0.0227203369140625 0.10345458984375
0 0.52294921875 0.269927978515625 0.02203369140625 0.1012420654296875
0 0.2437744140625 0.238037109375 0.022369384765625 0.11016845703125
0 0.034698486328125 0.09918212890625 0.0189056396484375 0.0963592529296875
0 0.9248046875 0.277557373046875 0.024749755859375 0.11383056640625
0 0.53271484375 0.12420654296875 0.0192413330078125 0.089569091796875
0 0.12939453125 0.1058197021484375 0.020294189453125 0.1082611083984375
0 0.0109710693359375 0.209197998046875 0.021942138671875 0.124664306640625
0 0.1715087890625 0.2587890625 0.021240234375 0.1018524169921875
0 0.427734375 0.31341552734375 0.01971435546875 0.09674072265625
0 0.03521728515625 0.76171875 0.03607177734375 0.17669677734375
0 0.36865234375 0.0811004638671875 0.0214080810546875 0.0980377197265625
0 0.46923828125 0.257720947265625 0.021484375 0.093231201171875
0 0.06597900390625 0.06687164306640625 0.0173797607421875 0.097808837890625