0 0.73486328125 0.086517333984375 0.01971435546875 0.095062255859375
0 0.96337890625 0.23101806640625 0.0252227783203125 0.102996826171875
0 0.52587890625 0.07366180419921875 0.0213623046875 0.0980377197265625
0 0.36328125 0.23406982421875 0.0228424072265625 0.1136016845703125
0 0.0343017578125 0.750732421875 0.039703369140625 0.184173583984375
0 0.96142578125 0.057525634765625 0.0231475830078125 0.106658935546875
0 0.83251953125 0.095977783203125 0.0182952880859375 0.0885772705078125
0 0.325927734375 0.29937744140625 0.0196075439453125 0.119781494140625
0 0.468994140625 0.1300048828125 0.019500732421875 0.0855255126953125
0 0.75537109375 0.294952392578125 0.0225067138671875 0.1146697998046875
0 0.86767578125 0.25634765625 0.024383544921875 0.1157379150390625
0 0.7705078125 0.0868988037109375 0.019866943359375 0.0811004638671875
0 0.8662109375 0.1010894775390625 0.0171051025390625 0.0765228271484375
0 0.167724609375 0.1082611083984375 0.0182952880859375 0.095977783203125
0 0.9248046875 0.306549072265625 0.021697998046875 0.12115478515625
0 0.030670166015625 0.070037841796875 0.021087646484375 0.1016998291015625
0 0.4375 0.219268798828125 0.0244293212890625 0.1202392578125
0 0.1591796875 0.267486572265625 0.02447509765625 0.11077880859375
0 0.2135009765625 0.2410888671875 0.021240234375 0.1123046875
0 0.61962890625 0.267486572265625 0.0214080810546875 0.1184844970703125
0 0.56005859375 0.2301025390625 0.0294189453125 0.1395416259765625
0 0.2362060546875 0.08392333984375 0.0194549560546875 0.086517333984375
0 0.0179901123046875 0.27557373046875 0.022247314453125 0.095977783203125
0 0.269775390625 0.1235198974609375 0.0184783935546875 0.0849151611328125
0 0.1181640625 0.2587890625 0.022796630859375 0.1058197021484375
0 0.6298828125 0.1256561279296875 0.0231475830078125 0.1081085205078125
0 0.66259765625 0.2410888671875 0.026763916015625 0.1277923583984375
0 0.3623046875 0.06313323974609375 0.0242767333984375 0.115966796875
0 0.52197265625 0.301055908203125 0.021484375 0.119781494140625
0 0.408203125 0.153961181640625 0.0181884765625 0.1004791259765625
0 0.05633544921875 0.25115966796875 0.023773193359375 0.13153076171875