0 0.86187 0.2863 0.02514 0.1109
0 0.538575 0.2394 0.01964 0.0953
0 0.64746 0.25635 0.026199999999999998 0.113975
0 0.42041 0.27754999999999996 0.02017 0.0953
0 0.432375 0.102225 0.018234999999999998 0.104825
0 0.6118150000000001 0.24705 0.019915 0.10460000000000001
0 0.12334999999999999 0.272525 0.02112 0.108725
0 0.33032 0.314025 0.024565 0.1155
0 0.269775 0.11955 0.0195 0.09345
0 0.9594 0.067475 0.015494999999999998 0.08654999999999999
0 0.23987 0.1052 0.015715 0.088575
0 0.5688500000000001 0.123525 0.018905 0.10765000000000001
0 0.355225 0.05305 0.022765 0.1011
0 0.16736 0.07139999999999999 0.020845 0.09362500000000001
0 0.8256849999999999 0.07835 0.019530000000000002 0.12
0 0.729005 0.12304999999999999 0.023649999999999997 0.0962
0 0.760255 0.063625 0.02101 0.12664999999999998
0 0.04468 0.281675 0.02014 0.09362500000000001
0 0.038450000000000005 0.06485 0.021865 0.09675
0 0.13086 0.12025000000000001 0.015075 0.092
0 0.008545 0.19165 0.01692 0.10679999999999999
0 0.466795 0.11055 0.020295 0.07335
0 0.9804700000000001 0.207375 0.0217 0.0962
0 0.8618150000000001 0.06434999999999999 0.026 0.102225
0 0.7148450000000001 0.25635 0.027265 0.120475
0 0.637205 0.075375 0.017105000000000002 0.0882
0 0.035065 0.7446250000000001 0.03198 0.16204999999999997
0 0.9335950000000001 0.157475 0.01616 0.083625
0 0.541505 0.099325 0.018295000000000002 0.066875
0 0.32544 0.0962 0.023420000000000003 0.11359999999999999
0 0.239745 0.2536 0.01964 0.09634999999999999