0 0.035156250000000014 0.27531458927652364 0.03186035156250001 0.14868112418132773
0 0.6424347887518868 0.2574175375609504 0.023582014778826307 0.11791007389413145
0 0.1553955078125 0.238494873046875 0.028167724609375 0.135345458984375
0 0.56787109375 0.073089599609375 0.0211181640625 0.101470947265625
0 0.026611328125 0.0954437255859375 0.0199127197265625 0.102996826171875
0 0.454833984375 0.256805419921875 0.024383544921875 0.1058197021484375
0 0.2406005859375 0.263519287109375 0.02215576171875 0.1166534423828125
0 0.8740234375 0.247039794921875 0.0211181640625 0.1093292236328125
0 0.414306640625 0.247039794921875 0.024932861328125 0.1268768310546875
0 0.9287109375 0.27252197265625 0.0271759033203125 0.1300048828125
0 0.434326171875 0.1129150390625 0.01934814453125 0.0943756103515625
0 0.33837890625 0.280609130859375 0.0271148681640625 0.132293701171875
0 0.92919921875 0.1273345947265625 0.01898193359375 0.09674072265625
0 0.53271484375 0.053253173828125 0.019866943359375 0.0936126708984375
0 0.33056640625 0.1410675048828125 0.0189056396484375 0.0934600830078125
0 0.6396484375 0.06534576416015625 0.0186920166015625 0.0888824462890625
0 0.5126953125 0.247039794921875 0.0245208740234375 0.11077880859375
0 0.03424072265625 0.748291015625 0.036224365234375 0.1482391357421875
0 0.26904296875 0.0955963134765625 0.0215301513671875 0.1024627685546875
0 0.67041015625 0.1358795166015625 0.0180206298828125 0.0955963134765625
0 0.72705078125 0.1110076904296875 0.0153045654296875 0.124664306640625
0 0.1636962890625 0.05889892578125 0.0234222412109375 0.1099395751953125
0 0.75439453125 0.049285888671875 0.020416259765625 0.097503662109375
0 0.1187744140625 0.279693603515625 0.022247314453125 0.109710693359375
0 0.7734375 0.22796630859375 0.0164642333984375 0.1213836669921875
0 0.958984375 0.05474090576171875 0.021453857421875 0.107421875
0 0.83056640625 0.111236572265625 0.018798828125 0.1151275634765625
0 0.359619140625 0.0516510009765625 0.01678466796875 0.0995635986328125
0 0.2386474609375 0.04909515380859375 0.01763916015625 0.0814056396484375
0 0.85888671875 0.052642822265625 0.01467132568359375 0.0913238525390625
0 0.0704345703125 0.238037109375 0.01495361328125 0.11932373046875