0 0.209595 0.1764 0.01924 0.09995
0 0.170655 0.09269999999999999 0.018295000000000002 0.09345
0 0.441405 0.07335 0.02057 0.0949
0 0.11163500000000001 0.225975 0.02057 0.0882
0 0.13855 0.065625 0.020965 0.10460000000000001
0 0.84912 0.267025 0.020765000000000002 0.10125
0 0.53125 0.11932499999999999 0.022629999999999997 0.10619999999999999
0 0.054415 0.051449999999999996 0.021165 0.09880000000000001
0 0.547365 0.2588 0.020524999999999998 0.10300000000000001
0 0.96338 0.1001 0.01692 0.0872
0 0.47046 0.104825 0.019530000000000002 0.102225
0 0.34131 0.062400000000000004 0.020445 0.1007
0 0.07476999999999999 0.22675 0.01764 0.12237500000000001
0 0.6601549999999999 0.09025 0.01758 0.092
0 0.976075 0.24475000000000002 0.02092 0.09385
0 0.76367 0.1007 0.017775 0.091325
0 0.932685 0.12052500000000001 0.01886 0.092475
0 0.24219 0.1011 0.018875 0.09307499999999999
0 0.23901499999999998 0.23407499999999998 0.021575 0.10247500000000001
0 0.63037 0.10125 0.01961 0.116425
0 0.36963 0.1007 0.018905 0.08262499999999999
0 0.8325199999999999 0.15717499999999998 0.017305 0.09362500000000001
0 0.7333999999999999 0.1142 0.018295000000000002 0.072525
0 0.671385 0.2214 0.019425 0.1242
0 0.026765 0.1155 0.015715 0.12710000000000002
0 0.734375 0.302125 0.024475 0.0965
0 0.03601 0.7446250000000001 0.03607 0.181725
0 0.8569349999999999 0.06335 0.016785 0.0965
0 0.3374 0.254525 0.018265 0.090475
0 0.439455 0.2655 0.0195 0.0975
0 0.555175 0.088575 0.014839999999999999 0.0862