0 0.6119600000000001 0.2443 0.020825 0.10505
0 0.45735000000000003 0.28550000000000003 0.027605 0.1325
0 0.427245 0.070575 0.02423 0.11710000000000001
0 0.822755 0.2977 0.020845 0.10619999999999999
0 0.5195299999999999 0.26015 0.027695 0.12635
0 0.77588 0.240625 0.018095 0.09269999999999999
0 0.557615 0.06005 0.022295000000000002 0.116425
0 0.032045000000000004 0.304875 0.022934999999999997 0.1155
0 0.967285 0.0731 0.01816 0.097125
0 0.210635 0.2066 0.022025 0.12710000000000002
0 0.8325199999999999 0.088875 0.02124 0.10460000000000001
0 0.6679700000000001 0.077125 0.021485 0.10955
0 0.13513 0.27449999999999997 0.02289 0.120475
0 0.327395 0.10605 0.016280000000000003 0.1085
0 0.23266499999999998 0.05225 0.02025 0.09117499999999999
0 0.932615 0.09805 0.020295 0.09765
0 0.8667 0.065625 0.01848 0.0969
0 0.15808000000000003 0.0862 0.01912 0.0953
0 0.73242 0.1217 0.018295000000000002 0.09292500000000001
0 0.529295 0.115975 0.01718 0.113975
0 0.35425 0.095825 0.018265 0.1011
0 0.07306 0.2626 0.022155 0.0814
0 0.462645 0.053224999999999995 0.017305 0.10647500000000001
0 0.63379 0.053675 0.018905 0.088875
0 0.031555 0.13817500000000002 0.016405 0.093225
0 0.927735 0.3122 0.02165 0.091325
0 0.34082 0.27602499999999996 0.030105 0.12855
0 0.745115 0.27907499999999996 0.02112 0.10679999999999999
0 0.12805000000000002 0.106425 0.01802 0.118875
0 0.24828999999999998 0.27907499999999996 0.02162 0.11932499999999999
0 0.032775 0.7507250000000001 0.03662 0.16510000000000002