0 0.33325 0.1281 0.017515 0.087575
0 0.967145 0.076525 0.020385 0.11077500000000001
0 0.8706050000000001 0.1912 0.02307 0.11230000000000001
0 0.8242200000000001 0.10994999999999999 0.023420000000000003 0.1281
0 0.033784999999999996 0.7568250000000001 0.03662 0.18082499999999999
0 0.72705 0.3128 0.021865 0.1011
0 0.644045 0.22842500000000002 0.026199999999999998 0.1303
0 0.42285 0.28275 0.025085 0.11779999999999999
0 0.174315 0.22460000000000002 0.022155 0.11664999999999999
0 0.90967 0.213625 0.02072 0.10955
0 0.532715 0.160825 0.016585000000000003 0.088575
0 0.46704 0.111 0.01964 0.098575
0 0.5791000000000001 0.20462499999999997 0.02034 0.0917
0 0.731445 0.09675 0.020095 0.10147500000000001
0 0.76758 0.24705 0.02182 0.100475
0 0.25952 0.0859 0.0188 0.108725
0 0.3479 0.30425 0.01816 0.09307499999999999
0 0.04178 0.085525 0.020495 0.06535
0 0.13733 0.31615 0.020415 0.0969
0 0.609865 0.22765000000000002 0.0195 0.1011
0 0.13122499999999998 0.10445 0.01758 0.091325
0 0.93408 0.09995 0.019715 0.092
0 0.06952 0.13055 0.01724 0.07745
0 0.26709 0.225975 0.02646 0.118475
0 0.22937000000000002 0.254525 0.02606 0.123525
0 0.8530249999999999 0.094675 0.014555 0.12215
0 0.549805 0.27754999999999996 0.020445 0.0975
0 0.634765 0.05184999999999999 0.0188 0.08927500000000001
0 0.0365 0.264125 0.019864999999999997 0.09095
0 0.380125 0.202325 0.019059999999999997 0.09727499999999999
0 0.43407999999999997 0.10032500000000001 0.018905 0.0687