0 0.9255800000000001 0.079925 0.02509 0.11095000000000001
0 0.95617 0.23315000000000002 0.024265000000000002 0.112675
0 0.873535 0.26170000000000004 0.018875 0.09505000000000001
0 0.169555 0.107275 0.01924 0.099325
0 0.7299800000000001 0.116425 0.020524999999999998 0.10460000000000001
0 0.412355 0.238025 0.025804999999999998 0.11382500000000001
0 0.069945 0.0872 0.020845 0.09307499999999999
0 0.6362300000000001 0.10619999999999999 0.018645 0.08994999999999999
0 0.8632799999999999 0.07277499999999999 0.019760000000000003 0.09895
0 0.23596 0.32380000000000003 0.020645 0.094375
0 0.6708999999999999 0.09292500000000001 0.020415 0.082925
0 0.05194 0.2597 0.02182 0.1036
0 0.03528 0.1081 0.018935 0.10285
0 0.54004 0.284875 0.023375 0.11230000000000001
0 0.7612300000000001 0.052225 0.01622 0.10445
0 0.11029000000000001 0.188 0.020495 0.08460000000000001
0 0.57617 0.2188 0.019915 0.10125
0 0.33716 0.290075 0.024475 0.11535000000000001
0 0.53076 0.144875 0.018435 0.082925
0 0.428465 0.078 0.02844 0.118025
0 0.9194349999999999 0.3038 0.030670000000000003 0.126875
0 0.23132499999999998 0.11185 0.0208 0.10185000000000001
0 0.14087 0.05644999999999999 0.0184 0.0872
0 0.4646 0.0978 0.016465 0.10400000000000001
0 0.8325199999999999 0.11230000000000001 0.01758 0.085525
0 0.6498999999999999 0.2559 0.024935 0.116425
0 0.33178500000000005 0.1104 0.0184 0.09805
0 0.27392500000000003 0.2298 0.020065000000000003 0.102625
0 0.36171 0.09545 0.01723 0.089575
0 0.75586 0.24245 0.029145 0.1419
0 0.033659999999999995 0.762325 0.02089 0.198975