0 0.77539 0.23575 0.022155 0.10147500000000001
0 0.66992 0.144875 0.02025 0.082925
0 0.93408 0.050475000000000006 0.017775 0.094375
0 0.52539 0.111 0.020295 0.098425
0 0.5376000000000001 0.30945 0.014115 0.14275000000000002
0 0.641115 0.05934999999999999 0.016985 0.0901
0 0.44116000000000005 0.2655 0.02562 0.11862500000000001
0 0.45532 0.06434999999999999 0.022505 0.1001
0 0.47339 0.240625 0.019989999999999997 0.10247500000000001
0 0.86914 0.21484999999999999 0.031675 0.139225
0 0.336915 0.207375 0.02104 0.104825
0 0.13928000000000001 0.07919999999999999 0.0188 0.1007
0 0.569335 0.21637499999999998 0.026350000000000002 0.12612500000000001
0 0.74463 0.261225 0.01877 0.1281
0 0.75537 0.06535 0.02002 0.104225
0 0.169435 0.13977499999999998 0.01554 0.088875
0 0.26904500000000003 0.140075 0.019425 0.094
0 0.051609999999999996 0.252575 0.025885000000000002 0.126425
0 0.034025 0.73425 0.042815 0.17915
0 0.236695 0.214375 0.02284 0.112925
0 0.8373999999999999 0.318 0.022934999999999997 0.113375
0 0.24109 0.0541 0.01799 0.07835
0 0.90967 0.1912 0.01979 0.1155
0 0.10895 0.20079999999999998 0.01837 0.095825
0 0.9677749999999999 0.12025000000000001 0.02072 0.09385
0 0.3396 0.094 0.018435 0.09255000000000001
0 0.368165 0.09292500000000001 0.020095 0.099575
0 0.637205 0.2243 0.025665 0.09415
0 0.014060000000000001 0.266575 0.02034 0.1155
0 0.85254 0.052649999999999995 0.02208 0.10445
0 0.032409999999999994 0.062875 0.018690000000000002 0.08994999999999999