0 0.03348069249552382 0.7493760517449302 0.03913564721055754 0.1898169615139388
0 0.443359375 0.2764892578125 0.0180511474609375 0.093841552734375
0 0.03302001953125 0.087890625 0.0173797607421875 0.0936126708984375
0 0.145263671875 0.316162109375 0.01953125 0.1012420654296875
0 0.2093505859375 0.203857421875 0.019500732421875 0.102081298828125
0 0.8642578125 0.252532958984375 0.022796630859375 0.107421875
0 0.9296875 0.135040283203125 0.01934814453125 0.0888824462890625
0 0.82421875 0.297698974609375 0.021453857421875 0.1007080078125
0 0.36376953125 0.238494873046875 0.02508544921875 0.113983154296875
0 0.17919921875 0.215606689453125 0.01763916015625 0.09063720703125
0 0.71728515625 0.277557373046875 0.0225372314453125 0.105438232421875
0 0.958984375 0.057525634765625 0.0203704833984375 0.107421875
0 0.77001953125 0.0826263427734375 0.01934814453125 0.0980377197265625
0 0.970703125 0.20965576171875 0.0164031982421875 0.129547119140625
0 0.65771484375 0.26123046875 0.022979736328125 0.1116180419921875
0 0.268798828125 0.1087188720703125 0.0184783935546875 0.07167816162109375
0 0.43994140625 0.07167816162109375 0.020965576171875 0.099945068359375
0 0.564453125 0.09918212890625 0.01751708984375 0.0820159912109375
0 0.3232421875 0.262603759765625 0.025665283203125 0.12115478515625
0 0.73486328125 0.0826263427734375 0.0199432373046875 0.099334716796875
0 0.53173828125 0.0988006591796875 0.018402099609375 0.087890625
0 0.40966796875 0.191650390625 0.0212860107421875 0.0995635986328125
0 0.0235137939453125 0.299835205078125 0.0218658447265625 0.0971221923828125
0 0.06781005859375 0.0768280029296875 0.020965576171875 0.1004791259765625
0 0.16064453125 0.07251739501953125 0.0179901123046875 0.0855255126953125
0 0.53076171875 0.282745361328125 0.0238189697265625 0.118255615234375
0 0.61669921875 0.255889892578125 0.023193359375 0.113983154296875
0 0.83203125 0.09185791015625 0.01971435546875 0.1082611083984375
0 0.2470703125 0.242462158203125 0.02691650390625 0.1226043701171875
0 0.3642578125 0.093231201171875 0.018798828125 0.086212158203125
0 0.6689453125 0.117340087890625 0.0177764892578125 0.0814056396484375