0 0.94091796875 0.0954437255859375 0.01763916015625 0.0836181640625
0 0.332275390625 0.07335662841796875 0.01934814453125 0.0921630859375
0 0.6748046875 0.232391357421875 0.0225830078125 0.1146697998046875
0 0.167724609375 0.06977081298828125 0.0185089111328125 0.0943756103515625
0 0.229736328125 0.13427734375 0.019989013671875 0.0958251953125
0 0.4697265625 0.1230621337890625 0.0209197998046875 0.1076507568359375
0 0.55517578125 0.277557373046875 0.0219879150390625 0.1068115234375
0 0.13330078125 0.12115478515625 0.019195556640625 0.085906982421875
0 0.90966796875 0.16510009765625 0.0200958251953125 0.1142120361328125
0 0.74169921875 0.2630615234375 0.019500732421875 0.0921630859375
0 0.259521484375 0.055751800537109375 0.022369384765625 0.11150360107421875
0 0.1607666015625 0.264129638671875 0.0258636474609375 0.1175689697265625
0 0.31640625 0.250244140625 0.0260009765625 0.123291015625
0 0.41015625 0.218048095703125 0.01953125 0.10284423828125
0 0.36767578125 0.105438232421875 0.0192413330078125 0.0909423828125
0 0.8349609375 0.0609588623046875 0.01861572265625 0.0913238525390625
0 0.5146484375 0.279083251953125 0.0189056396484375 0.1177978515625
0 0.63134765625 0.1427459716796875 0.018829345703125 0.09674072265625
0 0.8505859375 0.2874755859375 0.021240234375 0.113372802734375
0 0.5703125 0.09063720703125 0.0187225341796875 0.1010894775390625
0 0.269775390625 0.221405029296875 0.0233306884765625 0.11688232421875
0 0.0295867919921875 0.111846923828125 0.021697998046875 0.1064300537109375
0 0.66259765625 0.06072998046875 0.01751708984375 0.0909423828125
0 0.9384765625 0.21636962890625 0.0213623046875 0.106201171875
0 0.039703369140625 0.2734375 0.0243377685546875 0.12115478515625
0 0.76953125 0.1479339599609375 0.019012451171875 0.1003265380859375
0 0.03277587890625 0.7489013671875 0.039703369140625 0.203399658203125
0 0.86865234375 0.079498291015625 0.0210113525390625 0.0989532470703125
0 0.73974609375 0.0836181640625 0.0167236328125 0.0849151611328125
0 0.43994140625 0.079803466796875 0.01525115966796875 0.07770538330078125
0 0.07318115234375 0.24932861328125 0.0194549560546875 0.0963592529296875