0 0.47021484375 0.095977783203125 0.017578125 0.087890625
0 0.51806640625 0.288543701171875 0.020599365234375 0.107421875
0 0.131103515625 0.1052093505859375 0.0192413330078125 0.093841552734375
0 0.9169921875 0.27099609375 0.019683837890625 0.0945281982421875
0 0.93359375 0.11932373046875 0.0161590576171875 0.093841552734375
0 0.370361328125 0.1058197021484375 0.019683837890625 0.0972747802734375
0 0.74755859375 0.24200439453125 0.028594970703125 0.1235198974609375
0 0.83251953125 0.153961181640625 0.017181396484375 0.079193115234375
0 0.53271484375 0.0855255126953125 0.0201416015625 0.1045989990234375
0 0.63623046875 0.093994140625 0.0177154541015625 0.1058197021484375
0 0.4404296875 0.265045166015625 0.01983642578125 0.104217529296875
0 0.269775390625 0.1424407958984375 0.0171051025390625 0.0836181640625
0 0.71240234375 0.24749755859375 0.019866943359375 0.1256561279296875
0 0.410400390625 0.174102783203125 0.0224151611328125 0.1103973388671875
0 0.039947509765625 0.09918212890625 0.0165252685546875 0.0811004638671875
0 0.009273529052734375 0.1708984375 0.01854705810546875 0.093231201171875
0 0.311279296875 0.22216796875 0.021484375 0.0989532470703125
0 0.958984375 0.28228759765625 0.0269622802734375 0.11688232421875
0 0.86083984375 0.0705718994140625 0.01495361328125 0.084228515625
0 0.765625 0.06313323974609375 0.0208892822265625 0.0952911376953125
0 0.87939453125 0.22430419921875 0.0217437744140625 0.109710693359375
0 0.161865234375 0.061187744140625 0.01983642578125 0.0954437255859375
0 0.17236328125 0.25543212890625 0.02069091796875 0.1068115234375
0 0.67138671875 0.100860595703125 0.020721435546875 0.0971221923828125
0 0.568359375 0.07114410400390625 0.018157958984375 0.0911712646484375
0 0.34375 0.238037109375 0.0244293212890625 0.102996826171875
0 0.20849609375 0.198974609375 0.017181396484375 0.0921630859375
0 0.040771484375 0.231475830078125 0.025909423828125 0.113372802734375
0 0.61474609375 0.2734375 0.0200958251953125 0.1082611083984375
0 0.03448486328125 0.7537841796875 0.042388916015625 0.19195556640625
0 0.24365234375 0.2520751953125 0.026153564453125 0.105438232421875