0 0.7412109375 0.2630615234375 0.0230712890625 0.1105499267578125
0 0.2318115234375 0.1263427734375 0.018402099609375 0.0885772705078125
0 0.66650390625 0.0689697265625 0.0202178955078125 0.105438232421875
0 0.7294921875 0.11688232421875 0.0225830078125 0.0988006591796875
0 0.266357421875 0.066375732421875 0.0180511474609375 0.09674072265625
0 0.56884765625 0.09490966796875 0.0209197998046875 0.09918212890625
0 0.130859375 0.1186370849609375 0.0209197998046875 0.0989532470703125
0 0.86376953125 0.1024627685546875 0.021453857421875 0.0958251953125
0 0.47119140625 0.18951416015625 0.024566650390625 0.1202392578125
0 0.85498046875 0.236663818359375 0.0284423828125 0.1361083984375
0 0.63232421875 0.1186370849609375 0.0190887451171875 0.092926025390625
0 0.3564453125 0.093231201171875 0.0191650390625 0.0901031494140625
0 0.9365234375 0.059814453125 0.0209197998046875 0.0980377197265625
0 0.5400390625 0.260162353515625 0.02069091796875 0.0980377197265625
0 0.8134765625 0.235443115234375 0.0265045166015625 0.11688232421875
0 0.03460693359375 0.7427978515625 0.035736083984375 0.174407958984375
0 0.44287109375 0.295562744140625 0.0231475830078125 0.1204681396484375
0 0.6630859375 0.240631103515625 0.0222015380859375 0.1103973388671875
0 0.32861328125 0.1105499267578125 0.0212860107421875 0.0888824462890625
0 0.1744384765625 0.244293212890625 0.0203399658203125 0.0936126708984375
0 0.341796875 0.277557373046875 0.0258636474609375 0.1136016845703125
0 0.423828125 0.1116180419921875 0.01861572265625 0.0995635986328125
0 0.14208984375 0.271453857421875 0.0220794677734375 0.107421875
0 0.00968170166015625 0.17578125 0.0193634033203125 0.108489990234375
0 0.96923828125 0.12542724609375 0.019683837890625 0.090789794921875
0 0.94482421875 0.2349853515625 0.022369384765625 0.1068115234375
0 0.037811279296875 0.0913238525390625 0.0187225341796875 0.0888824462890625
0 0.26708984375 0.25299072265625 0.0243377685546875 0.1110076904296875
0 0.7578125 0.0909423828125 0.01763916015625 0.085906982421875
0 0.039794921875 0.2197265625 0.0217742919921875 0.1110076904296875
0 0.5390625 0.04909515380859375 0.018798828125 0.0855255126953125