0 0.76220703125 0.061187744140625 0.02001953125 0.10223388671875
0 0.472412109375 0.26702880859375 0.018341064453125 0.0981903076171875
0 0.6416015625 0.05390167236328125 0.01751708984375 0.0868988037109375
0 0.66943359375 0.10223388671875 0.019683837890625 0.0955963134765625
0 0.86962890625 0.0926971435546875 0.0206451416015625 0.09674072265625
0 0.609375 0.190582275390625 0.0179901123046875 0.0923919677734375
0 0.73046875 0.09490966796875 0.0182647705078125 0.101470947265625
0 0.31005859375 0.233154296875 0.0163421630859375 0.089263916015625
0 0.039337158203125 0.218048095703125 0.0228424072265625 0.1016998291015625
0 0.2325439453125 0.1554107666015625 0.0167236328125 0.078887939453125
0 0.93505859375 0.09490966796875 0.02044677734375 0.089263916015625
0 0.57958984375 0.198974609375 0.0187225341796875 0.0962066650390625
0 0.280029296875 0.222625732421875 0.021087646484375 0.107269287109375
0 0.5322265625 0.16021728515625 0.0169219970703125 0.0846099853515625
0 0.90869140625 0.186309814453125 0.0192718505859375 0.1123046875
0 0.432861328125 0.1184844970703125 0.0193023681640625 0.0972747802734375
0 0.4375 0.29327392578125 0.0211181640625 0.099945068359375
0 0.33935546875 0.0823211669921875 0.019866943359375 0.0826263427734375
0 0.37060546875 0.119781494140625 0.0169219970703125 0.0823211669921875
0 0.55859375 0.066375732421875 0.0181884765625 0.08758544921875
0 0.1304931640625 0.089569091796875 0.021942138671875 0.106658935546875
0 0.8359375 0.11016845703125 0.0182342529296875 0.0852203369140625
0 0.1646728515625 0.057525634765625 0.0182952880859375 0.093841552734375
0 0.94384765625 0.2349853515625 0.0299224853515625 0.13031005859375
0 0.77001953125 0.2630615234375 0.020843505859375 0.1070404052734375
0 0.1646728515625 0.279083251953125 0.0216217041015625 0.1055908203125
0 0.26123046875 0.07030487060546875 0.01495361328125 0.0846099853515625
0 0.0390625 0.093994140625 0.0170440673828125 0.0868988037109375
0 0.85546875 0.265960693359375 0.0226287841796875 0.1099395751953125
0 0.06866455078125 0.0911712646484375 0.02056884765625 0.09765625
0 0.03448486328125 0.743408203125 0.03021240234375 0.162353515625