0 0.14856 0.307625 0.01961 0.09217499999999999
0 0.33398500000000003 0.099575 0.0195 0.111225
0 0.539065 0.07595 0.01738 0.0969
0 0.77832 0.192725 0.019425 0.098425
0 0.645995 0.286875 0.020095 0.0917
0 0.8188500000000001 0.284875 0.020845 0.103225
0 0.472655 0.239725 0.023375 0.1142
0 0.67041 0.112525 0.016985 0.0862
0 0.13391 0.128325 0.01744 0.08522500000000001
0 0.963465 0.052649999999999995 0.023010000000000003 0.088875
0 0.032045000000000004 0.1207 0.020095 0.0969
0 0.8686499999999999 0.07835 0.018615 0.09095
0 0.361815 0.2922 0.01883 0.088875
0 0.42773500000000003 0.1011 0.021485 0.10619999999999999
0 0.05823 0.059824999999999996 0.015715 0.08109999999999999
0 0.27002 0.135875 0.019530000000000002 0.091325
0 0.570315 0.14435 0.019835000000000002 0.094375
0 0.756835 0.0956 0.01802 0.088875
0 0.7490249999999999 0.27449999999999997 0.023605 0.1085
0 0.07665999999999999 0.2327 0.019059999999999997 0.09452500000000001
0 0.543945 0.267025 0.021865 0.10665
0 0.36865 0.078 0.020495 0.0805
0 0.92871 0.08689999999999999 0.022155 0.11315
0 0.6103500000000001 0.23315000000000002 0.0206 0.10665
0 0.20984 0.190875 0.02199 0.10742499999999999
0 0.15918000000000002 0.07139999999999999 0.01799 0.082925
0 0.963865 0.271 0.023695 0.111625
0 0.23877 0.0661 0.01837 0.089575
0 0.859865 0.271 0.02423 0.1155
0 0.033600000000000005 0.7519499999999999 0.030914999999999998 0.1348
0 0.435545 0.2771 0.024935 0.13817500000000002