0 0.631835 0.10545 0.02298 0.108725
0 0.86621 0.07565000000000001 0.01961 0.1017
0 0.369875 0.0795 0.017915 0.09805
0 0.9335950000000001 0.11535000000000001 0.018690000000000002 0.0901
0 0.23218 0.0924 0.01927 0.09385
0 0.32006999999999997 0.290075 0.02089 0.106425
0 0.828615 0.290675 0.0208 0.0908
0 0.54004 0.23055 0.025515 0.1278
0 0.8325199999999999 0.1323 0.01837 0.0924
0 0.71338 0.24245 0.024704999999999998 0.111625
0 0.225465 0.28059999999999996 0.022675 0.112525
0 0.07007 0.19852499999999998 0.02136 0.1162
0 0.9174800000000001 0.25635 0.021455 0.10825
0 0.46118000000000003 0.05644999999999999 0.016405 0.08927500000000001
0 0.157105 0.0956 0.016524999999999998 0.0808
0 0.473145 0.2536 0.018935 0.10460000000000001
0 0.7695299999999999 0.129775 0.01439 0.09972500000000001
0 0.14795 0.27055 0.022585 0.1017
0 0.027329999999999997 0.112675 0.025755 0.0882
0 0.35913 0.26899999999999996 0.02527 0.10605
0 0.034820000000000004 0.755625 0.0437 0.2234
0 0.17871 0.19454999999999997 0.0184 0.09095
0 0.612795 0.22797499999999998 0.025465 0.12564999999999998
0 0.54004 0.09117499999999999 0.017305 0.089575
0 0.26538 0.2823 0.020965 0.09545
0 0.96826 0.07595 0.019835000000000002 0.0962
0 0.43855500000000003 0.287 0.02368 0.111125
0 0.039064999999999996 0.3032 0.01764 0.128775
0 0.509765 0.169525 0.018875 0.0953
0 0.735555 0.084525 0.018035 0.09117499999999999
0 0.66376 0.054275000000000004 0.016565 0.09820000000000001