0 0.668125 0.2568 0.025035 0.116775
0 0.14489500000000002 0.27649999999999997 0.019559999999999998 0.09292500000000001
0 0.86963 0.139225 0.018690000000000002 0.082925
0 0.91455 0.240625 0.02246 0.110175
0 0.46632 0.26565 0.02561 0.107575
0 0.468505 0.07769999999999999 0.01718 0.100475
0 0.026705 0.12375 0.0208 0.11055
0 0.666505 0.06715 0.016785 0.092
0 0.95508 0.29175 0.02121 0.10460000000000001
0 0.035005 0.7373000000000001 0.039795000000000004 0.13535
0 0.31006 0.20079999999999998 0.02208 0.11955
0 0.25195500000000004 0.292825 0.02153 0.11955
0 0.70996 0.219725 0.01348 0.1036
0 0.543455 0.26992499999999997 0.022719999999999997 0.108725
0 0.43286 0.129775 0.018510000000000002 0.094675
0 0.740235 0.24567499999999998 0.02133 0.094675
0 0.9331050000000001 0.0745 0.02101 0.10300000000000001
0 0.270995 0.0859 0.02089 0.09805
0 0.02191 0.26795 0.032104999999999995 0.1471
0 0.33788999999999997 0.09895 0.01802 0.09634999999999999
0 0.8373999999999999 0.222625 0.020415 0.11955
0 0.213255 0.23407499999999998 0.02484 0.111225
0 0.632325 0.13055 0.01877 0.09217499999999999
0 0.13122499999999998 0.151675 0.017105000000000002 0.0924
0 0.5664049999999999 0.074775 0.019945 0.09385
0 0.80908 0.1548 0.0208 0.10742499999999999
0 0.17749 0.214375 0.02089 0.107275
0 0.34546 0.2394 0.022585 0.106425
0 0.740235 0.0805 0.019945 0.108875
0 0.05551 0.058825 0.021775 0.11765
0 0.5351549999999999 0.05085 0.02162 0.094