0 0.1359268543554606 0.3021283262719102 0.024219694048791183 0.10997718216032723
0 0.8644947937007293 0.2248971590244893 0.02421969404879121 0.11615567554012081
0 0.56201171875 0.049724578857421875 0.02044677734375 0.09944915771484375
0 0.35986328125 0.0506591796875 0.0177764892578125 0.089263916015625
0 0.52880859375 0.12420654296875 0.0217742919921875 0.1004791259765625
0 0.0333251953125 0.7464599609375 0.0341796875 0.1873779296875
0 0.5576171875 0.242919921875 0.026611328125 0.148773193359375
0 0.73095703125 0.1045989990234375 0.0165863037109375 0.0952911376953125
0 0.1318359375 0.142974853515625 0.019012451171875 0.0872039794921875
0 0.422607421875 0.270538330078125 0.0204925537109375 0.1070404052734375
0 0.662109375 0.0750732421875 0.0185394287109375 0.08819580078125
0 0.1640625 0.0646209716796875 0.0164642333984375 0.087890625
0 0.2093505859375 0.15655517578125 0.020172119140625 0.1024627685546875
0 0.95556640625 0.28594970703125 0.0243377685546875 0.089569091796875
0 0.038604736328125 0.06534576416015625 0.019989013671875 0.0925445556640625
0 0.04010009765625 0.247039794921875 0.020965576171875 0.0963592529296875
0 0.63232421875 0.153350830078125 0.017913818359375 0.086517333984375
0 0.7744140625 0.225982666015625 0.0225067138671875 0.1186370849609375
0 0.337890625 0.31402587890625 0.0240936279296875 0.1081085205078125
0 0.96875 0.119781494140625 0.0165252685546875 0.0804901123046875
0 0.67822265625 0.22216796875 0.019989013671875 0.0997161865234375
0 0.93505859375 0.0926971435546875 0.017303466796875 0.0836181640625
0 0.2371826171875 0.222930908203125 0.021087646484375 0.100860595703125
0 0.46435546875 0.255889892578125 0.0233306884765625 0.1202392578125
0 0.01132965087890625 0.218048095703125 0.0202178955078125 0.0958251953125
0 0.37255859375 0.220947265625 0.02288818359375 0.130767822265625
0 0.431884765625 0.1230621337890625 0.017852783203125 0.089263916015625
0 0.76025390625 0.0921630859375 0.0185394287109375 0.0888824462890625
0 0.2413330078125 0.0923919677734375 0.01467132568359375 0.06313323974609375
0 0.85595703125 0.05710601806640625 0.0204925537109375 0.1116180419921875
0 0.83349609375 0.3082275390625 0.0169830322265625 0.1366424560546875