0 0.1441811151820061 0.2826191670758401 0.02196469818985139 0.10780838102358253
0 0.0390625 0.0852203369140625 0.0180206298828125 0.0807952880859375
0 0.7724609375 0.27099609375 0.02001953125 0.095977783203125
0 0.461181640625 0.2685546875 0.0228424072265625 0.120697021484375
0 0.56787109375 0.270538330078125 0.0243377685546875 0.10345458984375
0 0.1378173828125 0.06072998046875 0.017242431640625 0.0925445556640625
0 0.560546875 0.0555419921875 0.01898193359375 0.111083984375
0 0.2359619140625 0.07801055908203125 0.017852783203125 0.091705322265625
0 0.6611328125 0.24017333984375 0.028656005859375 0.1126861572265625
0 0.36083984375 0.26458740234375 0.022369384765625 0.1016998291015625
0 0.763671875 0.0689697265625 0.015716552734375 0.0954437255859375
0 0.421142578125 0.269927978515625 0.022369384765625 0.0995635986328125
0 0.52734375 0.0921630859375 0.0213623046875 0.106048583984375
0 0.2117919921875 0.2606201171875 0.0177154541015625 0.1081085205078125
0 0.431884765625 0.1209259033203125 0.0164031982421875 0.0981903076171875
0 0.10821533203125 0.18768310546875 0.0173797607421875 0.115966796875
0 0.66259765625 0.08392333984375 0.023651123046875 0.1064300537109375
0 0.3330078125 0.0868988037109375 0.02056884765625 0.1039886474609375
0 0.9716796875 0.249786376953125 0.0257110595703125 0.095977783203125
0 0.25146484375 0.27801513671875 0.0260009765625 0.0823211669921875
0 0.734375 0.295562744140625 0.020843505859375 0.12237548828125
0 0.92724609375 0.098419189453125 0.01490020751953125 0.10955810546875
0 0.8369140625 0.288543701171875 0.022979736328125 0.1136016845703125
0 0.06951904296875 0.132293701171875 0.019012451171875 0.085906982421875
0 0.01094818115234375 0.22430419921875 0.0218963623046875 0.1076507568359375
0 0.367431640625 0.1099395751953125 0.019378662109375 0.0846099853515625
0 0.62744140625 0.07770538330078125 0.0220794677734375 0.1142120361328125
0 0.87255859375 0.26214599609375 0.020965576171875 0.0946807861328125
0 0.86328125 0.0628662109375 0.0173797607421875 0.085906982421875
0 0.03582763671875 0.743408203125 0.037384033203125 0.17974853515625
0 0.9375 0.279693603515625 0.0276336669921875 0.11077880859375