0 0.56298828125 0.0943756103515625 0.01953125 0.0955963134765625
0 0.431396484375 0.106658935546875 0.0173797607421875 0.09063720703125
0 0.73681640625 0.06313323974609375 0.0197906494140625 0.099334716796875
0 0.8701171875 0.0921630859375 0.0203704833984375 0.0826263427734375
0 0.52685546875 0.272979736328125 0.0217437744140625 0.1120758056640625
0 0.9140625 0.239410400390625 0.0225067138671875 0.0909423828125
0 0.6357421875 0.292816162109375 0.023651123046875 0.10345458984375
0 0.96875 0.1221466064453125 0.017242431640625 0.089263916015625
0 0.6640625 0.0646209716796875 0.0165863037109375 0.08758544921875
0 0.462158203125 0.0646209716796875 0.0191650390625 0.1039886474609375
0 0.74560546875 0.281219482421875 0.0229339599609375 0.1093292236328125
0 0.8427734375 0.24566650390625 0.027008056640625 0.11016845703125
0 0.83837890625 0.0995635986328125 0.01751708984375 0.08819580078125
0 0.471923828125 0.26123046875 0.0188751220703125 0.093994140625
0 0.671875 0.266571044921875 0.0216522216796875 0.086212158203125
0 0.7099609375 0.191650390625 0.0191192626953125 0.095977783203125
0 0.0411376953125 0.0826263427734375 0.017578125 0.090789794921875
0 0.3359375 0.0852203369140625 0.0210418701171875 0.105438232421875
0 0.257568359375 0.272979736328125 0.02386474609375 0.0954437255859375
0 0.170654296875 0.1070404052734375 0.018768310546875 0.0826263427734375
0 0.31201171875 0.247039794921875 0.0200958251953125 0.09918212890625
0 0.935546875 0.08392333984375 0.02337646484375 0.093231201171875
0 0.3701171875 0.1273345947265625 0.019866943359375 0.0804901123046875
0 0.1383056640625 0.220947265625 0.0262603759765625 0.09185791015625
0 0.010986328125 0.198974609375 0.0186920166015625 0.0765228271484375
0 0.036712646484375 0.251617431640625 0.0200958251953125 0.0945281982421875
0 0.2178955078125 0.28900146484375 0.0224609375 0.087890625
0 0.270263671875 0.0926971435546875 0.02191162109375 0.080108642578125
0 0.5673828125 0.237579345703125 0.0244293212890625 0.1275634765625
0 0.0333251953125 0.7470703125 0.036163330078125 0.16571044921875
0 0.1427001953125 0.10223388671875 0.018646240234375 0.07114410400390625