0 0.554335 0.287925 0.027184999999999997 0.130975
0 0.47217000000000003 0.19774999999999998 0.026 0.136325
0 0.632815 0.088575 0.018905 0.098575
0 0.134035 0.112675 0.01837 0.0975
0 0.059325 0.089575 0.01819 0.09385
0 0.035005 0.275575 0.026765 0.128325
0 0.51074 0.2336 0.023285 0.137175
0 0.52832 0.05535 0.01898 0.08789999999999999
0 0.36059500000000005 0.219275 0.020415 0.12612500000000001
0 0.116575 0.26015 0.023774999999999998 0.10765000000000001
0 0.15796000000000002 0.26594999999999996 0.02182 0.10460000000000001
0 0.25073 0.2797 0.02112 0.1104
0 0.759765 0.0882 0.0195 0.089575
0 0.357665 0.063125 0.026705 0.123975
0 0.666015 0.107875 0.019164999999999998 0.10285
0 0.072755 0.21682500000000002 0.022629999999999997 0.115975
0 0.62207 0.27602499999999996 0.024475 0.1226
0 0.44092000000000003 0.25795 0.01802 0.11192500000000001
0 0.264895 0.064625 0.022295000000000002 0.09880000000000001
0 0.9711900000000001 0.20965 0.023329999999999997 0.114675
0 0.956055 0.05005 0.01816 0.0978
0 0.32617 0.302125 0.023515 0.1162
0 0.22937000000000002 0.05515 0.020845 0.09217499999999999
0 0.42969 0.145725 0.017715 0.088575
0 0.8725599999999999 0.186625 0.019350000000000003 0.102225
0 0.8413099999999999 0.26594999999999996 0.026 0.13817500000000002
0 0.9292 0.13847500000000001 0.017305 0.0862
0 0.7646499999999999 0.22002500000000003 0.02191 0.11445
0 0.725585 0.272525 0.029585 0.149075
0 0.85449 0.09292500000000001 0.01744 0.0872
0 0.033325 0.7483 0.03131 0.16449999999999998