0 0.9311499999999999 0.1217 0.0193 0.10032500000000001
0 0.8373999999999999 0.05934999999999999 0.020765000000000002 0.09895
0 0.769045 0.09880000000000001 0.01799 0.09362500000000001
0 0.56201 0.052450000000000004 0.02162 0.0962
0 0.132935 0.11779999999999999 0.019945 0.09452500000000001
0 0.96289 0.24887499999999999 0.02606 0.133525
0 0.435305 0.27649999999999997 0.030789999999999998 0.130775
0 0.06476000000000001 0.0965 0.018510000000000002 0.09117499999999999
0 0.42627 0.10932499999999999 0.0208 0.10125
0 0.033385 0.7422249999999999 0.038024999999999996 0.18012499999999998
0 0.7094750000000001 0.14654999999999999 0.01961 0.099325
0 0.16369499999999998 0.07005 0.016280000000000003 0.0814
0 0.47168 0.242 0.022765 0.104825
0 0.02527 0.26795 0.024 0.111225
0 0.336795 0.28735 0.022234999999999998 0.10025
0 0.030789999999999998 0.09362500000000001 0.021285000000000002 0.10605
0 0.742675 0.09727499999999999 0.0184 0.09147500000000001
0 0.614735 0.257275 0.028285 0.1361
0 0.65674 0.240625 0.025225 0.13
0 0.33203 0.14465 0.01848 0.09269999999999999
0 0.26294 0.050175 0.02022 0.10032500000000001
0 0.810545 0.21484999999999999 0.022535 0.10032500000000001
0 0.36303500000000005 0.06795 0.01805 0.094
0 0.230715 0.128325 0.019915 0.10545
0 0.921385 0.25832499999999997 0.024475 0.11077500000000001
0 0.84082 0.22460000000000002 0.021575 0.1085
0 0.5302749999999999 0.1162 0.02109 0.098575
0 0.515735 0.24815 0.03066 0.1533
0 0.26684500000000005 0.24155000000000001 0.026414999999999998 0.1149
0 0.663575 0.095975 0.023515 0.103825
0 0.13635499999999998 0.325625 0.0206 0.10125