0 0.5266083290148086 0.29674819140163217 0.02622280722563902 0.12840849217826425
0 0.038909912109375 0.254974365234375 0.0218658447265625 0.099945068359375
0 0.56884765625 0.266571044921875 0.0210113525390625 0.0855255126953125
0 0.64990234375 0.292816162109375 0.0215301513671875 0.0965118408203125
0 0.375 0.243377685546875 0.0201416015625 0.111846923828125
0 0.430908203125 0.1410675048828125 0.0179901123046875 0.089569091796875
0 0.2100830078125 0.20416259765625 0.0200653076171875 0.0934600830078125
0 0.8623046875 0.28594970703125 0.0206451416015625 0.096893310546875
0 0.93310546875 0.299835205078125 0.019378662109375 0.1146697998046875
0 0.4375 0.272064208984375 0.0245208740234375 0.099945068359375
0 0.362060546875 0.10009765625 0.01666259765625 0.0868988037109375
0 0.1134033203125 0.239410400390625 0.0276947021484375 0.1195526123046875
0 0.611328125 0.2288818359375 0.0230712890625 0.1226043701171875
0 0.12890625 0.06072998046875 0.019378662109375 0.09765625
0 0.6708984375 0.0958251953125 0.0196075439453125 0.09674072265625
0 0.1656494140625 0.107421875 0.021087646484375 0.0981903076171875
0 0.336669921875 0.28961181640625 0.0225830078125 0.103607177734375
0 0.96875 0.211181640625 0.0214080810546875 0.106658935546875
0 0.2393798828125 0.050048828125 0.0179901123046875 0.086517333984375
0 0.23876953125 0.2276611328125 0.0222930908203125 0.1024627685546875
0 0.75830078125 0.06561279296875 0.018096923828125 0.091705322265625
0 0.7470703125 0.272979736328125 0.0182342529296875 0.0980377197265625
0 0.4599609375 0.05710601806640625 0.021697998046875 0.0954437255859375
0 0.73193359375 0.1548004150390625 0.018157958984375 0.0846099853515625
0 0.0699462890625 0.1026153564453125 0.0196380615234375 0.0980377197265625
0 0.008884429931640625 0.1551055908203125 0.01776885986328125 0.0946807861328125
0 0.53271484375 0.1263427734375 0.0189056396484375 0.0914764404296875
0 0.92724609375 0.093994140625 0.023773193359375 0.109100341796875
0 0.8212890625 0.265960693359375 0.0211639404296875 0.1146697998046875
0 0.86669921875 0.0695037841796875 0.020294189453125 0.1052093505859375
0 0.03424072265625 0.75439453125 0.034088134765625 0.16448974609375