0 0.230087093463516 0.31633886104543557 0.021748296696873694 0.10379868878053361
0 0.4462890625 0.2801513671875 0.0226287841796875 0.113983154296875
0 0.0413818359375 0.286407470703125 0.0197601318359375 0.107269287109375
0 0.408447265625 0.196380615234375 0.0200653076171875 0.1126861572265625
0 0.23193359375 0.099945068359375 0.0180206298828125 0.0909423828125
0 0.1143798828125 0.265960693359375 0.0215301513671875 0.115966796875
0 0.36962890625 0.1114654541015625 0.0225830078125 0.106201171875
0 0.27001953125 0.252532958984375 0.0231475830078125 0.1151275634765625
0 0.7685546875 0.086517333984375 0.0212860107421875 0.1044464111328125
0 0.90869140625 0.167388916015625 0.018768310546875 0.0988006591796875
0 0.6572265625 0.057525634765625 0.018096923828125 0.0945281982421875
0 0.736328125 0.04856109619140625 0.0185089111328125 0.0914764404296875
0 0.67578125 0.2288818359375 0.0207672119140625 0.102996826171875
0 0.64599609375 0.272064208984375 0.021087646484375 0.1161956787109375
0 0.708984375 0.21514892578125 0.0191192626953125 0.0954437255859375
0 0.0374755859375 0.736083984375 0.03875732421875 0.18218994140625
0 0.131591796875 0.06664276123046875 0.024749755859375 0.1082611083984375
0 0.07720947265625 0.2301025390625 0.0222930908203125 0.1064300537109375
0 0.56787109375 0.08819580078125 0.0199127197265625 0.0963592529296875
0 0.8291015625 0.094146728515625 0.0203704833984375 0.09765625
0 0.97021484375 0.1123046875 0.0204925537109375 0.086212158203125
0 0.3095703125 0.15777587890625 0.018402099609375 0.1012420654296875
0 0.94140625 0.101470947265625 0.0167236328125 0.089263916015625
0 0.5322265625 0.1244354248046875 0.01812744140625 0.09918212890625
0 0.43310546875 0.0595855712890625 0.0220794677734375 0.1016998291015625
0 0.87109375 0.225982666015625 0.0258026123046875 0.123291015625
0 0.343017578125 0.1004791259765625 0.017913818359375 0.070037841796875
0 0.5234375 0.284271240234375 0.0208892822265625 0.0852203369140625
0 0.1656494140625 0.06168365478515625 0.01971435546875 0.0911712646484375
0 0.86083984375 0.090484619140625 0.01678466796875 0.095977783203125
0 0.060089111328125 0.0945281982421875 0.016021728515625 0.0811004638671875