0 0.9335950000000001 0.10665 0.01979 0.093225
0 0.96826 0.068175 0.018935 0.09025
0 0.532715 0.112075 0.019454999999999997 0.0965
0 0.64844 0.28059999999999996 0.019715 0.0962
0 0.677 0.23565000000000003 0.01754 0.089425
0 0.737185 0.28447500000000003 0.02018 0.1014
0 0.83008 0.083325 0.02191 0.11512499999999999
0 0.228025 0.314625 0.02089 0.0882
0 0.731445 0.11077500000000001 0.01964 0.098575
0 0.16919 0.145725 0.018615 0.075075
0 0.37451 0.255425 0.0195 0.088575
0 0.0109 0.201875 0.019379999999999998 0.087575
0 0.6333 0.1278 0.018295000000000002 0.09995
0 0.332765 0.11825 0.016985 0.09095
0 0.47376 0.247825 0.02327 0.118325
0 0.9541000000000001 0.2507 0.025665 0.11664999999999999
0 0.436035 0.296625 0.020095 0.0949
0 0.7719750000000001 0.25635 0.02101 0.09805
0 0.27051 0.26215 0.0184 0.10545
0 0.039125 0.219725 0.02141 0.0965
0 0.56299 0.060274999999999995 0.01718 0.0872
0 0.8618150000000001 0.240625 0.02191 0.115975
0 0.26709 0.075375 0.018725000000000002 0.088575
0 0.53711 0.314625 0.02136 0.09292500000000001
0 0.039795000000000004 0.059574999999999996 0.018645 0.095975
0 0.82324 0.29114999999999996 0.026809999999999997 0.1104
0 0.108765 0.16417500000000002 0.018435 0.102625
0 0.43213 0.143825 0.017305 0.08789999999999999
0 0.36206 0.069775 0.01834 0.091325
0 0.03247 0.7525749999999999 0.02513 0.204175
0 0.141725 0.070575 0.019559999999999998 0.0956