0 0.270265 0.2214 0.022629999999999997 0.10665
0 0.17529499999999998 0.2298 0.0195 0.09805
0 0.42676 0.099175 0.024184999999999998 0.11735
0 0.52539 0.10460000000000001 0.02452 0.116425
0 0.349855 0.2832 0.021775 0.10955
0 0.14551 0.271 0.022324999999999998 0.098575
0 0.45654500000000003 0.04855 0.016845 0.09345
0 0.26123 0.060274999999999995 0.02182 0.09880000000000001
0 0.333495 0.05305 0.020065000000000003 0.090625
0 0.538215 0.26594999999999996 0.020050000000000002 0.1151
0 0.62207 0.260625 0.02925 0.1387
0 0.437745 0.31555 0.027010000000000003 0.10619999999999999
0 0.935545 0.111 0.020524999999999998 0.097125
0 0.76709 0.066375 0.018690000000000002 0.098425
0 0.23303000000000001 0.307625 0.02542 0.118025
0 0.724485 0.304325 0.0202 0.10279999999999999
0 0.7319349999999999 0.093225 0.02133 0.10665
0 0.368165 0.07769999999999999 0.023864999999999997 0.11185
0 0.970215 0.09185 0.02191 0.10460000000000001
0 0.6606449999999999 0.0558 0.02542 0.111
0 0.83545 0.07835 0.019715 0.10460000000000001
0 0.131105 0.118875 0.02025 0.10247500000000001
0 0.030275 0.07835 0.0208 0.0949
0 0.6293949999999999 0.128325 0.022245 0.1011
0 0.5742200000000001 0.236675 0.02542 0.10505
0 0.914065 0.24245 0.02165 0.10825
0 0.85205 0.2568 0.022295000000000002 0.11664999999999999
0 0.060515 0.24155000000000001 0.02791 0.12710000000000002
0 0.06524500000000001 0.09880000000000001 0.02017 0.09805
0 0.86914 0.12115000000000001 0.017915 0.090625
0 0.034175 0.750125 0.03186 0.15365