0 0.24341 0.29495 0.019835000000000002 0.10247500000000001
0 0.569335 0.122825 0.018645 0.086525
0 0.657715 0.284875 0.02025 0.122825
0 0.069275 0.082325 0.01758 0.09307499999999999
0 0.32593 0.099325 0.020645 0.10285
0 0.74463 0.27449999999999997 0.02289 0.11779999999999999
0 0.14087 0.055575 0.017515 0.083325
0 0.368895 0.21760000000000002 0.028215 0.13977499999999998
0 0.96972 0.238175 0.02148 0.112075
0 0.46924 0.08262499999999999 0.0217 0.102225
0 0.03488 0.08522500000000001 0.02014 0.09765
0 0.87549 0.2205 0.020495 0.115975
0 0.109925 0.15717499999999998 0.020445 0.106425
0 0.711915 0.239725 0.018725000000000002 0.095825
0 0.13904 0.24932500000000002 0.02057 0.09217499999999999
0 0.23279 0.15335000000000001 0.018615 0.086525
0 0.92871 0.28275 0.025375 0.12564999999999998
0 0.26220499999999997 0.072525 0.017305 0.08689999999999999
0 0.770995 0.12025000000000001 0.019864999999999997 0.059574999999999996
0 0.01724 0.2823 0.022719999999999997 0.10400000000000001
0 0.034365 0.7495 0.039705 0.19165
0 0.45508 0.255425 0.023864999999999997 0.111
0 0.35742 0.082325 0.020524999999999998 0.094
0 0.859865 0.0949 0.017915 0.09362500000000001
0 0.84033 0.2797 0.020845 0.105825
0 0.43506 0.10765000000000001 0.01837 0.08789999999999999
0 0.9311499999999999 0.13055 0.01758 0.0859
0 0.547365 0.24337499999999998 0.02484 0.11977499999999999
0 0.5356449999999999 0.0605 0.019195 0.09345
0 0.666015 0.059574999999999996 0.020295 0.0965
0 0.631835 0.074775 0.021575 0.102075