0 0.8085950000000001 0.15869999999999998 0.018615 0.09217499999999999
0 0.83838 0.2243 0.02461 0.111225
0 0.737305 0.055575 0.02017 0.09452500000000001
0 0.661135 0.236675 0.02533 0.124675
0 0.870115 0.146025 0.017915 0.085525
0 0.436525 0.05934999999999999 0.02072 0.097125
0 0.53662 0.31615 0.01964 0.09545
0 0.6206050000000001 0.264125 0.025225 0.13977499999999998
0 0.71045 0.214075 0.02112 0.0949
0 0.63086 0.118025 0.019684999999999998 0.099175
0 0.958495 0.053899999999999997 0.01554 0.0953
0 0.97461 0.2089 0.023100000000000002 0.10545
0 0.5322250000000001 0.11825 0.020495 0.0956
0 0.30883999999999995 0.17120000000000002 0.0195 0.11230000000000001
0 0.444335 0.27297499999999997 0.022155 0.102625
0 0.36913999999999997 0.12587500000000001 0.01837 0.087575
0 0.7407250000000001 0.2243 0.0217 0.10147500000000001
0 0.942385 0.30885 0.01924 0.10445
0 0.563965 0.066875 0.017305 0.08689999999999999
0 0.24365 0.2977 0.014335 0.129775
0 0.408935 0.181725 0.02072 0.1085
0 0.032225000000000004 0.1361 0.0161 0.07980000000000001
0 0.167115 0.272075 0.022535 0.082325
0 0.25 0.05122499999999999 0.018690000000000002 0.099325
0 0.12494 0.3099 0.02109 0.095825
0 0.22741499999999998 0.1052 0.023100000000000002 0.112075
0 0.16736 0.082325 0.018295000000000002 0.1017
0 0.337645 0.049675000000000004 0.018645 0.083925
0 0.03429 0.762325 0.041460000000000004 0.19165
0 0.06708 0.0805 0.016405 0.09185
0 0.069 0.270575 0.022995 0.11442500000000001