0 0.54004 0.077125 0.01758 0.088575
0 0.16699 0.075075 0.019010000000000003 0.107275
0 0.67041 0.10400000000000001 0.020965 0.10505
0 0.27051 0.09255000000000001 0.019195 0.084925
0 0.308105 0.177 0.018690000000000002 0.107275
0 0.739745 0.231925 0.02452 0.129025
0 0.64209 0.271 0.02101 0.11315
0 0.45825 0.302575 0.02191 0.1155
0 0.8168949999999999 0.257725 0.02556 0.13275
0 0.417235 0.27344999999999997 0.02191 0.113375
0 0.0347 0.30045 0.021165 0.1104
0 0.132325 0.128775 0.01744 0.0949
0 0.21277000000000001 0.2452 0.02382 0.12564999999999998
0 0.062925 0.1036 0.01738 0.0859
0 0.46997000000000005 0.098425 0.0206 0.09995
0 0.36913999999999997 0.089575 0.02165 0.10460000000000001
0 0.608885 0.17915 0.019760000000000003 0.102625
0 0.740235 0.060274999999999995 0.0184 0.094375
0 0.509765 0.205375 0.018234999999999998 0.09765
0 0.8657250000000001 0.064625 0.019454999999999997 0.09217499999999999
0 0.5376000000000001 0.24017499999999997 0.015365 0.1036
0 0.23596 0.1162 0.01848 0.09675
0 0.927245 0.145425 0.023649999999999997 0.118875
0 0.033265 0.12115000000000001 0.020965 0.10400000000000001
0 0.03437 0.7395499999999999 0.026324999999999998 0.1858
0 0.930175 0.271 0.027219999999999998 0.10765000000000001
0 0.12695499999999998 0.28595 0.02121 0.11077500000000001
0 0.8325199999999999 0.114675 0.01964 0.0949
0 0.9663099999999999 0.22765000000000002 0.027635 0.12564999999999998
0 0.34302 0.271 0.022795000000000003 0.10619999999999999
0 0.7700199999999999 0.14404999999999998 0.018585 0.092