0 0.25991258208266604 0.2639112371916302 0.02216397403254382 0.10282255994479093
0 0.66748046875 0.210113525390625 0.0213623046875 0.104217529296875
0 0.476318359375 0.198211669921875 0.0203399658203125 0.1044464111328125
0 0.96728515625 0.239715576171875 0.021484375 0.1039886474609375
0 0.54443359375 0.27862548828125 0.0237274169921875 0.1157379150390625
0 0.869140625 0.1142120361328125 0.0190582275390625 0.0914764404296875
0 0.055938720703125 0.05580902099609375 0.0180206298828125 0.08758544921875
0 0.3564453125 0.243377685546875 0.02685546875 0.124664306640625
0 0.035888671875 0.740966796875 0.034088134765625 0.191650390625
0 0.9658203125 0.0926971435546875 0.01983642578125 0.0914764404296875
0 0.75927734375 0.05367279052734375 0.02069091796875 0.09765625
0 0.2176513671875 0.2587890625 0.0257568359375 0.1093292236328125
0 0.77294921875 0.213165283203125 0.0227203369140625 0.103607177734375
0 0.4453125 0.270538330078125 0.024993896484375 0.1052093505859375
0 0.57763671875 0.20416259765625 0.019378662109375 0.102081298828125
0 0.318359375 0.284881591796875 0.0262603759765625 0.1166534423828125
0 0.1676025390625 0.231475830078125 0.02691650390625 0.123748779296875
0 0.6337890625 0.303802490234375 0.023773193359375 0.1082611083984375
0 0.1295166015625 0.1261138916015625 0.019561767578125 0.092010498046875
0 0.0762939453125 0.186920166015625 0.0211639404296875 0.0971221923828125
0 0.030731201171875 0.1560211181640625 0.018646240234375 0.0965118408203125
0 0.83349609375 0.07595062255859375 0.0207977294921875 0.1039886474609375
0 0.1285400390625 0.269927978515625 0.0237274169921875 0.1230621337890625
0 0.267822265625 0.1105499267578125 0.0189056396484375 0.0921630859375
0 0.8134765625 0.234527587890625 0.0222015380859375 0.107421875
0 0.55859375 0.0909423828125 0.0163421630859375 0.08392333984375
0 0.457275390625 0.0901031494140625 0.015777587890625 0.095977783203125
0 0.9248046875 0.2734375 0.0266571044921875 0.1251983642578125
0 0.7294921875 0.1446533203125 0.0188751220703125 0.1004791259765625
0 0.6259765625 0.106201171875 0.0230255126953125 0.1216888427734375
0 0.363525390625 0.057525634765625 0.017578125 0.107421875