0 0.349609375 0.274505615234375 0.023651123046875 0.1052093505859375
0 0.60888671875 0.191192626953125 0.0194244384765625 0.0980377197265625
0 0.71044921875 0.2008056640625 0.0197906494140625 0.1110076904296875
0 0.3662109375 0.0695037841796875 0.0221099853515625 0.10284423828125
0 0.4697265625 0.10223388671875 0.021240234375 0.0962066650390625
0 0.170654296875 0.111846923828125 0.01861572265625 0.0807952880859375
0 0.57080078125 0.114898681640625 0.01971435546875 0.0955963134765625
0 0.269287109375 0.25299072265625 0.0243377685546875 0.1012420654296875
0 0.25634765625 0.0496673583984375 0.022247314453125 0.099334716796875
0 0.86474609375 0.0658416748046875 0.020599365234375 0.111846923828125
0 0.142822265625 0.105438232421875 0.0177154541015625 0.0820159912109375
0 0.437744140625 0.2520751953125 0.0213623046875 0.092010498046875
0 0.2247314453125 0.0962066650390625 0.019195556640625 0.109100341796875
0 0.6357421875 0.2056884765625 0.0242767333984375 0.1120758056640625
0 0.5107421875 0.200042724609375 0.0206451416015625 0.084228515625
0 0.330810546875 0.05146026611328125 0.018157958984375 0.0972747802734375
0 0.74951171875 0.27496337890625 0.023651123046875 0.107269287109375
0 0.96484375 0.06168365478515625 0.019683837890625 0.0943756103515625
0 0.7685546875 0.0774383544921875 0.02276611328125 0.1010894775390625
0 0.10968017578125 0.15838623046875 0.0204925537109375 0.0988006591796875
0 0.409423828125 0.1507568359375 0.0199127197265625 0.086517333984375
0 0.8271484375 0.297088623046875 0.0207672119140625 0.1018524169921875
0 0.541015625 0.059814453125 0.0154876708984375 0.079498291015625
0 0.9287109375 0.274505615234375 0.022674560546875 0.1076507568359375
0 0.06951904296875 0.1045989990234375 0.020416259765625 0.090789794921875
0 0.86669921875 0.237579345703125 0.0227203369140625 0.106658935546875
0 0.03704833984375 0.210113525390625 0.0213623046875 0.0962066650390625
0 0.66748046875 0.084228515625 0.017303466796875 0.089263916015625
0 0.931640625 0.1285552978515625 0.0197906494140625 0.0945281982421875
0 0.0102081298828125 0.1898193359375 0.0194244384765625 0.0911712646484375
0 0.036285400390625 0.74462890625 0.03839111328125 0.18310546875