0 0.6640625 0.060272216796875 0.018157958984375 0.093841552734375
0 0.36083984375 0.2520751953125 0.022979736328125 0.1171112060546875
0 0.1329345703125 0.1268768310546875 0.0192413330078125 0.09918212890625
0 0.445068359375 0.27557373046875 0.0231475830078125 0.1018524169921875
0 0.83544921875 0.04779815673828125 0.0197906494140625 0.0902557373046875
0 0.76025390625 0.06313323974609375 0.019378662109375 0.0997161865234375
0 0.52880859375 0.31402587890625 0.0207672119140625 0.108489990234375
0 0.7314453125 0.10955810546875 0.0194549560546875 0.0885772705078125
0 0.1600341796875 0.09857177734375 0.01666259765625 0.087890625
0 0.63134765625 0.0971221923828125 0.0214080810546875 0.1045989990234375
0 0.070068359375 0.12420654296875 0.015960693359375 0.0826263427734375
0 0.3330078125 0.1157379150390625 0.0177154541015625 0.0945281982421875
0 0.40966796875 0.19012451171875 0.0192413330078125 0.107269287109375
0 0.367919921875 0.07419586181640625 0.0218658447265625 0.10284423828125
0 0.5654296875 0.07537841796875 0.0207672119140625 0.1120758056640625
0 0.66748046875 0.2740478515625 0.02056884765625 0.103607177734375
0 0.2401123046875 0.23193359375 0.0210113525390625 0.116424560546875
0 0.435302734375 0.04871368408203125 0.020721435546875 0.0888824462890625
0 0.1788330078125 0.22430419921875 0.0197601318359375 0.0954437255859375
0 0.240478515625 0.07419586181640625 0.0184783935546875 0.095062255859375
0 0.03424072265625 0.77880859375 0.041534423828125 0.1502227783203125
0 0.2108154296875 0.206146240234375 0.0182342529296875 0.0946807861328125
0 0.939453125 0.1016998291015625 0.019012451171875 0.087890625
0 0.0087432861328125 0.210113525390625 0.017303466796875 0.1153564453125
0 0.84228515625 0.27099609375 0.0255126953125 0.109100341796875
0 0.5322265625 0.1018524169921875 0.0179901123046875 0.091705322265625
0 0.94189453125 0.25360107421875 0.02484130859375 0.1397705078125
0 0.86669921875 0.0849151611328125 0.02203369140625 0.0989532470703125
0 0.97119140625 0.1064300537109375 0.0174407958984375 0.086517333984375
0 0.038543701171875 0.24932861328125 0.020416259765625 0.1044464111328125
0 0.73974609375 0.31341552734375 0.019683837890625 0.0962066650390625