0 0.44959278396117247 0.28331659777226276 0.02265968901609493 0.1065315194446065
0 0.3681640625 0.07114410400390625 0.0227203369140625 0.107269287109375
0 0.06878662109375 0.085906982421875 0.021453857421875 0.10009765625
0 0.6728515625 0.20965576171875 0.0210418701171875 0.1110076904296875
0 0.73388671875 0.1560211181640625 0.015838623046875 0.08392333984375
0 0.53125 0.0954437255859375 0.018157958984375 0.096893310546875
0 0.5673828125 0.276031494140625 0.0200653076171875 0.0955963134765625
0 0.78076171875 0.222625732421875 0.0189361572265625 0.0872039794921875
0 0.65966796875 0.0540924072265625 0.017242431640625 0.107421875
0 0.33251953125 0.052642822265625 0.017913818359375 0.0989532470703125
0 0.15966796875 0.0540924072265625 0.0196075439453125 0.1026153564453125
0 0.43359375 0.054931640625 0.018798828125 0.0914764404296875
0 0.271240234375 0.10345458984375 0.0225372314453125 0.091705322265625
0 0.1275634765625 0.26702880859375 0.0273284912109375 0.1263427734375
0 0.410888671875 0.211639404296875 0.02276611328125 0.1251983642578125
0 0.2437744140625 0.2764892578125 0.0240020751953125 0.0872039794921875
0 0.23876953125 0.062408447265625 0.01934814453125 0.0846099853515625
0 0.348876953125 0.282745361328125 0.0203399658203125 0.1184844970703125
0 0.93896484375 0.05710601806640625 0.0191192626953125 0.079193115234375
0 0.6298828125 0.1392364501953125 0.0217742919921875 0.1055908203125
0 0.0360107421875 0.7403564453125 0.0413818359375 0.11688232421875
0 0.12890625 0.124664306640625 0.015960693359375 0.106658935546875
0 0.94189453125 0.26702880859375 0.02069091796875 0.099945068359375
0 0.8095703125 0.17242431640625 0.019561767578125 0.1082611083984375
0 0.044586181640625 0.276031494140625 0.02056884765625 0.11016845703125
0 0.8427734375 0.1082611083984375 0.0173797607421875 0.05535125732421875
0 0.83740234375 0.236663818359375 0.0231475830078125 0.0925445556640625
0 0.74658203125 0.29327392578125 0.024993896484375 0.093841552734375
0 0.91015625 0.17974853515625 0.0222015380859375 0.115966796875
0 0.52880859375 0.279693603515625 0.02386474609375 0.1087188720703125
0 0.03582763671875 0.05245208740234375 0.0192718505859375 0.0836181640625