0 0.5180650000000001 0.2536 0.02443 0.1217
0 0.17138499999999998 0.25405 0.021485 0.10285
0 0.8583999999999999 0.08460000000000001 0.019684999999999998 0.10285
0 0.129515 0.111475 0.02298 0.09995
0 0.6415700000000001 0.23345 0.02519 0.110875
0 0.5585950000000001 0.290075 0.022505 0.09895
0 0.358645 0.284875 0.0217 0.10147500000000001
0 0.23987 0.25832499999999997 0.023024999999999997 0.10345
0 0.756835 0.05665 0.0208 0.10742499999999999
0 0.047515 0.287475 0.02466 0.090475
0 0.20984 0.16204999999999997 0.019425 0.08460000000000001
0 0.93213 0.1525 0.016845 0.07835
0 0.43799 0.0478 0.019010000000000003 0.08522500000000001
0 0.944335 0.28855000000000003 0.020645 0.09505000000000001
0 0.66992 0.0859 0.019059999999999997 0.09095
0 0.33398500000000003 0.08927500000000001 0.02208 0.094375
0 0.728515 0.13275 0.021285000000000002 0.102625
0 0.010565 0.2034 0.020845 0.103825
0 0.440185 0.2588 0.02246 0.103825
0 0.8237300000000001 0.09895 0.023695 0.10994999999999999
0 0.96289 0.06715 0.016585000000000003 0.073925
0 0.31836000000000003 0.26215 0.022765 0.094675
0 0.160645 0.049850000000000005 0.016665 0.094
0 0.270265 0.1007 0.02208 0.09505000000000001
0 0.822265 0.27497499999999997 0.02194 0.11574999999999999
0 0.63916 0.095975 0.018125 0.0862
0 0.037535 0.07225 0.022324999999999998 0.0862
0 0.40942500000000004 0.1674 0.02025 0.10825
0 0.56836 0.0695 0.0188 0.088575
0 0.7251000000000001 0.2823 0.026199999999999998 0.118025
0 0.03409 0.735475 0.04535 0.116875