0 0.032945 0.7542 0.036594999999999996 0.1643
0 0.93164 0.314625 0.021745 0.10765000000000001
0 0.649415 0.27907499999999996 0.023515 0.13275
0 0.7631849999999999 0.2394 0.02965 0.1422
0 0.9648450000000001 0.06215 0.016845 0.094375
0 0.609865 0.22460000000000002 0.019195 0.1052
0 0.36279500000000003 0.070575 0.01964 0.09505000000000001
0 0.14452500000000001 0.27045 0.023835000000000002 0.1036
0 0.06323 0.24705 0.02527 0.123975
0 0.720705 0.26505 0.026260000000000002 0.1191
0 0.34032999999999997 0.32104999999999995 0.02109 0.1085
0 0.870115 0.154575 0.01219 0.09634999999999999
0 0.563965 0.0571 0.018725000000000002 0.09880000000000001
0 0.43921 0.260625 0.020965 0.111625
0 0.377195 0.234525 0.018585 0.10545
0 0.169435 0.0917 0.02208 0.10825
0 0.80908 0.18035 0.01634 0.106425
0 0.26294 0.058675 0.024475 0.114675
0 0.470215 0.09805 0.018435 0.098425
0 0.729005 0.128775 0.021165 0.09765
0 0.9311499999999999 0.1052 0.020495 0.09972500000000001
0 0.25879 0.24475000000000002 0.02562 0.12092499999999999
0 0.841795 0.07919999999999999 0.016465 0.08522500000000001
0 0.031145 0.082925 0.019530000000000002 0.094375
0 0.06561499999999999 0.103225 0.01837 0.094675
0 0.44043 0.060725 0.01979 0.1011
0 0.222655 0.298775 0.024274999999999998 0.11445
0 0.53076 0.09675 0.02104 0.10742499999999999
0 0.5302749999999999 0.3128 0.02208 0.111625
0 0.13647499999999999 0.05305 0.018539999999999997 0.085525
0 0.6367200000000001 0.10825 0.016524999999999998 0.07980000000000001