0 0.03277587890625 0.7525634765625 0.040313720703125 0.194091796875
0 0.271728515625 0.242462158203125 0.023284912109375 0.1055908203125
0 0.131103515625 0.145721435546875 0.018829345703125 0.0995635986328125
0 0.367919921875 0.1195526123046875 0.0207977294921875 0.0954437255859375
0 0.55078125 0.276031494140625 0.027008056640625 0.117340087890625
0 0.41796875 0.26214599609375 0.03338623046875 0.1320648193359375
0 0.8681640625 0.0911712646484375 0.021484375 0.1032257080078125
0 0.2313232421875 0.1361083984375 0.017578125 0.085906982421875
0 0.9111328125 0.207366943359375 0.024566650390625 0.118255615234375
0 0.64208984375 0.267486572265625 0.019866943359375 0.09857177734375
0 0.14111328125 0.277557373046875 0.02191162109375 0.1044464111328125
0 0.427978515625 0.1209259033203125 0.021820068359375 0.100860595703125
0 0.8359375 0.0489044189453125 0.0185089111328125 0.0901031494140625
0 0.033843994140625 0.09185791015625 0.0163421630859375 0.09674072265625
0 0.70947265625 0.15838623046875 0.0206451416015625 0.10284423828125
0 0.307861328125 0.17242431640625 0.0182342529296875 0.10223388671875
0 0.460693359375 0.053253173828125 0.0162200927734375 0.1052093505859375
0 0.73681640625 0.21881103515625 0.0197601318359375 0.098419189453125
0 0.66943359375 0.085906982421875 0.01934814453125 0.09185791015625
0 0.9375 0.1016998291015625 0.0186920166015625 0.0820159912109375
0 0.94873046875 0.2484130859375 0.0230712890625 0.10345458984375
0 0.334716796875 0.05245208740234375 0.020416259765625 0.0989532470703125
0 0.8427734375 0.265960693359375 0.021820068359375 0.11077880859375
0 0.018096923828125 0.288543701171875 0.0215301513671875 0.10284423828125
0 0.1754150390625 0.211639404296875 0.020965576171875 0.1166534423828125
0 0.058349609375 0.27252197265625 0.0223236083984375 0.109100341796875
0 0.7705078125 0.14739990234375 0.018829345703125 0.07476806640625
0 0.63818359375 0.059814453125 0.020599365234375 0.0945281982421875
0 0.263671875 0.059356689453125 0.0169830322265625 0.0855255126953125
0 0.5126953125 0.2484130859375 0.020599365234375 0.0750732421875
0 0.56982421875 0.1317596435546875 0.0188751220703125 0.06313323974609375