0 0.409423828125 0.180816650390625 0.0204925537109375 0.1126861572265625
0 0.27880859375 0.209197998046875 0.021453857421875 0.1004791259765625
0 0.440673828125 0.24200439453125 0.02191162109375 0.0946807861328125
0 0.66357421875 0.272979736328125 0.020416259765625 0.104827880859375
0 0.259521484375 0.06313323974609375 0.015838623046875 0.0820159912109375
0 0.8388671875 0.1003265380859375 0.01751708984375 0.096893310546875
0 0.87158203125 0.1110076904296875 0.01861572265625 0.0836181640625
0 0.9697265625 0.1256561279296875 0.01837158203125 0.07801055908203125
0 0.568359375 0.0823211669921875 0.0207672119140625 0.0965118408203125
0 0.51953125 0.262603759765625 0.0225067138671875 0.09765625
0 0.364501953125 0.0595855712890625 0.017852783203125 0.089569091796875
0 0.367919921875 0.27099609375 0.021209716796875 0.10223388671875
0 0.1395263671875 0.104827880859375 0.0170440673828125 0.0923919677734375
0 0.7705078125 0.123748779296875 0.021209716796875 0.0774383544921875
0 0.470458984375 0.1451873779296875 0.0173797607421875 0.0774383544921875
0 0.058349609375 0.269927978515625 0.02203369140625 0.09857177734375
0 0.1407470703125 0.257720947265625 0.0197601318359375 0.08331298828125
0 0.91259765625 0.238494873046875 0.0224609375 0.09307861328125
0 0.3310546875 0.1012420654296875 0.02001953125 0.1003265380859375
0 0.7109375 0.19775390625 0.017578125 0.0750732421875
0 0.2325439453125 0.153350830078125 0.0171051025390625 0.0783538818359375
0 0.93603515625 0.0868988037109375 0.0211181640625 0.0899505615234375
0 0.623046875 0.265045166015625 0.0201416015625 0.1226043701171875
0 0.0174407958984375 0.2655029296875 0.0279083251953125 0.0943756103515625
0 0.66357421875 0.0595855712890625 0.0186920166015625 0.1081085205078125
0 0.810546875 0.1959228515625 0.0212860107421875 0.1044464111328125
0 0.53271484375 0.1195526123046875 0.018768310546875 0.0872039794921875
0 0.1715087890625 0.12115478515625 0.0201416015625 0.0914764404296875
0 0.06903076171875 0.1166534423828125 0.018768310546875 0.070037841796875
0 0.0343017578125 0.7537841796875 0.03143310546875 0.157470703125
0 0.7421875 0.0705718994140625 0.0182647705078125 0.0540924072265625