0 0.3125 0.23545000000000002 0.026914999999999998 0.121375
0 0.26709 0.070575 0.02034 0.100475
0 0.53662 0.10765000000000001 0.0184 0.0924
0 0.84082 0.2626 0.02443 0.12
0 0.7680650000000001 0.1323 0.01961 0.1104
0 0.45923 0.281225 0.021775 0.104825
0 0.33178500000000005 0.10185000000000001 0.020765000000000002 0.094375
0 0.41821499999999995 0.2475 0.026504999999999997 0.11932499999999999
0 0.96582 0.10619999999999999 0.017515 0.0859
0 0.1698 0.133275 0.019835000000000002 0.094675
0 0.060975 0.0605 0.024050000000000002 0.108725
0 0.85742 0.045825 0.018615 0.089575
0 0.5708 0.09505000000000001 0.0222 0.0949
0 0.654785 0.066875 0.026765 0.111225
0 0.8305650000000001 0.154575 0.022675 0.103225
0 0.06731999999999999 0.222175 0.021575 0.1011
0 0.25317500000000004 0.283825 0.02382 0.107875
0 0.66992 0.24245 0.02298 0.1323
0 0.509765 0.22002500000000003 0.020445 0.12442500000000001
0 0.14001499999999997 0.27754999999999996 0.022155 0.055575
0 0.23266499999999998 0.06715 0.022535 0.1056
0 0.029755 0.129025 0.02034 0.10505
0 0.9335950000000001 0.111625 0.019530000000000002 0.09117499999999999
0 0.7368150000000001 0.099175 0.018615 0.09025
0 0.75342 0.287925 0.019379999999999998 0.09292500000000001
0 0.034195 0.7444 0.04471 0.112925
0 0.10895 0.18387499999999998 0.01927 0.083925
0 0.62451 0.09185 0.01964 0.102075
0 0.9697250000000001 0.2597 0.023605 0.082325
0 0.353045 0.2409 0.020905 0.152725
0 0.42993000000000003 0.0695 0.017305 0.09727499999999999