0 0.37133999999999995 0.234975 0.025465 0.11535000000000001
0 0.05646 0.249775 0.028765 0.1361
0 0.135865 0.065625 0.020765000000000002 0.09895
0 0.06476000000000001 0.0975 0.023239999999999997 0.102225
0 0.330565 0.1361 0.01834 0.1007
0 0.7456050000000001 0.27754999999999996 0.022324999999999998 0.098575
0 0.7094750000000001 0.192725 0.019059999999999997 0.099575
0 0.02591 0.064125 0.02017 0.10932499999999999
0 0.46288999999999997 0.28275 0.023559999999999998 0.116425
0 0.836915 0.296625 0.027010000000000003 0.12612500000000001
0 0.6552749999999999 0.056875 0.023649999999999997 0.111625
0 0.5668949999999999 0.076825 0.020524999999999998 0.09972500000000001
0 0.428465 0.076525 0.019195 0.10505
0 0.14799500000000002 0.2443 0.02141 0.10210000000000001
0 0.631835 0.26795 0.027114999999999997 0.13175
0 0.26953 0.07595 0.018435 0.08689999999999999
0 0.36255000000000004 0.05665 0.018905 0.089575
0 0.824705 0.09765 0.02434 0.1056
0 0.422365 0.263525 0.02817 0.12304999999999999
0 0.033784999999999996 0.755 0.03781 0.151675
0 0.23510499999999998 0.069775 0.020524999999999998 0.0953
0 0.93213 0.09895 0.018510000000000002 0.0956
0 0.66992 0.24567499999999998 0.018435 0.1191
0 0.737305 0.065625 0.019559999999999998 0.098575
0 0.524415 0.3032 0.02092 0.10147500000000001
0 0.564455 0.254525 0.024274999999999998 0.10505
0 0.8549800000000001 0.05485 0.016725 0.1097
0 0.250245 0.283825 0.02162 0.104225
0 0.94824 0.24337499999999998 0.027524999999999997 0.130775
0 0.16919 0.121925 0.01837 0.09292500000000001
0 0.90967 0.20385 0.02124 0.1155