0 0.97021484375 0.100860595703125 0.019012451171875 0.0849151611328125
0 0.56640625 0.286865234375 0.021697998046875 0.1016998291015625
0 0.8330078125 0.0849151611328125 0.0179901123046875 0.0911712646484375
0 0.6357421875 0.28961181640625 0.0204925537109375 0.0926971435546875
0 0.341064453125 0.06870269775390625 0.0215301513671875 0.0911712646484375
0 0.76904296875 0.207366943359375 0.0240478515625 0.103607177734375
0 0.67333984375 0.2447509765625 0.0236053466796875 0.1161956787109375
0 0.81982421875 0.2874755859375 0.0226287841796875 0.11016845703125
0 0.4404296875 0.2606201171875 0.0213623046875 0.1026153564453125
0 0.46875 0.0963592529296875 0.021087646484375 0.1012420654296875
0 0.309326171875 0.166015625 0.0196075439453125 0.1024627685546875
0 0.7265625 0.1093292236328125 0.0272216796875 0.117340087890625
0 0.03460693359375 0.1277923583984375 0.017578125 0.0771331787109375
0 0.8603515625 0.265960693359375 0.0246124267578125 0.1032257080078125
0 0.9384765625 0.097808837890625 0.0203399658203125 0.089569091796875
0 0.73291015625 0.3082275390625 0.019012451171875 0.1293182373046875
0 0.438232421875 0.04985809326171875 0.0189056396484375 0.086517333984375
0 0.91015625 0.198211669921875 0.0225830078125 0.0972747802734375
0 0.230712890625 0.113983154296875 0.01678466796875 0.1039886474609375
0 0.256591796875 0.06336212158203125 0.0186920166015625 0.106048583984375
0 0.33984375 0.267486572265625 0.0222015380859375 0.10345458984375
0 0.53271484375 0.0962066650390625 0.0190582275390625 0.0962066650390625
0 0.1685791015625 0.07801055908203125 0.017913818359375 0.093994140625
0 0.1114501953125 0.232391357421875 0.02288818359375 0.097808837890625
0 0.52734375 0.286407470703125 0.0225372314453125 0.106658935546875
0 0.276123046875 0.228424072265625 0.017242431640625 0.09918212890625
0 0.070068359375 0.09063720703125 0.0179901123046875 0.07450103759765625
0 0.63134765625 0.1424407958984375 0.01837158203125 0.0852203369140625
0 0.06109619140625 0.27557373046875 0.026763916015625 0.116424560546875
0 0.1358642578125 0.0600433349609375 0.0213623046875 0.0980377197265625
0 0.033477783203125 0.7513427734375 0.028167724609375 0.207366943359375