0 0.63867 0.30885 0.0208 0.10300000000000001
0 0.040375 0.266575 0.02434 0.12237500000000001
0 0.7407250000000001 0.24017499999999997 0.024050000000000002 0.10445
0 0.80957 0.198975 0.02069 0.10705
0 0.240965 0.264125 0.022765 0.09727499999999999
0 0.67383 0.21682500000000002 0.019989999999999997 0.10932499999999999
0 0.9677749999999999 0.1142 0.020095 0.08927500000000001
0 0.6606449999999999 0.061925 0.018935 0.10147500000000001
0 0.5268550000000001 0.09385 0.02208 0.11664999999999999
0 0.83789 0.0687 0.018935 0.09117499999999999
0 0.03418 0.7367 0.036715000000000005 0.163875
0 0.55908 0.09117499999999999 0.022505 0.112525
0 0.9335950000000001 0.08789999999999999 0.016725 0.08109999999999999
0 0.44726499999999997 0.27449999999999997 0.02246 0.10619999999999999
0 0.8427749999999999 0.2832 0.018725000000000002 0.076525
0 0.07135 0.2324 0.020495 0.116425
0 0.7417 0.108725 0.016465 0.05934999999999999
0 0.770995 0.12375 0.01738 0.07115
0 0.110655 0.214375 0.021285000000000002 0.10460000000000001
0 0.466555 0.07277499999999999 0.0193 0.1001
0 0.40991000000000005 0.19975 0.021485 0.123975
0 0.370605 0.24795 0.02542 0.12564999999999998
0 0.327635 0.097125 0.023024999999999997 0.11535000000000001
0 0.14966 0.28275 0.02133 0.100475
0 0.026350000000000002 0.11825 0.02022 0.08994999999999999
0 0.567385 0.211175 0.01718 0.118875
0 0.13562000000000002 0.068425 0.021455 0.10345
0 0.26953 0.09117499999999999 0.020645 0.09820000000000001
0 0.238405 0.05085 0.018234999999999998 0.087575
0 0.959275 0.29055 0.02162 0.096175
0 0.332765 0.26505 0.01834 0.11664999999999999