0 0.35989499999999996 0.27342500000000003 0.019885 0.1353
0 0.44458 0.302575 0.019010000000000003 0.099175
0 0.97217 0.18280000000000002 0.02434 0.10679999999999999
0 0.43115 0.11359999999999999 0.02034 0.10445
0 0.56592 0.272075 0.01898 0.113975
0 0.041625 0.057325 0.017105000000000002 0.0795
0 0.63037 0.09995 0.01799 0.104225
0 0.74121 0.21850000000000003 0.02246 0.112675
0 0.009710000000000002 0.190125 0.018905 0.094375
0 0.13843 0.25635 0.023515 0.08927500000000001
0 0.037535 0.219725 0.024565 0.111475
0 0.8554700000000001 0.23545000000000002 0.023695 0.11664999999999999
0 0.317625 0.253 0.02655 0.1252
0 0.6367200000000001 0.28015 0.02153 0.1348
0 0.953615 0.043925 0.019195 0.08785
0 0.6728500000000001 0.2507 0.019864999999999997 0.102625
0 0.327395 0.083925 0.017305 0.139
0 0.476565 0.20079999999999998 0.01837 0.11230000000000001
0 0.529295 0.09307499999999999 0.01909 0.114675
0 0.92969 0.1551 0.02124 0.097125
0 0.1701 0.103225 0.022719999999999997 0.09359999999999999
0 0.5634750000000001 0.054924999999999995 0.017715 0.10185000000000001
0 0.27051 0.12710000000000002 0.02298 0.068175
0 0.70996 0.178075 0.01961 0.11535000000000001
0 0.10968000000000001 0.15365 0.02017 0.082025
0 0.033905000000000005 0.755 0.029755 0.149925
0 0.82959 0.0742 0.024274999999999998 0.105825
0 0.817385 0.2797 0.017855 0.11932499999999999
0 0.768555 0.12375 0.017045 0.094675
0 0.21171500000000001 0.2066 0.021055 0.08460000000000001
0 0.239405 0.0817 0.015585000000000002 0.088575