0 0.317385 0.2559 0.02452 0.122825
0 0.35913 0.24932500000000002 0.02194 0.1097
0 0.543945 0.24109999999999998 0.023239999999999997 0.118875
0 0.510255 0.2298 0.02017 0.10665
0 0.9350599999999999 0.19715 0.022245 0.094675
0 0.236815 0.319825 0.019715 0.10085000000000001
0 0.366455 0.103225 0.019945 0.09362500000000001
0 0.26244999999999996 0.06922500000000001 0.01724 0.097125
0 0.14782499999999998 0.2977 0.02298 0.102625
0 0.276365 0.23895 0.02014 0.1104
0 0.6103500000000001 0.2336 0.01724 0.10505
0 0.841795 0.26747499999999996 0.023725000000000003 0.10345
0 0.037325000000000004 0.059125 0.02121 0.098425
0 0.15613 0.062400000000000004 0.019835000000000002 0.0956
0 0.4646 0.0674 0.019915 0.09634999999999999
0 0.53662 0.063625 0.019915 0.10300000000000001
0 0.66992 0.107875 0.0206 0.09415
0 0.04132 0.22675 0.021285000000000002 0.107275
0 0.03131 0.747675 0.0365 0.210425
0 0.637695 0.078 0.01738 0.084925
0 0.43017500000000003 0.31555 0.019835000000000002 0.10147500000000001
0 0.010255 0.213625 0.02051 0.09362500000000001
0 0.75 0.248425 0.020524999999999998 0.11055
0 0.90918 0.143825 0.020845 0.103825
0 0.177245 0.19454999999999997 0.02133 0.09765
0 0.43115 0.09895 0.018585 0.09415
0 0.9414049999999999 0.09095 0.016585000000000003 0.07980000000000001
0 0.769045 0.12115000000000001 0.01961 0.097125
0 0.7353500000000001 0.0703 0.020845 0.1017
0 0.8085950000000001 0.166325 0.01738 0.09972500000000001
0 0.868165 0.088875 0.023239999999999997 0.10125