0 0.12212999999999999 0.30655 0.023864999999999997 0.13665
0 0.9711900000000001 0.1097 0.02017 0.0924
0 0.31592000000000003 0.242 0.023774999999999998 0.1091
0 0.47607499999999997 0.23895 0.019350000000000003 0.0872
0 0.239745 0.238025 0.022295000000000002 0.09805
0 0.569825 0.10665 0.017045 0.0872
0 0.729005 0.106425 0.021865 0.10619999999999999
0 0.270995 0.11359999999999999 0.020524999999999998 0.0949
0 0.44702 0.27497499999999997 0.0206 0.09880000000000001
0 0.36719 0.07195 0.02089 0.1001
0 0.21094 0.21285 0.020415 0.0882
0 0.86914 0.125425 0.021485 0.09117499999999999
0 0.83789 0.22675 0.023375 0.118875
0 0.45874000000000004 0.06585 0.016845 0.09345
0 0.53711 0.222175 0.024095 0.123975
0 0.125855 0.091325 0.029875 0.1226
0 0.03229 0.7507250000000001 0.03488 0.169825
0 0.91211 0.234975 0.02057 0.09634999999999999
0 0.93701 0.112075 0.019864999999999997 0.099175
0 0.06891 0.13535 0.021865 0.11735
0 0.15979 0.0536 0.014335 0.1072
0 0.756835 0.090625 0.02092 0.099325
0 0.6601549999999999 0.283825 0.022629999999999997 0.10185000000000001
0 0.03595 0.26899999999999996 0.020445 0.078575
0 0.740235 0.26747499999999996 0.02475 0.1085
0 0.8427749999999999 0.1091 0.016665 0.08109999999999999
0 0.666015 0.06145 0.018905 0.0962
0 0.510255 0.19302499999999997 0.021455 0.082925
0 0.61914 0.257725 0.02382 0.1323
0 0.00984 0.17149999999999999 0.019684999999999998 0.058899999999999994
0 0.333415 0.113125 0.019035 0.09432499999999999