0 0.532715 0.077125 0.021775 0.1052
0 0.632325 0.10445 0.018435 0.09095
0 0.9101549999999999 0.20462499999999997 0.02165 0.102225
0 0.8447250000000001 0.254525 0.02124 0.11445
0 0.942385 0.24567499999999998 0.02208 0.09820000000000001
0 0.768555 0.24932500000000002 0.022109999999999998 0.1052
0 0.470705 0.095825 0.02194 0.084225
0 0.765135 0.099175 0.017855 0.09505000000000001
0 0.828615 0.115975 0.01622 0.116875
0 0.23352 0.08262499999999999 0.019684999999999998 0.088575
0 0.308105 0.2005 0.017715 0.08994999999999999
0 0.41186500000000004 0.2188 0.02136 0.107875
0 0.37133999999999995 0.118025 0.020524999999999998 0.09765
0 0.450195 0.28855000000000003 0.023195 0.0953
0 0.87549 0.222625 0.01578 0.111
0 0.134035 0.0859 0.01961 0.07835
0 0.6708999999999999 0.2507 0.02246 0.11185
0 0.219215 0.28855000000000003 0.02113 0.10765000000000001
0 0.268555 0.078 0.021285000000000002 0.10032500000000001
0 0.632815 0.314025 0.020370000000000003 0.104825
0 0.11798 0.2771 0.022585 0.103825
0 0.7319349999999999 0.1001 0.02136 0.10345
0 0.014175 0.252525 0.02646 0.124675
0 0.3396 0.1091 0.020445 0.0582
0 0.567385 0.10742499999999999 0.018690000000000002 0.087575
0 0.9697250000000001 0.1387 0.017515 0.08262499999999999
0 0.05646 0.236675 0.02838 0.133275
0 0.158935 0.26747499999999996 0.025865 0.0969
0 0.062104999999999994 0.09307499999999999 0.015365 0.11932499999999999
0 0.5146499999999999 0.23895 0.021455 0.108725
0 0.033205 0.7586750000000001 0.0206 0.2005