0 0.63867 0.076525 0.01554 0.1056
0 0.208985 0.181125 0.019835000000000002 0.10285
0 0.24597 0.278625 0.023285 0.10125
0 0.33911 0.2655 0.02542 0.10994999999999999
0 0.47119 0.25115 0.02017 0.09675
0 0.16626 0.249775 0.022934999999999997 0.104825
0 0.046994999999999995 0.2597 0.023864999999999997 0.10619999999999999
0 0.037965000000000006 0.10400000000000001 0.018935 0.09385
0 0.16626 0.07115 0.02014 0.0978
0 0.46631 0.07335 0.02034 0.0962
0 0.54492 0.257725 0.02289 0.10932499999999999
0 0.234255 0.05644999999999999 0.019715 0.1036
0 0.43188499999999996 0.137175 0.017715 0.08689999999999999
0 0.32715 0.1017 0.02414 0.11535000000000001
0 0.509765 0.208125 0.019425 0.09895
0 0.57129 0.14825 0.018875 0.087575
0 0.7773450000000001 0.236675 0.018935 0.097125
0 0.13196000000000002 0.12664999999999998 0.01898 0.08994999999999999
0 0.9594750000000001 0.057975000000000006 0.023329999999999997 0.10825
0 0.961425 0.27144999999999997 0.028489999999999998 0.1217
0 0.820995 0.270175 0.0214 0.1164
0 0.86133 0.287925 0.02121 0.10032500000000001
0 0.011550000000000001 0.214075 0.018125 0.1142
0 0.37207 0.2324 0.01439 0.136325
0 0.9171849999999999 0.25815 0.028050000000000002 0.09405
0 0.6694349999999999 0.13275 0.01834 0.088875
0 0.7333999999999999 0.1191 0.01764 0.08109999999999999
0 0.646485 0.260625 0.024995 0.08262499999999999
0 0.74707 0.27907499999999996 0.024095 0.10955
0 0.868165 0.07365000000000001 0.0193 0.087575
0 0.033325 0.7507250000000001 0.03528 0.17302499999999998