0 0.03338623046875 0.7464599609375 0.034942626953125 0.1727294921875
0 0.4296875 0.27557373046875 0.02691650390625 0.1190948486328125
0 0.54638671875 0.262603759765625 0.02423095703125 0.1120758056640625
0 0.57568359375 0.194854736328125 0.0254669189453125 0.1093292236328125
0 0.3701171875 0.149383544921875 0.0199432373046875 0.0943756103515625
0 0.90966796875 0.153656005859375 0.01898193359375 0.099334716796875
0 0.46826171875 0.265960693359375 0.0240020751953125 0.10345458984375
0 0.34130859375 0.08331298828125 0.0179901123046875 0.102081298828125
0 0.21435546875 0.261688232421875 0.022979736328125 0.1038360595703125
0 0.7705078125 0.1280975341796875 0.0194244384765625 0.0962066650390625
0 0.83935546875 0.259246826171875 0.0210113525390625 0.09918212890625
0 0.036834716796875 0.08758544921875 0.0162811279296875 0.0814056396484375
0 0.11029052734375 0.19927978515625 0.0224609375 0.108489990234375
0 0.1436767578125 0.252532958984375 0.0209197998046875 0.1045989990234375
0 0.4287109375 0.0921630859375 0.0209197998046875 0.1018524169921875
0 0.84033203125 0.05451202392578125 0.0219879150390625 0.0925445556640625
0 0.74755859375 0.2606201171875 0.0227203369140625 0.12115478515625
0 0.66845703125 0.26214599609375 0.0236968994140625 0.1131439208984375
0 0.2349853515625 0.07564544677734375 0.0196380615234375 0.099334716796875
0 0.338623046875 0.2349853515625 0.02423095703125 0.1064300537109375
0 0.1390380859375 0.1038360595703125 0.016021728515625 0.09490966796875
0 0.6328125 0.0989532470703125 0.0188751220703125 0.0921630859375
0 0.94091796875 0.0628662109375 0.01934814453125 0.089569091796875
0 0.55517578125 0.087890625 0.01490020751953125 0.095977783203125
0 0.6650390625 0.0997161865234375 0.0191192626953125 0.0914764404296875
0 0.80859375 0.1548004150390625 0.0182952880859375 0.089569091796875
0 0.96923828125 0.139007568359375 0.01837158203125 0.0836181640625
0 0.253173828125 0.250701904296875 0.0229339599609375 0.104217529296875
0 0.06915283203125 0.137939453125 0.0165863037109375 0.0846099853515625
0 0.73779296875 0.0705718994140625 0.01898193359375 0.09307861328125
0 0.0496826171875 0.272979736328125 0.0258026123046875 0.09490966796875