0 0.87548828125 0.242462158203125 0.020599365234375 0.1010894775390625
0 0.9443359375 0.27862548828125 0.021453857421875 0.1044464111328125
0 0.452392578125 0.054931640625 0.0239105224609375 0.107269287109375
0 0.73388671875 0.0885772705078125 0.0188751220703125 0.0962066650390625
0 0.6123046875 0.233612060546875 0.0237274169921875 0.1280975341796875
0 0.83837890625 0.292205810546875 0.0201416015625 0.1045989990234375
0 0.5673828125 0.276031494140625 0.0210113525390625 0.104217529296875
0 0.56494140625 0.059356689453125 0.0182342529296875 0.08819580078125
0 0.65234375 0.261688232421875 0.021697998046875 0.1058197021484375
0 0.439208984375 0.307159423828125 0.02508544921875 0.099945068359375
0 0.04052734375 0.06664276123046875 0.0165863037109375 0.0820159912109375
0 0.6357421875 0.107269287109375 0.0186920166015625 0.092926025390625
0 0.75634765625 0.27862548828125 0.0247039794921875 0.11688232421875
0 0.424072265625 0.116424560546875 0.0258636474609375 0.1125335693359375
0 0.35400390625 0.04947662353515625 0.018402099609375 0.0902557373046875
0 0.90966796875 0.19012451171875 0.0205230712890625 0.097503662109375
0 0.76904296875 0.12542724609375 0.01751708984375 0.0820159912109375
0 0.109130859375 0.17669677734375 0.0189361572265625 0.0958251953125
0 0.21533203125 0.25970458984375 0.021240234375 0.0972747802734375
0 0.372802734375 0.234527587890625 0.0207977294921875 0.1058197021484375
0 0.326171875 0.115966796875 0.0216217041015625 0.1116180419921875
0 0.2349853515625 0.093841552734375 0.0186920166015625 0.0952911376953125
0 0.97021484375 0.0954437255859375 0.020965576171875 0.101470947265625
0 0.8623046875 0.0980377197265625 0.0154876708984375 0.079498291015625
0 0.169189453125 0.1465606689453125 0.018798828125 0.0972747802734375
0 0.26904296875 0.12115478515625 0.0184326171875 0.0829315185546875
0 0.0102081298828125 0.201568603515625 0.018798828125 0.0885772705078125
0 0.140625 0.0768280029296875 0.015777587890625 0.078582763671875
0 0.53173828125 0.0965118408203125 0.020416259765625 0.1004791259765625
0 0.038909912109375 0.229339599609375 0.0224609375 0.1131439208984375
0 0.033203125 0.7476806640625 0.0310211181640625 0.15655517578125