0 0.5615234375 0.0676727294921875 0.0237274169921875 0.1175689697265625
0 0.442138671875 0.2679443359375 0.0231475830078125 0.1016998291015625
0 0.63037109375 0.145721435546875 0.0197601318359375 0.1007080078125
0 0.96630859375 0.222625732421875 0.0248870849609375 0.1038360595703125
0 0.8388671875 0.228424072265625 0.0246124267578125 0.124664306640625
0 0.17431640625 0.259246826171875 0.01953125 0.0921630859375
0 0.65966796875 0.0609588623046875 0.021087646484375 0.1052093505859375
0 0.1622314453125 0.070037841796875 0.018585205078125 0.0946807861328125
0 0.368408203125 0.1320648193359375 0.0199432373046875 0.094146728515625
0 0.4677734375 0.087890625 0.0224609375 0.1016998291015625
0 0.2091064453125 0.15167236328125 0.0196075439453125 0.0971221923828125
0 0.92724609375 0.26702880859375 0.03173828125 0.149383544921875
0 0.63720703125 0.269927978515625 0.0233306884765625 0.1161956787109375
0 0.30859375 0.1593017578125 0.018402099609375 0.109710693359375
0 0.0390625 0.25726318359375 0.022796630859375 0.0989532470703125
0 0.26953125 0.102996826171875 0.018157958984375 0.0934600830078125
0 0.52734375 0.079193115234375 0.0212860107421875 0.1153564453125
0 0.521484375 0.29388427734375 0.02630615234375 0.1221466064453125
0 0.70849609375 0.203399658203125 0.017242431640625 0.0981903076171875
0 0.2425537109375 0.1003265380859375 0.0182342529296875 0.093994140625
0 0.74072265625 0.1105499267578125 0.0189056396484375 0.0954437255859375
0 0.7412109375 0.256805419921875 0.019561767578125 0.105438232421875
0 0.80859375 0.1557159423828125 0.0191192626953125 0.093231201171875
0 0.06768798828125 0.084228515625 0.01898193359375 0.089569091796875
0 0.408203125 0.168609619140625 0.01812744140625 0.1045989990234375
0 0.00930023193359375 0.15777587890625 0.0186004638671875 0.1105499267578125
0 0.1409912109375 0.290679931640625 0.02044677734375 0.0952911376953125
0 0.9287109375 0.135345458984375 0.021942138671875 0.0936126708984375
0 0.869140625 0.1366424560546875 0.018585205078125 0.090484619140625
0 0.337158203125 0.0437164306640625 0.0184326171875 0.079193115234375
0 0.03436279296875 0.733642578125 0.040985107421875 0.16510009765625