0 0.2327880859375 0.286407470703125 0.021087646484375 0.1010894775390625
0 0.43603515625 0.300445556640625 0.02056884765625 0.1018524169921875
0 0.309814453125 0.214080810546875 0.018646240234375 0.094146728515625
0 0.5693359375 0.0899505615234375 0.0203399658203125 0.100860595703125
0 0.03582763671875 0.7403564453125 0.03436279296875 0.169525146484375
0 0.470703125 0.270538330078125 0.020843505859375 0.09765625
0 0.93798828125 0.247039794921875 0.0202178955078125 0.089569091796875
0 0.533203125 0.1275634765625 0.0204925537109375 0.1045989990234375
0 0.029144287109375 0.059356689453125 0.0199127197265625 0.0934600830078125
0 0.2322998046875 0.13458251953125 0.017578125 0.079803466796875
0 0.6455078125 0.292816162109375 0.0217742919921875 0.1114654541015625
0 0.371826171875 0.11016845703125 0.0191650390625 0.09918212890625
0 0.169921875 0.0911712646484375 0.01898193359375 0.10009765625
0 0.15673828125 0.2960205078125 0.020416259765625 0.1039886474609375
0 0.521484375 0.28167724609375 0.02056884765625 0.1003265380859375
0 0.46533203125 0.079193115234375 0.0189056396484375 0.096893310546875
0 0.2724609375 0.241546630859375 0.02276611328125 0.1087188720703125
0 0.9697265625 0.1026153564453125 0.020843505859375 0.0972747802734375
0 0.01363372802734375 0.254974365234375 0.0240478515625 0.1116180419921875
0 0.708984375 0.17578125 0.0188751220703125 0.099945068359375
0 0.1165771484375 0.251617431640625 0.0224609375 0.1082611083984375
0 0.73876953125 0.0609588623046875 0.0202484130859375 0.0952911376953125
0 0.33935546875 0.1114654541015625 0.0190582275390625 0.08758544921875
0 0.6552734375 0.0562286376953125 0.021240234375 0.11077880859375
0 0.62646484375 0.1123046875 0.0167236328125 0.1131439208984375
0 0.90869140625 0.143280029296875 0.01934814453125 0.089263916015625
0 0.77001953125 0.1313018798828125 0.019012451171875 0.0814056396484375
0 0.063720703125 0.0676727294921875 0.021697998046875 0.1103973388671875
0 0.87060546875 0.149383544921875 0.0189361572265625 0.0836181640625
0 0.8095703125 0.170440673828125 0.0174407958984375 0.091705322265625
0 0.841796875 0.0774383544921875 0.017852783203125 0.091705322265625