0 0.6159227143772193 0.27282393864386983 0.021664092729936434 0.12076689584242717
0 0.322998046875 0.2606201171875 0.02655029296875 0.12542724609375
0 0.1265869140625 0.1157379150390625 0.02508544921875 0.1293182373046875
0 0.46630859375 0.07167816162109375 0.0184783935546875 0.100860595703125
0 0.65380859375 0.239410400390625 0.0257110595703125 0.1175689697265625
0 0.7705078125 0.1114654541015625 0.021240234375 0.1050567626953125
0 0.2100830078125 0.1708984375 0.0180206298828125 0.100860595703125
0 0.8369140625 0.297698974609375 0.0211181640625 0.1003265380859375
0 0.36328125 0.09185791015625 0.0212860107421875 0.097808837890625
0 0.154541015625 0.0872039794921875 0.0180511474609375 0.09490966796875
0 0.53271484375 0.1195526123046875 0.0163421630859375 0.08819580078125
0 0.17138671875 0.185546875 0.027435302734375 0.135040283203125
0 0.03704833984375 0.0972747802734375 0.018646240234375 0.089263916015625
0 0.363525390625 0.2349853515625 0.0224609375 0.113372802734375
0 0.41064453125 0.233612060546875 0.0224151611328125 0.1126861572265625
0 0.875 0.242462158203125 0.0222930908203125 0.11383056640625
0 0.9638671875 0.276031494140625 0.0255126953125 0.1175689697265625
0 0.051849365234375 0.288543701171875 0.0211639404296875 0.1093292236328125
0 0.66552734375 0.06923675537109375 0.018798828125 0.1129150390625
0 0.93310546875 0.1325225830078125 0.0194244384765625 0.086212158203125
0 0.73828125 0.21636962890625 0.022979736328125 0.11077880859375
0 0.57861328125 0.2008056640625 0.0206451416015625 0.1082611083984375
0 0.27001953125 0.1496124267578125 0.019866943359375 0.06412506103515625
0 0.7421875 0.0988006591796875 0.0165863037109375 0.0783538818359375
0 0.92333984375 0.287933349609375 0.0225067138671875 0.0814056396484375
0 0.54736328125 0.301513671875 0.021453857421875 0.1045989990234375
0 0.433837890625 0.0595855712890625 0.020843505859375 0.1099395751953125
0 0.07122802734375 0.130767822265625 0.01763916015625 0.0913238525390625
0 0.2421875 0.084228515625 0.0200958251953125 0.0676727294921875
0 0.0333251953125 0.74951171875 0.036224365234375 0.18280029296875
0 0.86279296875 0.099945068359375 0.0173797607421875 0.07625579833984375