0 0.1614990234375 0.259246826171875 0.022674560546875 0.1161956787109375
0 0.82958984375 0.087890625 0.0203704833984375 0.09674072265625
0 0.2318115234375 0.14739990234375 0.017852783203125 0.07770538330078125
0 0.2447509765625 0.283203125 0.024749755859375 0.098419189453125
0 0.5498046875 0.2801513671875 0.0224151611328125 0.1093292236328125
0 0.63623046875 0.085906982421875 0.0179901123046875 0.1004791259765625
0 0.469970703125 0.100860595703125 0.0205230712890625 0.102081298828125
0 0.166259765625 0.1076507568359375 0.0182952880859375 0.0958251953125
0 0.345947265625 0.276031494140625 0.01983642578125 0.1007080078125
0 0.64990234375 0.2679443359375 0.021484375 0.1151275634765625
0 0.77099609375 0.18951416015625 0.0200653076171875 0.1110076904296875
0 0.4423828125 0.2685546875 0.022247314453125 0.10955810546875
0 0.5380859375 0.114898681640625 0.01751708984375 0.101470947265625
0 0.06890869140625 0.1277923583984375 0.0190582275390625 0.0902557373046875
0 0.40966796875 0.173797607421875 0.0188751220703125 0.104217529296875
0 0.74267578125 0.2685546875 0.0302734375 0.1366424560546875
0 0.278076171875 0.2008056640625 0.018646240234375 0.1007080078125
0 0.96728515625 0.0689697265625 0.0190582275390625 0.0913238525390625
0 0.8671875 0.27099609375 0.0228424072265625 0.099334716796875
0 0.037261962890625 0.04947662353515625 0.019378662109375 0.086212158203125
0 0.360595703125 0.06816864013671875 0.01751708984375 0.09185791015625
0 0.332275390625 0.1513671875 0.017578125 0.0817108154296875
0 0.9228515625 0.2740478515625 0.0246124267578125 0.120697021484375
0 0.1207275390625 0.267486572265625 0.022979736328125 0.109100341796875
0 0.75634765625 0.0925445556640625 0.0136871337890625 0.10009765625
0 0.96142578125 0.283203125 0.0196075439453125 0.0972747802734375
0 0.009342193603515625 0.17608642578125 0.01868438720703125 0.1082611083984375
0 0.61376953125 0.261688232421875 0.0208892822265625 0.1004791259765625
0 0.57080078125 0.1110076904296875 0.0222015380859375 0.079193115234375
0 0.82861328125 0.267486572265625 0.0258636474609375 0.1525115966796875
0 0.034881591796875 0.7586669921875 0.035552978515625 0.1479339599609375