0 0.30932499999999996 0.195325 0.022245 0.110175
0 0.27002 0.130775 0.019715 0.088875
0 0.139405 0.26170000000000004 0.022934999999999997 0.111625
0 0.34692500000000004 0.2771 0.02069 0.11574999999999999
0 0.15613 0.05665 0.016524999999999998 0.108725
0 0.24768 0.2588 0.02533 0.10300000000000001
0 0.44092000000000003 0.064125 0.016985 0.082325
0 0.06842000000000001 0.237575 0.022675 0.1217
0 0.913085 0.254975 0.022535 0.0901
0 0.6381849999999999 0.09269999999999999 0.01738 0.08460000000000001
0 0.9711900000000001 0.10032500000000001 0.020295 0.09415
0 0.029920000000000002 0.090475 0.01912 0.09895
0 0.40918 0.1709 0.019715 0.111625
0 0.173095 0.231925 0.0208 0.1091
0 0.21008500000000002 0.208425 0.01927 0.104825
0 0.523925 0.29895 0.02153 0.102925
0 0.332765 0.047599999999999996 0.02022 0.09292500000000001
0 0.563965 0.255425 0.02414 0.1097
0 0.7666000000000001 0.284875 0.02121 0.09995
0 0.813965 0.25115 0.019379999999999998 0.09972500000000001
0 0.853515 0.27497499999999997 0.02191 0.117575
0 0.766115 0.07365000000000001 0.019164999999999998 0.09765
0 0.43986000000000003 0.2688 0.0208 0.09335
0 0.53174 0.0872 0.01799 0.09307499999999999
0 0.03386 0.7503 0.033765 0.16579999999999998
0 0.062925 0.09385 0.019425 0.09255000000000001
0 0.64209 0.22765000000000002 0.024475 0.11955
0 0.86963 0.12710000000000002 0.018295000000000002 0.078575
0 0.6694349999999999 0.0859 0.01834 0.0908
0 0.9365249999999999 0.077125 0.018905 0.082925
0 0.73291 0.10185000000000001 0.01764 0.084925