0 0.050323486328125 0.24200439453125 0.0252227783203125 0.113372802734375
0 0.367919921875 0.06870269775390625 0.0187225341796875 0.0911712646484375
0 0.56689453125 0.07770538330078125 0.01666259765625 0.089569091796875
0 0.4404296875 0.25634765625 0.0205230712890625 0.0962066650390625
0 0.947265625 0.29876708984375 0.02215576171875 0.09918212890625
0 0.623046875 0.272979736328125 0.0241851806640625 0.116424560546875
0 0.97705078125 0.200042724609375 0.0234222412109375 0.1076507568359375
0 0.53173828125 0.13031005859375 0.0177764892578125 0.093841552734375
0 0.263427734375 0.05710601806640625 0.02288818359375 0.1018524169921875
0 0.5283203125 0.295562744140625 0.0216522216796875 0.1273345947265625
0 0.865234375 0.2764892578125 0.0228424072265625 0.1151275634765625
0 0.7744140625 0.198211669921875 0.0247039794921875 0.107269287109375
0 0.358642578125 0.28594970703125 0.021697998046875 0.104217529296875
0 0.260986328125 0.23712158203125 0.0252227783203125 0.11444091796875
0 0.6630859375 0.2838134765625 0.0211639404296875 0.109710693359375
0 0.1500244140625 0.247955322265625 0.0257110595703125 0.1151275634765625
0 0.2303466796875 0.11688232421875 0.0236968994140625 0.0980377197265625
0 0.06756591796875 0.070037841796875 0.018768310546875 0.089263916015625
0 0.33349609375 0.0846099853515625 0.021331787109375 0.1058197021484375
0 0.95751953125 0.059814453125 0.0169219970703125 0.0849151611328125
0 0.4423828125 0.078582763671875 0.0167236328125 0.089263916015625
0 0.1673583984375 0.106658935546875 0.020599365234375 0.0888824462890625
0 0.74072265625 0.269012451171875 0.0251312255859375 0.1068115234375
0 0.408935546875 0.21881103515625 0.0154876708984375 0.09490966796875
0 0.82421875 0.30487060546875 0.0199432373046875 0.100860595703125
0 0.6318359375 0.086517333984375 0.0190887451171875 0.0963592529296875
0 0.131103515625 0.05664825439453125 0.0201416015625 0.089569091796875
0 0.75634765625 0.089263916015625 0.0202484130859375 0.087890625
0 0.8681640625 0.0826263427734375 0.018768310546875 0.078582763671875
0 0.034698486328125 0.102996826171875 0.0187225341796875 0.0885772705078125
0 0.0322265625 0.7525634765625 0.035064697265625 0.168609619140625