0 0.4697265625 0.1366424560546875 0.017578125 0.0846099853515625
0 0.2646484375 0.2801513671875 0.0182342529296875 0.0902557373046875
0 0.9345703125 0.309906005859375 0.02655029296875 0.117340087890625
0 0.75 0.28594970703125 0.0230712890625 0.1044464111328125
0 0.7109375 0.210113525390625 0.0205230712890625 0.1024627685546875
0 0.66064453125 0.060272216796875 0.0194549560546875 0.09765625
0 0.1639404296875 0.0925445556640625 0.01983642578125 0.0888824462890625
0 0.3359375 0.04856109619140625 0.01971435546875 0.08819580078125
0 0.035675048828125 0.09765625 0.019378662109375 0.0946807861328125
0 0.96923828125 0.216827392578125 0.0264129638671875 0.1099395751953125
0 0.82666015625 0.084228515625 0.0248870849609375 0.1136016845703125
0 0.63134765625 0.143280029296875 0.0184783935546875 0.0885772705078125
0 0.440673828125 0.228424072265625 0.0200653076171875 0.10223388671875
0 0.5732421875 0.24017333984375 0.0246124267578125 0.108489990234375
0 0.736328125 0.07114410400390625 0.020843505859375 0.1058197021484375
0 0.9580078125 0.05123138427734375 0.01953125 0.0913238525390625
0 0.1297607421875 0.09063720703125 0.024139404296875 0.109710693359375
0 0.163818359375 0.237579345703125 0.023468017578125 0.09307861328125
0 0.82275390625 0.28961181640625 0.025177001953125 0.1081085205078125
0 0.85888671875 0.232391357421875 0.024932861328125 0.115966796875
0 0.343017578125 0.262603759765625 0.0224151611328125 0.107269287109375
0 0.266845703125 0.067138671875 0.01812744140625 0.089263916015625
0 0.2318115234375 0.1007080078125 0.0208892822265625 0.1026153564453125
0 0.5390625 0.271453857421875 0.0251312255859375 0.1064300537109375
0 0.30859375 0.1800537109375 0.0193023681640625 0.113983154296875
0 0.06793212890625 0.0783538818359375 0.020843505859375 0.09918212890625
0 0.0103759765625 0.198211669921875 0.020751953125 0.107879638671875
0 0.441650390625 0.0676727294921875 0.020416259765625 0.10345458984375
0 0.5576171875 0.05535125732421875 0.0206451416015625 0.0955963134765625
0 0.638671875 0.27557373046875 0.022796630859375 0.11016845703125
0 0.0345458984375 0.7452392578125 0.0343017578125 0.17242431640625