0 0.069825 0.257725 0.028059999999999998 0.117575
0 0.43994 0.057325 0.017045 0.085525
0 0.437745 0.255425 0.02034 0.10285
0 0.970705 0.10445 0.01877 0.0962
0 0.33374000000000004 0.088875 0.019454999999999997 0.089575
0 0.6708999999999999 0.2626 0.02571 0.1056
0 0.156615 0.046150000000000004 0.019454999999999997 0.09185
0 0.748535 0.27344999999999997 0.020765000000000002 0.09292500000000001
0 0.62842 0.0949 0.018615 0.09805
0 0.03102 0.267025 0.022629999999999997 0.111225
0 0.31885 0.27144999999999997 0.023149999999999997 0.10932499999999999
0 0.410155 0.15960000000000002 0.020765000000000002 0.1056
0 0.94092 0.27497499999999997 0.020765000000000002 0.091325
0 0.8481449999999999 0.2797 0.022719999999999997 0.106425
0 0.129885 0.133825 0.0184 0.08927500000000001
0 0.053590000000000006 0.0661 0.023774999999999998 0.11077500000000001
0 0.771485 0.10955 0.020524999999999998 0.09385
0 0.366455 0.1142 0.018539999999999997 0.0917
0 0.25708 0.05535 0.02284 0.1052
0 0.523925 0.2864 0.02484 0.12664999999999998
0 0.90967 0.184175 0.021745 0.10032500000000001
0 0.836425 0.094 0.020524999999999998 0.088875
0 0.5649400000000001 0.25925 0.022675 0.10147500000000001
0 0.56592 0.10825 0.01799 0.07980000000000001
0 0.23010499999999998 0.13505 0.019945 0.090475
0 0.23498500000000003 0.264125 0.024274999999999998 0.112525
0 0.73584 0.11445 0.017775 0.09025
0 0.81299 0.26015 0.019559999999999998 0.083625
0 0.6315449999999999 0.28655 0.027925000000000002 0.123775
0 0.170655 0.219275 0.026705 0.1191
0 0.0366 0.7391249999999999 0.035115 0.18280000000000002