0 0.43432499999999996 0.0924 0.018125 0.08927500000000001
0 0.33178500000000005 0.09185 0.01744 0.08994999999999999
0 0.64258 0.266575 0.021745 0.107275
0 0.7299800000000001 0.2626 0.024095 0.1017
0 0.3256 0.30372499999999997 0.02112 0.09515000000000001
0 0.46142500000000003 0.275575 0.023195 0.118025
0 0.41968 0.293275 0.02002 0.09675
0 0.242065 0.305475 0.0217 0.10460000000000001
0 0.7695299999999999 0.22385000000000002 0.028105 0.13
0 0.8373999999999999 0.271 0.025865 0.1252
0 0.112425 0.2475 0.02124 0.103825
0 0.6757799999999999 0.207375 0.023559999999999998 0.113975
0 0.561035 0.089575 0.019684999999999998 0.088875
0 0.13684000000000002 0.072525 0.020415 0.099325
0 0.5737300000000001 0.22719999999999999 0.023605 0.117575
0 0.073975 0.195325 0.01401 0.13
0 0.27466 0.20309999999999997 0.018905 0.1081
0 0.8256849999999999 0.11512499999999999 0.01248 0.1435
0 0.9521499999999999 0.246575 0.023954999999999997 0.12564999999999998
0 0.042635 0.3038 0.015305 0.128775
0 0.365965 0.2588 0.02504 0.110175
0 0.5356449999999999 0.27802499999999997 0.02017 0.1226
0 0.25952 0.0582 0.01738 0.1097
0 0.14758500000000002 0.246575 0.02542 0.1091
0 0.03488 0.7489 0.033965 0.1677
0 0.8534299999999999 0.0863 0.016555 0.1143
0 0.05429 0.05644999999999999 0.017855 0.112925
0 0.967285 0.070575 0.01805 0.09820000000000001
0 0.729005 0.13817500000000002 0.014060000000000001 0.117575
0 0.93457 0.1001 0.01816 0.09545
0 0.63086 0.1522 0.01584 0.10300000000000001