0 0.0330810546875 0.7452392578125 0.041778564453125 0.118255615234375
0 0.334228515625 0.0783538818359375 0.0184783935546875 0.0911712646484375
0 0.22900390625 0.1064300537109375 0.0192413330078125 0.099334716796875
0 0.35693359375 0.26214599609375 0.0247039794921875 0.1082611083984375
0 0.06597900390625 0.07476806640625 0.0194549560546875 0.0955963134765625
0 0.467041015625 0.0722503662109375 0.018829345703125 0.0823211669921875
0 0.241455078125 0.276031494140625 0.0237274169921875 0.12542724609375
0 0.275390625 0.229339599609375 0.0208892822265625 0.109100341796875
0 0.97705078125 0.238037109375 0.0180511474609375 0.0868988037109375
0 0.5615234375 0.23895263671875 0.0222015380859375 0.113372802734375
0 0.1473388671875 0.30548095703125 0.01983642578125 0.095977783203125
0 0.06903076171875 0.27557373046875 0.020965576171875 0.0902557373046875
0 0.317626953125 0.280609130859375 0.02215576171875 0.10284423828125
0 0.433837890625 0.107879638671875 0.02001953125 0.1032257080078125
0 0.67138671875 0.188751220703125 0.0236968994140625 0.1244354248046875
0 0.5634765625 0.054759979248046875 0.0222015380859375 0.10951995849609375
0 0.1580810546875 0.0605010986328125 0.0153656005859375 0.08819580078125
0 0.427490234375 0.31524658203125 0.0197601318359375 0.0849151611328125
0 0.62841796875 0.1507568359375 0.01337432861328125 0.115509033203125
0 0.03289794921875 0.104827880859375 0.01861572265625 0.09490966796875
0 0.53076171875 0.1157379150390625 0.0207672119140625 0.0936126708984375
0 0.94677734375 0.2874755859375 0.021575927734375 0.102996826171875
0 0.13232421875 0.123748779296875 0.0211639404296875 0.0946807861328125
0 0.75390625 0.052127838134765625 0.012725830078125 0.10425567626953125
0 0.73583984375 0.301513671875 0.02484130859375 0.12237548828125
0 0.93310546875 0.124969482421875 0.0169219970703125 0.0888824462890625
0 0.72412109375 0.1064300537109375 0.0285491943359375 0.142974853515625
0 0.85791015625 0.286865234375 0.0220794677734375 0.1026153564453125
0 0.63671875 0.267486572265625 0.0257110595703125 0.12237548828125
0 0.83251953125 0.078887939453125 0.02069091796875 0.1026153564453125
0 0.81640625 0.24749755859375 0.021331787109375 0.107269287109375