0 0.2340087890625 0.084228515625 0.020416259765625 0.0820159912109375
0 0.529296875 0.1050567626953125 0.019989013671875 0.0972747802734375
0 0.67626953125 0.233154296875 0.0225067138671875 0.103607177734375
0 0.370361328125 0.1448822021484375 0.0189056396484375 0.0676727294921875
0 0.26904296875 0.0849151611328125 0.01971435546875 0.0955963134765625
0 0.439697265625 0.078582763671875 0.02056884765625 0.079498291015625
0 0.34033203125 0.24658203125 0.024993896484375 0.104217529296875
0 0.40966796875 0.1922607421875 0.0200653076171875 0.0925445556640625
0 0.0460205078125 0.291748046875 0.019378662109375 0.092010498046875
0 0.33984375 0.0768280029296875 0.01751708984375 0.08392333984375
0 0.83154296875 0.1125335693359375 0.01763916015625 0.085906982421875
0 0.443359375 0.276031494140625 0.0235595703125 0.07450103759765625
0 0.76904296875 0.1290130615234375 0.0182647705078125 0.0836181640625
0 0.87451171875 0.234527587890625 0.0224609375 0.1076507568359375
0 0.169921875 0.262603759765625 0.0222015380859375 0.089569091796875
0 0.56005859375 0.0899505615234375 0.01751708984375 0.091705322265625
0 0.13330078125 0.1131439208984375 0.020294189453125 0.0836181640625
0 0.63232421875 0.1470947265625 0.0179901123046875 0.0826263427734375
0 0.038238525390625 0.08392333984375 0.023468017578125 0.0771331787109375
0 0.97021484375 0.135040283203125 0.017181396484375 0.07801055908203125
0 0.9384765625 0.0695037841796875 0.018829345703125 0.07564544677734375
0 0.640625 0.286407470703125 0.021209716796875 0.0997161865234375
0 0.57275390625 0.21240234375 0.0179901123046875 0.1161956787109375
0 0.01056671142578125 0.218048095703125 0.0207977294921875 0.078887939453125
0 0.751953125 0.272979736328125 0.019195556640625 0.091705322265625
0 0.03314208984375 0.7421875 0.035614013671875 0.1641845703125
0 0.83740234375 0.318603515625 0.0200958251953125 0.09490966796875
0 0.73681640625 0.08758544921875 0.01934814453125 0.095062255859375
0 0.259521484375 0.29327392578125 0.021453857421875 0.10009765625
0 0.94580078125 0.25360107421875 0.0276947021484375 0.0936126708984375
0 0.166015625 0.100860595703125 0.0162200927734375 0.05146026611328125