0 0.06982421875 0.107421875 0.0184783935546875 0.092010498046875
0 0.0416259765625 0.07537841796875 0.0182952880859375 0.10345458984375
0 0.96923828125 0.146026611328125 0.0173797607421875 0.0868988037109375
0 0.93798828125 0.221710205078125 0.0214080810546875 0.1058197021484375
0 0.43212890625 0.1058197021484375 0.0180511474609375 0.0962066650390625
0 0.1329345703125 0.31463623046875 0.0255126953125 0.109710693359375
0 0.66796875 0.07564544677734375 0.018585205078125 0.102996826171875
0 0.01009368896484375 0.20843505859375 0.01751708984375 0.0911712646484375
0 0.85546875 0.05645751953125 0.022674560546875 0.093994140625
0 0.2322998046875 0.149078369140625 0.0170440673828125 0.08758544921875
0 0.347900390625 0.28594970703125 0.0194244384765625 0.10223388671875
0 0.2406005859375 0.29327392578125 0.0229339599609375 0.1142120361328125
0 0.333251953125 0.13153076171875 0.0185394287109375 0.095062255859375
0 0.43212890625 0.29388427734375 0.0225067138671875 0.1216888427734375
0 0.277587890625 0.226287841796875 0.0202178955078125 0.0954437255859375
0 0.56591796875 0.1010894775390625 0.0193023681640625 0.0913238525390625
0 0.91015625 0.169219970703125 0.02056884765625 0.115966796875
0 0.63330078125 0.1136016845703125 0.018829345703125 0.091705322265625
0 0.8271484375 0.1120758056640625 0.0252227783203125 0.1263427734375
0 0.76513671875 0.1016998291015625 0.0184326171875 0.093841552734375
0 0.7314453125 0.0914764404296875 0.0197601318359375 0.0963592529296875
0 0.8388671875 0.3155517578125 0.0257568359375 0.1190948486328125
0 0.6171875 0.2520751953125 0.0242767333984375 0.120697021484375
0 0.1614990234375 0.05390167236328125 0.0189361572265625 0.0972747802734375
0 0.7265625 0.27862548828125 0.0233306884765625 0.1213836669921875
0 0.521484375 0.270538330078125 0.024658203125 0.1256561279296875
0 0.12939453125 0.1010894775390625 0.0215301513671875 0.103607177734375
0 0.376708984375 0.239715576171875 0.0174407958984375 0.089263916015625
0 0.47021484375 0.2740478515625 0.0194549560546875 0.0954437255859375
0 0.53173828125 0.0852203369140625 0.0185089111328125 0.09674072265625
0 0.0345458984375 0.7489013671875 0.03662109375 0.177459716796875