0 0.923089405625317 0.2703946214864886 0.028870516836148906 0.12918340801203962
0 0.3418480401922408 0.0930795030071669 0.018198503726961805 0.07763581865171769
0 0.035003662109375 0.74951171875 0.0309600830078125 0.15960693359375
0 0.56982421875 0.0783538818359375 0.0184783935546875 0.0923919677734375
0 0.30859375 0.135040283203125 0.0185394287109375 0.08819580078125
0 0.2191162109375 0.2484130859375 0.029144287109375 0.127105712890625
0 0.168212890625 0.154571533203125 0.017578125 0.080108642578125
0 0.261474609375 0.22979736328125 0.0207672119140625 0.1313018798828125
0 0.67138671875 0.2606201171875 0.0211181640625 0.107421875
0 0.8583984375 0.05046844482421875 0.0184783935546875 0.08758544921875
0 0.14404296875 0.085906982421875 0.0169219970703125 0.10009765625
0 0.8759765625 0.21087646484375 0.023193359375 0.1221466064453125
0 0.262939453125 0.0995635986328125 0.019378662109375 0.1088714599609375
0 0.440185546875 0.0765228271484375 0.02044677734375 0.0954437255859375
0 0.47216796875 0.1103973388671875 0.0160980224609375 0.0952911376953125
0 0.8310546875 0.15106201171875 0.01934814453125 0.0921630859375
0 0.41064453125 0.2069091796875 0.0202484130859375 0.0943756103515625
0 0.7744140625 0.22216796875 0.0242767333984375 0.115966796875
0 0.6611328125 0.06214141845703125 0.0207977294921875 0.1012420654296875
0 0.5146484375 0.26458740234375 0.019561767578125 0.1081085205078125
0 0.05291748046875 0.239410400390625 0.0260009765625 0.1151275634765625
0 0.630859375 0.103607177734375 0.018829345703125 0.0971221923828125
0 0.73046875 0.1050567626953125 0.0192718505859375 0.0955963134765625
0 0.96435546875 0.239410400390625 0.0276336669921875 0.137939453125
0 0.06512451171875 0.092926025390625 0.0225372314453125 0.08819580078125
0 0.137939453125 0.23895263671875 0.0229339599609375 0.07366180419921875
0 0.76025390625 0.091705322265625 0.01666259765625 0.09307861328125
0 0.92919921875 0.12664794921875 0.0164031982421875 0.1129150390625
0 0.01238250732421875 0.2410888671875 0.0240478515625 0.145721435546875
0 0.53515625 0.07335662841796875 0.020965576171875 0.0945281982421875
0 0.33642578125 0.2069091796875 0.026153564453125 0.1070404052734375