0 0.344482421875 0.274505615234375 0.021697998046875 0.1007080078125
0 0.55908203125 0.2630615234375 0.0255126953125 0.1186370849609375
0 0.1656494140625 0.057525634765625 0.0191650390625 0.091705322265625
0 0.7666015625 0.0684356689453125 0.022674560546875 0.106048583984375
0 0.9345703125 0.07419586181640625 0.021697998046875 0.1039886474609375
0 0.83349609375 0.1050567626953125 0.0196075439453125 0.0909423828125
0 0.7578125 0.247039794921875 0.0243377685546875 0.1120758056640625
0 0.040771484375 0.247039794921875 0.0211181640625 0.1039886474609375
0 0.53369140625 0.1171112060546875 0.019195556640625 0.09307861328125
0 0.336669921875 0.06214141845703125 0.0200653076171875 0.10223388671875
0 0.369873046875 0.0826263427734375 0.0191192626953125 0.089263916015625
0 0.5693359375 0.0811004638671875 0.0189361572265625 0.095977783203125
0 0.9140625 0.25726318359375 0.021331787109375 0.1004791259765625
0 0.232666015625 0.1277923583984375 0.0180511474609375 0.089569091796875
0 0.97021484375 0.0820159912109375 0.0180206298828125 0.089569091796875
0 0.267578125 0.256805419921875 0.0224609375 0.1038360595703125
0 0.46923828125 0.128326416015625 0.018585205078125 0.0911712646484375
0 0.441650390625 0.22552490234375 0.0222015380859375 0.1123046875
0 0.1319580078125 0.12115478515625 0.0199432373046875 0.08758544921875
0 0.409423828125 0.174407958984375 0.021240234375 0.1050567626953125
0 0.6162109375 0.2630615234375 0.022247314453125 0.1268768310546875
0 0.226318359375 0.284881591796875 0.021087646484375 0.113983154296875
0 0.8125 0.237579345703125 0.0254669189453125 0.124969482421875
0 0.010189056396484375 0.20050048828125 0.02037811279296875 0.1012420654296875
0 0.12335205078125 0.26947021484375 0.0243377685546875 0.1195526123046875
0 0.0703125 0.140838623046875 0.0196075439453125 0.062408447265625
0 0.6689453125 0.1180267333984375 0.0164642333984375 0.07770538330078125
0 0.73193359375 0.109100341796875 0.0186920166015625 0.094146728515625
0 0.03204345703125 0.758056640625 0.032958984375 0.207672119140625
0 0.85400390625 0.244293212890625 0.0229339599609375 0.1171112060546875
0 0.65576171875 0.277099609375 0.021575927734375 0.0771331787109375