0 0.318115234375 0.27099609375 0.0261077880859375 0.1275634765625
0 0.56787109375 0.07366180419921875 0.01898193359375 0.0849151611328125
0 0.65185546875 0.280609130859375 0.02691650390625 0.137176513671875
0 0.037811279296875 0.2197265625 0.024139404296875 0.1105499267578125
0 0.255615234375 0.2874755859375 0.0235137939453125 0.104217529296875
0 0.93994140625 0.05710601806640625 0.0199432373046875 0.086517333984375
0 0.147705078125 0.26458740234375 0.02191162109375 0.1007080078125
0 0.939453125 0.211639404296875 0.021240234375 0.1116180419921875
0 0.040252685546875 0.05245208740234375 0.0171051025390625 0.08331298828125
0 0.73876953125 0.296630859375 0.0240478515625 0.115966796875
0 0.43798828125 0.07419586181640625 0.0186920166015625 0.079803466796875
0 0.53271484375 0.1293182373046875 0.0197601318359375 0.0965118408203125
0 0.21533203125 0.23406982421875 0.0225830078125 0.1045989990234375
0 0.232666015625 0.07450103759765625 0.0213623046875 0.1058197021484375
0 0.471923828125 0.1120758056640625 0.021697998046875 0.08392333984375
0 0.96923828125 0.13763427734375 0.0182342529296875 0.08331298828125
0 0.8642578125 0.2276611328125 0.02606201171875 0.1361083984375
0 0.41162109375 0.23406982421875 0.018646240234375 0.08758544921875
0 0.76904296875 0.203399658203125 0.0278472900390625 0.138702392578125
0 0.334716796875 0.090484619140625 0.0169830322265625 0.0846099853515625
0 0.63623046875 0.0852203369140625 0.0162200927734375 0.0814056396484375
0 0.356201171875 0.291748046875 0.0207977294921875 0.0997161865234375
0 0.1759033203125 0.22552490234375 0.0181884765625 0.096893310546875
0 0.52490234375 0.290679931640625 0.0217437744140625 0.1045989990234375
0 0.7529296875 0.06336212158203125 0.02276611328125 0.111846923828125
0 0.82763671875 0.2960205078125 0.0243377685546875 0.113983154296875
0 0.01111602783203125 0.188446044921875 0.019012451171875 0.08392333984375
0 0.157958984375 0.06534576416015625 0.017242431640625 0.10284423828125
0 0.86083984375 0.06168365478515625 0.0225830078125 0.108489990234375
0 0.03460693359375 0.750732421875 0.0257110595703125 0.16021728515625
0 0.66845703125 0.1235198974609375 0.0181884765625 0.0899505615234375