0 0.9521499999999999 0.2823 0.025225 0.10665
0 0.526365 0.10445 0.02307 0.117575
0 0.43872000000000005 0.299825 0.023420000000000003 0.1017
0 0.16992 0.13275 0.02014 0.10665
0 0.543455 0.30045 0.026914999999999998 0.13665
0 0.03534 0.744025 0.034545 0.15990000000000001
0 0.045015 0.290675 0.01718 0.10825
0 0.428225 0.10445 0.021775 0.09972500000000001
0 0.13684000000000002 0.076525 0.01724 0.102225
0 0.930665 0.059824999999999996 0.020445 0.089575
0 0.733885 0.104225 0.018905 0.093225
0 0.370115 0.130775 0.02199 0.10955
0 0.640135 0.088575 0.016725 0.084225
0 0.6396499999999999 0.2771 0.02092 0.091325
0 0.8217749999999999 0.299375 0.020495 0.090625
0 0.147215 0.26170000000000004 0.022795000000000003 0.10345
0 0.8632799999999999 0.2626 0.02533 0.11932499999999999
0 0.75293 0.242 0.022535 0.11535000000000001
0 0.7123999999999999 0.2327 0.024935 0.117575
0 0.309815 0.20385 0.016985 0.08522500000000001
0 0.608885 0.188 0.01805 0.1097
0 0.47412 0.204925 0.020965 0.12587500000000001
0 0.33569499999999997 0.24245 0.016280000000000003 0.10505
0 0.235655 0.288025 0.02584 0.1005
0 0.572755 0.19745000000000001 0.025175 0.1149
0 0.83301 0.0872 0.01816 0.0978
0 0.0376 0.0814 0.0184 0.08994999999999999
0 0.25976499999999997 0.05165 0.020370000000000003 0.099575
0 0.23144499999999998 0.13817500000000002 0.01764 0.10505
0 0.01091 0.222175 0.02182 0.105825
0 0.96582 0.07195 0.023469999999999998 0.11185