0 0.224365234375 0.27099609375 0.023193359375 0.133819580078125
0 0.0638427734375 0.230560302734375 0.0245208740234375 0.1216888427734375
0 0.669921875 0.1403045654296875 0.018646240234375 0.07564544677734375
0 0.85302734375 0.0540924072265625 0.01953125 0.1093292236328125
0 0.11163330078125 0.222930908203125 0.0236968994140625 0.07450103759765625
0 0.1475830078125 0.292205810546875 0.0229339599609375 0.079193115234375
0 0.5107421875 0.21881103515625 0.0204925537109375 0.0783538818359375
0 0.310791015625 0.218505859375 0.0200958251953125 0.0965118408203125
0 0.64013671875 0.239410400390625 0.021484375 0.0804901123046875
0 0.337890625 0.05645751953125 0.0206451416015625 0.0926971435546875
0 0.93896484375 0.061187744140625 0.0223236083984375 0.086517333984375
0 0.442626953125 0.29937744140625 0.0257568359375 0.10955810546875
0 0.60986328125 0.18035888671875 0.0212860107421875 0.114898681640625
0 0.475341796875 0.254974365234375 0.019866943359375 0.0954437255859375
0 0.029541015625 0.087890625 0.0185089111328125 0.1195526123046875
0 0.71728515625 0.254974365234375 0.0227203369140625 0.1313018798828125
0 0.5712890625 0.1125335693359375 0.0235137939453125 0.0739288330078125
0 0.9697265625 0.0925445556640625 0.0192718505859375 0.084228515625
0 0.54736328125 0.298309326171875 0.0221099853515625 0.1136016845703125
0 0.1383056640625 0.086517333984375 0.0205230712890625 0.1004791259765625
0 0.227783203125 0.1309967041015625 0.012237548828125 0.1293182373046875
0 0.0638427734375 0.093841552734375 0.0214080810546875 0.104217529296875
0 0.26416015625 0.21636962890625 0.017852783203125 0.1395416259765625
0 0.462890625 0.07167816162109375 0.0161590576171875 0.0855255126953125
0 0.035675048828125 0.7586669921875 0.038177490234375 0.181732177734375
0 0.341552734375 0.2288818359375 0.021697998046875 0.0997161865234375
0 0.7626953125 0.05710601806640625 0.0182342529296875 0.1125335693359375
0 0.76171875 0.27801513671875 0.016845703125 0.135040283203125
0 0.837890625 0.301055908203125 0.017303466796875 0.1309967041015625
0 0.8251953125 0.1016998291015625 0.02484130859375 0.1213836669921875
0 0.9423828125 0.2764892578125 0.0209197998046875 0.1045989990234375