0 0.343017578125 0.2630615234375 0.021484375 0.1045989990234375
0 0.37060546875 0.115966796875 0.0226287841796875 0.111236572265625
0 0.6376953125 0.305938720703125 0.0200958251953125 0.10009765625
0 0.52978515625 0.113372802734375 0.017578125 0.10345458984375
0 0.2142333984375 0.26214599609375 0.0220794677734375 0.1032257080078125
0 0.57470703125 0.227203369140625 0.0196380615234375 0.099945068359375
0 0.07122802734375 0.1496124267578125 0.0174407958984375 0.090789794921875
0 0.409912109375 0.1971435546875 0.0197601318359375 0.0885772705078125
0 0.043212890625 0.0852203369140625 0.0185394287109375 0.0954437255859375
0 0.76611328125 0.07450103759765625 0.024383544921875 0.0971221923828125
0 0.2337646484375 0.0722503662109375 0.0203399658203125 0.1007080078125
0 0.830078125 0.104827880859375 0.019378662109375 0.106048583984375
0 0.4384765625 0.0739288330078125 0.02191162109375 0.102996826171875
0 0.1685791015625 0.218048095703125 0.025909423828125 0.1213836669921875
0 0.87158203125 0.257720947265625 0.0187225341796875 0.0962066650390625
0 0.861328125 0.0516510009765625 0.0180206298828125 0.0888824462890625
0 0.443603515625 0.2740478515625 0.022796630859375 0.10345458984375
0 0.25244140625 0.247039794921875 0.021331787109375 0.107879638671875
0 0.55712890625 0.04947662353515625 0.01763916015625 0.0855255126953125
0 0.74658203125 0.28167724609375 0.0260009765625 0.1171112060546875
0 0.9326171875 0.1126861572265625 0.0184783935546875 0.09490966796875
0 0.63134765625 0.1103973388671875 0.0196075439453125 0.100860595703125
0 0.7314453125 0.04909515380859375 0.01934814453125 0.0902557373046875
0 0.91748046875 0.249786376953125 0.0239105224609375 0.1105499267578125
0 0.96728515625 0.0719451904296875 0.020599365234375 0.101470947265625
0 0.67529296875 0.218048095703125 0.019866943359375 0.103607177734375
0 0.339111328125 0.1099395751953125 0.01507568359375 0.07564544677734375
0 0.13623046875 0.292205810546875 0.0242767333984375 0.1082611083984375
0 0.00926971435546875 0.173492431640625 0.0163421630859375 0.0868988037109375
0 0.126953125 0.0997161865234375 0.0213623046875 0.1045989990234375
0 0.03253173828125 0.7476806640625 0.03582763671875 0.1715087890625