0 0.568359375 0.2734375 0.0199432373046875 0.111846923828125
0 0.46533203125 0.226287841796875 0.0264129638671875 0.124969482421875
0 0.62109375 0.29449462890625 0.020843505859375 0.1026153564453125
0 0.869140625 0.0921630859375 0.0216217041015625 0.0962066650390625
0 0.7294921875 0.0646209716796875 0.0205230712890625 0.10345458984375
0 0.53173828125 0.1003265380859375 0.0193023681640625 0.10955810546875
0 0.564453125 0.06072998046875 0.0184783935546875 0.091705322265625
0 0.228515625 0.31219482421875 0.02203369140625 0.1099395751953125
0 0.712890625 0.23895263671875 0.0257568359375 0.1277923583984375
0 0.346435546875 0.24017333984375 0.023468017578125 0.1032257080078125
0 0.9111328125 0.239715576171875 0.0222015380859375 0.113983154296875
0 0.267578125 0.24658203125 0.0244293212890625 0.118865966796875
0 0.369384765625 0.1251983642578125 0.019989013671875 0.0981903076171875
0 0.4306640625 0.1261138916015625 0.0174407958984375 0.1110076904296875
0 0.8115234375 0.212860107421875 0.020599365234375 0.09765625
0 0.755859375 0.28533935546875 0.0251312255859375 0.1153564453125
0 0.4609375 0.0540924072265625 0.02215576171875 0.0989532470703125
0 0.662109375 0.26214599609375 0.0253753662109375 0.12420654296875
0 0.9375 0.11444091796875 0.0199432373046875 0.0888824462890625
0 0.837890625 0.052642822265625 0.018341064453125 0.09185791015625
0 0.97119140625 0.1087188720703125 0.019683837890625 0.0872039794921875
0 0.33642578125 0.0626373291015625 0.0197601318359375 0.1024627685546875
0 0.156494140625 0.05146026611328125 0.01898193359375 0.0902557373046875
0 0.03704833984375 0.095977783203125 0.019866943359375 0.0868988037109375
0 0.06866455078125 0.0849151611328125 0.0215301513671875 0.1038360595703125
0 0.264404296875 0.0577545166015625 0.01751708984375 0.087890625
0 0.141845703125 0.2685546875 0.02288818359375 0.1313018798828125
0 0.0439453125 0.230560302734375 0.022674560546875 0.11444091796875
0 0.035736083984375 0.7562255859375 0.041839599609375 0.201263427734375
0 0.66796875 0.0714111328125 0.0163421630859375 0.093231201171875
0 0.130126953125 0.169830322265625 0.017303466796875 0.064849853515625