0 0.1640625 0.266571044921875 0.022674560546875 0.113983154296875
0 0.1221923828125 0.252532958984375 0.02630615234375 0.1131439208984375
0 0.274169921875 0.23895263671875 0.023468017578125 0.1099395751953125
0 0.568359375 0.19561767578125 0.0227203369140625 0.16357421875
0 0.04046630859375 0.057525634765625 0.0207977294921875 0.08819580078125
0 0.338623046875 0.078887939453125 0.0200653076171875 0.0988006591796875
0 0.346923828125 0.283203125 0.0220794677734375 0.0936126708984375
0 0.6171875 0.28533935546875 0.0217437744140625 0.11077880859375
0 0.84228515625 0.0934600830078125 0.018646240234375 0.07564544677734375
0 0.414794921875 0.236663818359375 0.024139404296875 0.125885009765625
0 0.070068359375 0.093994140625 0.0182342529296875 0.0820159912109375
0 0.525390625 0.109100341796875 0.01384735107421875 0.1129150390625
0 0.5419921875 0.29388427734375 0.020416259765625 0.10955810546875
0 0.2313232421875 0.14007568359375 0.0187225341796875 0.08392333984375
0 0.9482421875 0.277099609375 0.0191192626953125 0.0814056396484375
0 0.65771484375 0.24383544921875 0.0255584716796875 0.124664306640625
0 0.16162109375 0.0638580322265625 0.020721435546875 0.10345458984375
0 0.040252685546875 0.260162353515625 0.0207672119140625 0.0988006591796875
0 0.63037109375 0.0658416748046875 0.01971435546875 0.0958251953125
0 0.463623046875 0.0926971435546875 0.017578125 0.0925445556640625
0 0.263671875 0.06313323974609375 0.0165863037109375 0.0817108154296875
0 0.77099609375 0.0995635986328125 0.018798828125 0.0829315185546875
0 0.9384765625 0.116424560546875 0.017303466796875 0.0774383544921875
0 0.37060546875 0.0926971435546875 0.01898193359375 0.089569091796875
0 0.91015625 0.219268798828125 0.019989013671875 0.0981903076171875
0 0.80859375 0.137939453125 0.01898193359375 0.0921630859375
0 0.759765625 0.2838134765625 0.024993896484375 0.0914764404296875
0 0.71923828125 0.286865234375 0.02191162109375 0.093231201171875
0 0.83642578125 0.209197998046875 0.025177001953125 0.106048583984375
0 0.45654296875 0.2447509765625 0.0227203369140625 0.1392364501953125
0 0.0352783203125 0.7318115234375 0.032958984375 0.1551055908203125