0 0.4287109375 0.1320648193359375 0.0222015380859375 0.106048583984375
0 0.76318359375 0.0591278076171875 0.0194549560546875 0.115966796875
0 0.9267578125 0.0936126708984375 0.0205230712890625 0.0988006591796875
0 0.53515625 0.054931640625 0.021087646484375 0.09918212890625
0 0.93603515625 0.310516357421875 0.0211639404296875 0.1186370849609375
0 0.5087890625 0.178070068359375 0.018829345703125 0.1058197021484375
0 0.1187744140625 0.267486572265625 0.0257110595703125 0.1146697998046875
0 0.95751953125 0.05474090576171875 0.0237274169921875 0.107269287109375
0 0.64013671875 0.26458740234375 0.020965576171875 0.119781494140625
0 0.339599609375 0.0814056396484375 0.0191650390625 0.095977783203125
0 0.81005859375 0.18768310546875 0.0216522216796875 0.1105499267578125
0 0.07586669921875 0.259246826171875 0.019378662109375 0.0926971435546875
0 0.87060546875 0.0972747802734375 0.0192413330078125 0.085906982421875
0 0.8408203125 0.102081298828125 0.01837158203125 0.089263916015625
0 0.4580078125 0.05123138427734375 0.022674560546875 0.102081298828125
0 0.27001953125 0.233612060546875 0.022979736328125 0.1244354248046875
0 0.430419921875 0.2679443359375 0.0239105224609375 0.1161956787109375
0 0.7626953125 0.23101806640625 0.0246124267578125 0.113372802734375
0 0.043701171875 0.297088623046875 0.021087646484375 0.097503662109375
0 0.31005859375 0.2069091796875 0.021942138671875 0.0885772705078125
0 0.673828125 0.184173583984375 0.02532958984375 0.1280975341796875
0 0.2294921875 0.0913238525390625 0.021209716796875 0.099334716796875
0 0.26220703125 0.08758544921875 0.018768310546875 0.0925445556640625
0 0.13427734375 0.084228515625 0.01934814453125 0.08331298828125
0 0.1578369140625 0.295562744140625 0.0222015380859375 0.094146728515625
0 0.371337890625 0.148773193359375 0.0187225341796875 0.09307861328125
0 0.56884765625 0.123291015625 0.018768310546875 0.092010498046875
0 0.06292724609375 0.07476806640625 0.017852783203125 0.089569091796875
0 0.73046875 0.1161956787109375 0.01898193359375 0.0963592529296875
0 0.62939453125 0.149078369140625 0.0154876708984375 0.1039886474609375
0 0.03436279296875 0.7427978515625 0.037200927734375 0.173492431640625