0 0.0231475830078125 0.29388427734375 0.0224151611328125 0.104217529296875
0 0.24365234375 0.29327392578125 0.0223236083984375 0.106658935546875
0 0.95947265625 0.292205810546875 0.0207672119140625 0.1076507568359375
0 0.9326171875 0.0855255126953125 0.019866943359375 0.1081085205078125
0 0.11083984375 0.225982666015625 0.0205230712890625 0.10009765625
0 0.8310546875 0.143280029296875 0.017913818359375 0.0926971435546875
0 0.87548828125 0.21636962890625 0.019500732421875 0.104217529296875
0 0.136962890625 0.05645751953125 0.0200958251953125 0.0955963134765625
0 0.4384765625 0.294952392578125 0.0205230712890625 0.10284423828125
0 0.91796875 0.251617431640625 0.021209716796875 0.1099395751953125
0 0.031982421875 0.0855255126953125 0.021087646484375 0.1136016845703125
0 0.34033203125 0.1052093505859375 0.01507568359375 0.0768280029296875
0 0.26025390625 0.097503662109375 0.0164031982421875 0.0849151611328125
0 0.473388671875 0.262603759765625 0.0185394287109375 0.100860595703125
0 0.1441650390625 0.23406982421875 0.0220794677734375 0.113983154296875
0 0.564453125 0.239410400390625 0.0251312255859375 0.120697021484375
0 0.71435546875 0.25299072265625 0.02215576171875 0.0989532470703125
0 0.37060546875 0.118865966796875 0.017852783203125 0.0909423828125
0 0.640625 0.05664825439453125 0.0190582275390625 0.0899505615234375
0 0.52294921875 0.2630615234375 0.023468017578125 0.115509033203125
0 0.463134765625 0.06977081298828125 0.0188751220703125 0.0911712646484375
0 0.2330322265625 0.1251983642578125 0.0165863037109375 0.08758544921875
0 0.73681640625 0.118865966796875 0.0197906494140625 0.08819580078125
0 0.85986328125 0.0605010986328125 0.0203399658203125 0.1114654541015625
0 0.66845703125 0.1358795166015625 0.0187225341796875 0.08392333984375
0 0.31005859375 0.19378662109375 0.02044677734375 0.089569091796875
0 0.751953125 0.277099609375 0.023773193359375 0.1123046875
0 0.06646728515625 0.06145477294921875 0.018157958984375 0.09063720703125
0 0.53125 0.12237548828125 0.019500732421875 0.092926025390625
0 0.63720703125 0.203399658203125 0.0247955322265625 0.1058197021484375
0 0.037322998046875 0.751953125 0.032958984375 0.22430419921875