0 0.457275390625 0.097808837890625 0.0186920166015625 0.0826263427734375
0 0.85546875 0.093994140625 0.0199432373046875 0.078582763671875
0 0.73046875 0.124664306640625 0.0174407958984375 0.0899505615234375
0 0.63427734375 0.053253173828125 0.0218658447265625 0.0995635986328125
0 0.8447265625 0.27862548828125 0.02801513671875 0.127105712890625
0 0.477294921875 0.196685791015625 0.0236968994140625 0.1142120361328125
0 0.2113037109375 0.214080810546875 0.02288818359375 0.1226043701171875
0 0.56591796875 0.281219482421875 0.02056884765625 0.104217529296875
0 0.76513671875 0.06072998046875 0.0185394287109375 0.0899505615234375
0 0.1668701171875 0.07114410400390625 0.0165863037109375 0.096893310546875
0 0.5322265625 0.0911712646484375 0.0179901123046875 0.0981903076171875
0 0.249755859375 0.277557373046875 0.021575927734375 0.11077880859375
0 0.76806640625 0.2520751953125 0.0240020751953125 0.118255615234375
0 0.5654296875 0.07167816162109375 0.01971435546875 0.1064300537109375
0 0.43115234375 0.1157379150390625 0.015960693359375 0.095062255859375
0 0.82958984375 0.107269287109375 0.0179901123046875 0.0901031494140625
0 0.308349609375 0.1462554931640625 0.017913818359375 0.101470947265625
0 0.93310546875 0.11383056640625 0.0174407958984375 0.090484619140625
0 0.66796875 0.1204681396484375 0.021453857421875 0.0921630859375
0 0.338623046875 0.21514892578125 0.0257110595703125 0.119781494140625
0 0.96728515625 0.07450103759765625 0.021453857421875 0.102996826171875
0 0.64306640625 0.22552490234375 0.0245208740234375 0.1082611083984375
0 0.2666015625 0.0658416748046875 0.0211181640625 0.0958251953125
0 0.058349609375 0.0868988037109375 0.01554107666015625 0.092926025390625
0 0.1221923828125 0.276031494140625 0.024993896484375 0.1216888427734375
0 0.132568359375 0.123748779296875 0.0189361572265625 0.09918212890625
0 0.0296478271484375 0.1125335693359375 0.0214080810546875 0.0971221923828125
0 0.9180464968199673 0.2559584186725672 0.021327063464153275 0.11035123523956235
0 0.343017578125 0.0902557373046875 0.0165863037109375 0.0638580322265625
0 0.0302734375 0.7470703125 0.03192138671875 0.210113525390625
0 0.04062262576134379 0.2808626647594393 0.02772464072732663 0.11089856290930655