0 0.7333984375 0.1175689697265625 0.018341064453125 0.0913238525390625
0 0.85009765625 0.243377685546875 0.0234222412109375 0.1403045654296875
0 0.76220703125 0.26214599609375 0.025665283203125 0.1146697998046875
0 0.8642578125 0.06561279296875 0.0211639404296875 0.0965118408203125
0 0.6572265625 0.06072998046875 0.02001953125 0.1016998291015625
0 0.767578125 0.06816864013671875 0.01861572265625 0.0946807861328125
0 0.359130859375 0.0628662109375 0.01763916015625 0.095062255859375
0 0.8330078125 0.0936126708984375 0.019378662109375 0.087890625
0 0.912109375 0.2197265625 0.0233306884765625 0.11016845703125
0 0.63134765625 0.1505279541015625 0.018585205078125 0.085906982421875
0 0.030853271484375 0.099945068359375 0.0184326171875 0.093841552734375
0 0.5615234375 0.229339599609375 0.0285491943359375 0.1381683349609375
0 0.23876953125 0.254058837890625 0.0210418701171875 0.09185791015625
0 0.93212890625 0.06610870361328125 0.021087646484375 0.1004791259765625
0 0.6767578125 0.190887451171875 0.0204925537109375 0.1004791259765625
0 0.4697265625 0.1325225830078125 0.0217437744140625 0.107879638671875
0 0.133056640625 0.12237548828125 0.019561767578125 0.098419189453125
0 0.411865234375 0.243377685546875 0.021484375 0.1004791259765625
0 0.451416015625 0.279693603515625 0.0180206298828125 0.093994140625
0 0.25537109375 0.085906982421875 0.0161590576171875 0.1105499267578125
0 0.9677734375 0.1116180419921875 0.0207672119140625 0.098419189453125
0 0.2252197265625 0.1209259033203125 0.0191650390625 0.09765625
0 0.07122802734375 0.23895263671875 0.022979736328125 0.106658935546875
0 0.375732421875 0.236663818359375 0.02001953125 0.1016998291015625
0 0.3466796875 0.27252197265625 0.019989013671875 0.1055908203125
0 0.5205078125 0.254058837890625 0.02752685546875 0.124664306640625
0 0.1380615234375 0.29327392578125 0.0216217041015625 0.0965118408203125
0 0.06243896484375 0.0934600830078125 0.017242431640625 0.09063720703125
0 0.1728515625 0.265960693359375 0.0202484130859375 0.0925445556640625
0 0.03607177734375 0.7470703125 0.0321044921875 0.157470703125
0 0.560546875 0.0972747802734375 0.0214080810546875 0.0981903076171875