0 0.323486328125 0.298309326171875 0.0218658447265625 0.106048583984375
0 0.8310546875 0.16082763671875 0.0173797607421875 0.0943756103515625
0 0.9638671875 0.064849853515625 0.0192413330078125 0.1007080078125
0 0.67041015625 0.238494873046875 0.0197601318359375 0.1032257080078125
0 0.042083740234375 0.0676727294921875 0.0190582275390625 0.0804901123046875
0 0.06927490234375 0.147705078125 0.018646240234375 0.0722503662109375
0 0.876953125 0.19927978515625 0.02203369140625 0.1175689697265625
0 0.409423828125 0.1971435546875 0.0201416015625 0.095977783203125
0 0.36669921875 0.0705718994140625 0.0208892822265625 0.0995635986328125
0 0.5703125 0.0997161865234375 0.02056884765625 0.090789794921875
0 0.53955078125 0.06511688232421875 0.01837158203125 0.0872039794921875
0 0.13720703125 0.21759033203125 0.020416259765625 0.098419189453125
0 0.363525390625 0.250701904296875 0.02069091796875 0.098419189453125
0 0.77587890625 0.215606689453125 0.0215301513671875 0.114898681640625
0 0.4716796875 0.1151275634765625 0.0189056396484375 0.0714111328125
0 0.440185546875 0.1055908203125 0.02044677734375 0.0963592529296875
0 0.240234375 0.25970458984375 0.02880859375 0.128326416015625
0 0.931640625 0.10284423828125 0.017242431640625 0.0945281982421875
0 0.223388671875 0.118255615234375 0.0221099853515625 0.1088714599609375
0 0.75927734375 0.0899505615234375 0.01666259765625 0.07770538330078125
0 0.1424560546875 0.0955963134765625 0.0160980224609375 0.072784423828125
0 0.272216796875 0.22796630859375 0.0191650390625 0.1039886474609375
0 0.51171875 0.22216796875 0.020965576171875 0.08758544921875
0 0.110107421875 0.167999267578125 0.02069091796875 0.1007080078125
0 0.03875732421875 0.221405029296875 0.0220794677734375 0.09918212890625
0 0.7314453125 0.111236572265625 0.0177764892578125 0.0923919677734375
0 0.6318359375 0.1305389404296875 0.01898193359375 0.09307861328125
0 0.84814453125 0.267486572265625 0.019378662109375 0.0945281982421875
0 0.6640625 0.0638580322265625 0.0196380615234375 0.104217529296875
0 0.9345703125 0.3179931640625 0.0180511474609375 0.078582763671875
0 0.0328369140625 0.7403564453125 0.03271484375 0.153961181640625