0 0.32568359375 0.28228759765625 0.0262603759765625 0.1136016845703125
0 0.427490234375 0.1213836669921875 0.021331787109375 0.1055908203125
0 0.365966796875 0.28533935546875 0.020599365234375 0.09490966796875
0 0.84521484375 0.2734375 0.0208892822265625 0.1186370849609375
0 0.458984375 0.05474090576171875 0.0230712890625 0.1070404052734375
0 0.1558837890625 0.0885772705078125 0.0174407958984375 0.102081298828125
0 0.56005859375 0.05687713623046875 0.018096923828125 0.11688232421875
0 0.041778564453125 0.3021240234375 0.0223236083984375 0.1082611083984375
0 0.260986328125 0.05428314208984375 0.0216522216796875 0.109100341796875
0 0.60986328125 0.222625732421875 0.019561767578125 0.0965118408203125
0 0.2255859375 0.262603759765625 0.0252227783203125 0.12115478515625
0 0.96875 0.13153076171875 0.01898193359375 0.086212158203125
0 0.17236328125 0.2008056640625 0.0243377685546875 0.1202392578125
0 0.93896484375 0.05645751953125 0.020721435546875 0.09674072265625
0 0.908203125 0.157470703125 0.0184783935546875 0.09307861328125
0 0.33203125 0.0962066650390625 0.0177154541015625 0.089569091796875
0 0.833984375 0.05580902099609375 0.019989013671875 0.1024627685546875
0 0.728515625 0.1125335693359375 0.020294189453125 0.0980377197265625
0 0.0345458984375 0.7330322265625 0.037322998046875 0.153961181640625
0 0.26708984375 0.267486572265625 0.019500732421875 0.11688232421875
0 0.52978515625 0.13031005859375 0.019012451171875 0.090789794921875
0 0.8662109375 0.0708770751953125 0.0208892822265625 0.0955963134765625
0 0.1385498046875 0.2655029296875 0.0222930908203125 0.12115478515625
0 0.7431640625 0.300445556640625 0.0208892822265625 0.1142120361328125
0 0.6435546875 0.222625732421875 0.0192718505859375 0.0846099853515625
0 0.05389404296875 0.05184173583984375 0.01322174072265625 0.0997161865234375
0 0.422607421875 0.2655029296875 0.022979736328125 0.120697021484375
0 0.026611328125 0.1114654541015625 0.01358795166015625 0.1416778564453125
0 0.5302734375 0.271453857421875 0.021575927734375 0.124664306640625
0 0.6376953125 0.06072998046875 0.0203399658203125 0.0989532470703125
0 0.7734375 0.189056396484375 0.0154266357421875 0.1355743408203125