0 0.0323486328125 0.1103973388671875 0.0184326171875 0.0963592529296875
0 0.335205078125 0.272064208984375 0.024139404296875 0.1397705078125
0 0.5263671875 0.2801513671875 0.0248870849609375 0.11932373046875
0 0.1363525390625 0.0981903076171875 0.022796630859375 0.106658935546875
0 0.94140625 0.0714111328125 0.0194549560546875 0.1039886474609375
0 0.7626953125 0.070037841796875 0.016845703125 0.0836181640625
0 0.9697265625 0.1416778564453125 0.0180511474609375 0.08331298828125
0 0.244873046875 0.23406982421875 0.024932861328125 0.1123046875
0 0.43408203125 0.0600433349609375 0.021240234375 0.1044464111328125
0 0.66748046875 0.1180267333984375 0.0180511474609375 0.0901031494140625
0 0.9091796875 0.164794921875 0.019012451171875 0.0972747802734375
0 0.732421875 0.1513671875 0.0162200927734375 0.0817108154296875
0 0.411376953125 0.242919921875 0.02215576171875 0.1129150390625
0 0.63330078125 0.04528045654296875 0.020416259765625 0.0852203369140625
0 0.82373046875 0.08758544921875 0.019683837890625 0.093231201171875
0 0.36669921875 0.225067138671875 0.0292510986328125 0.1285552978515625
0 0.64404296875 0.233612060546875 0.0263519287109375 0.11444091796875
0 0.266357421875 0.070037841796875 0.0238189697265625 0.0995635986328125
0 0.17041015625 0.09674072265625 0.0169830322265625 0.0771331787109375
0 0.468017578125 0.07251739501953125 0.0203704833984375 0.0989532470703125
0 0.77880859375 0.223388671875 0.0220794677734375 0.1070404052734375
0 0.2115478515625 0.242919921875 0.022979736328125 0.1038360595703125
0 0.0738525390625 0.257720947265625 0.0207672119140625 0.0943756103515625
0 0.56494140625 0.05733489990234375 0.0188751220703125 0.091705322265625
0 0.8642578125 0.227203369140625 0.0299835205078125 0.1424407958984375
0 0.86083984375 0.090484619140625 0.01953125 0.118865966796875
0 0.038543701171875 0.2911376953125 0.0238189697265625 0.10955810546875
0 0.1143798828125 0.276031494140625 0.0211181640625 0.09918212890625
0 0.03460693359375 0.748291015625 0.03460693359375 0.188751220703125
0 0.3564453125 0.073089599609375 0.021453857421875 0.0852203369140625
0 0.56689453125 0.2764892578125 0.02215576171875 0.10345458984375