0 0.86865234375 0.0872039794921875 0.0207977294921875 0.10009765625
0 0.4306640625 0.272979736328125 0.0299224853515625 0.1416778564453125
0 0.7197265625 0.27801513671875 0.0212860107421875 0.086517333984375
0 0.60986328125 0.1953125 0.0211181640625 0.0921630859375
0 0.91162109375 0.24383544921875 0.0224609375 0.116424560546875
0 0.83349609375 0.1177978515625 0.018798828125 0.0836181640625
0 0.76904296875 0.1239776611328125 0.018829345703125 0.0829315185546875
0 0.9501953125 0.286407470703125 0.0203704833984375 0.099334716796875
0 0.6689453125 0.1325225830078125 0.017303466796875 0.08758544921875
0 0.7333984375 0.09857177734375 0.0174407958984375 0.092926025390625
0 0.51025390625 0.21087646484375 0.021087646484375 0.1099395751953125
0 0.133544921875 0.0899505615234375 0.0213623046875 0.1016998291015625
0 0.55029296875 0.27862548828125 0.02288818359375 0.1105499267578125
0 0.4580078125 0.0823211669921875 0.017181396484375 0.098419189453125
0 0.31494140625 0.25115966796875 0.0257110595703125 0.1131439208984375
0 0.2318115234375 0.1479339599609375 0.018341064453125 0.0820159912109375
0 0.1199951171875 0.300445556640625 0.02069091796875 0.1003265380859375
0 0.81884765625 0.2587890625 0.0215301513671875 0.11016845703125
0 0.335205078125 0.1093292236328125 0.0188751220703125 0.0811004638671875
0 0.53271484375 0.06435394287109375 0.021575927734375 0.10223388671875
0 0.0207672119140625 0.29388427734375 0.022247314453125 0.1064300537109375
0 0.427490234375 0.0823211669921875 0.021575927734375 0.1024627685546875
0 0.1685791015625 0.07770538330078125 0.0182342529296875 0.0901031494140625
0 0.63916015625 0.072784423828125 0.0180206298828125 0.0829315185546875
0 0.06842041015625 0.079498291015625 0.0204925537109375 0.1032257080078125
0 0.244873046875 0.279693603515625 0.0201416015625 0.1123046875
0 0.260009765625 0.05889892578125 0.01666259765625 0.0814056396484375
0 0.061431884765625 0.25360107421875 0.0209197998046875 0.1120758056640625
0 0.034759521484375 0.7513427734375 0.037109375 0.178680419921875
0 0.355712890625 0.261688232421875 0.0215301513671875 0.1105499267578125
0 0.97119140625 0.132293701171875 0.017913818359375 0.089263916015625