0 0.96435546875 0.27801513671875 0.0203399658203125 0.1142120361328125
0 0.03131103515625 0.0965118408203125 0.02056884765625 0.1120758056640625
0 0.55029296875 0.23895263671875 0.021697998046875 0.119781494140625
0 0.8466796875 0.271453857421875 0.0197601318359375 0.1039886474609375
0 0.8759765625 0.232391357421875 0.0192718505859375 0.095062255859375
0 0.11065673828125 0.20965576171875 0.023956298828125 0.1126861572265625
0 0.51171875 0.223846435546875 0.0240936279296875 0.124969482421875
0 0.33251953125 0.12115478515625 0.017303466796875 0.089569091796875
0 0.640625 0.269927978515625 0.019378662109375 0.113983154296875
0 0.65869140625 0.0888824462890625 0.018402099609375 0.086517333984375
0 0.67529296875 0.211181640625 0.021697998046875 0.1244354248046875
0 0.92333984375 0.2679443359375 0.0233306884765625 0.1300048828125
0 0.72705078125 0.118255615234375 0.0189361572265625 0.104827880859375
0 0.42919921875 0.0958251953125 0.0184783935546875 0.093231201171875
0 0.0634765625 0.0955963134765625 0.0184783935546875 0.0885772705078125
0 0.2333984375 0.1235198974609375 0.01751708984375 0.079498291015625
0 0.3447265625 0.28900146484375 0.023101806640625 0.1146697998046875
0 0.469970703125 0.222625732421875 0.0226287841796875 0.11016845703125
0 0.147705078125 0.24749755859375 0.02288818359375 0.1082611083984375
0 0.06732177734375 0.23895263671875 0.0230255126953125 0.097503662109375
0 0.76025390625 0.04985809326171875 0.0205230712890625 0.0954437255859375
0 0.93017578125 0.078887939453125 0.018798828125 0.09765625
0 0.26123046875 0.0988006591796875 0.01751708984375 0.0774383544921875
0 0.71728515625 0.2545166015625 0.0278472900390625 0.1465606689453125
0 0.24169921875 0.292205810546875 0.0253753662109375 0.09307861328125
0 0.137451171875 0.1055908203125 0.0182342529296875 0.0849151611328125
0 0.56787109375 0.106658935546875 0.0203704833984375 0.096893310546875
0 0.43212890625 0.311126708984375 0.0191192626953125 0.1126861572265625
0 0.8583984375 0.06435394287109375 0.016845703125 0.097503662109375
0 0.359130859375 0.09490966796875 0.016845703125 0.079498291015625
0 0.0328369140625 0.765380859375 0.039703369140625 0.1611328125