0 0.73388671875 0.12664794921875 0.017913818359375 0.0923919677734375
0 0.262939453125 0.2734375 0.02337646484375 0.1038360595703125
0 0.9697265625 0.15625 0.021453857421875 0.07625579833984375
0 0.1385498046875 0.24932861328125 0.0191650390625 0.1032257080078125
0 0.8681640625 0.0836181640625 0.021240234375 0.103607177734375
0 0.412353515625 0.242462158203125 0.020416259765625 0.106201171875
0 0.341552734375 0.259246826171875 0.021697998046875 0.09765625
0 0.72119140625 0.29449462890625 0.0202178955078125 0.103607177734375
0 0.26806640625 0.1153564453125 0.01861572265625 0.087890625
0 0.9423828125 0.0921630859375 0.0190582275390625 0.0868988037109375
0 0.043212890625 0.26214599609375 0.026702880859375 0.1285552978515625
0 0.66650390625 0.21087646484375 0.0235137939453125 0.12420654296875
0 0.469482421875 0.127105712890625 0.018402099609375 0.08819580078125
0 0.7626953125 0.28900146484375 0.027740478515625 0.1110076904296875
0 0.1407470703125 0.1052093505859375 0.0164031982421875 0.0852203369140625
0 0.07354736328125 0.1873779296875 0.0216217041015625 0.109710693359375
0 0.2342529296875 0.101470947265625 0.017852783203125 0.0888824462890625
0 0.436279296875 0.0926971435546875 0.0189056396484375 0.086517333984375
0 0.6298828125 0.12542724609375 0.021240234375 0.0995635986328125
0 0.53076171875 0.12542724609375 0.01898193359375 0.086212158203125
0 0.3408203125 0.1064300537109375 0.01678466796875 0.0885772705078125
0 0.8203125 0.260162353515625 0.0220794677734375 0.106658935546875
0 0.6318359375 0.27099609375 0.0293731689453125 0.1496124267578125
0 0.110107421875 0.19378662109375 0.02044677734375 0.0980377197265625
0 0.56298828125 0.0605010986328125 0.0210418701171875 0.107879638671875
0 0.030792236328125 0.137176513671875 0.0182647705078125 0.085906982421875
0 0.310791015625 0.2008056640625 0.0222930908203125 0.093841552734375
0 0.8603515625 0.291748046875 0.0223236083984375 0.1032257080078125
0 0.52783203125 0.26702880859375 0.0225372314453125 0.1280975341796875
0 0.033477783203125 0.750732421875 0.0305023193359375 0.14739990234375
0 0.93994140625 0.249786376953125 0.0208892822265625 0.0988006591796875