0 0.33056640625 0.1309967041015625 0.018798828125 0.10009765625
0 0.53955078125 0.063629150390625 0.015899658203125 0.08819580078125
0 0.363037109375 0.062408447265625 0.020294189453125 0.100860595703125
0 0.06610107421875 0.287933349609375 0.0189361572265625 0.099334716796875
0 0.1124267578125 0.231475830078125 0.0254669189453125 0.1221466064453125
0 0.2108154296875 0.20538330078125 0.017181396484375 0.08819580078125
0 0.2379150390625 0.238494873046875 0.0208892822265625 0.108489990234375
0 0.1669921875 0.1099395751953125 0.0194244384765625 0.0995635986328125
0 0.5390625 0.24017333984375 0.0222930908203125 0.1153564453125
0 0.1319580078125 0.0600433349609375 0.019195556640625 0.0945281982421875
0 0.73046875 0.136871337890625 0.0174407958984375 0.106201171875
0 0.509765625 0.20660400390625 0.0191650390625 0.10009765625
0 0.0276947021484375 0.2960205078125 0.0254669189453125 0.108489990234375
0 0.463134765625 0.09857177734375 0.0167236328125 0.0852203369140625
0 0.63037109375 0.0925445556640625 0.0224609375 0.11077880859375
0 0.06695556640625 0.072784423828125 0.017242431640625 0.0814056396484375
0 0.24169921875 0.0826263427734375 0.0196380615234375 0.102081298828125
0 0.66455078125 0.0577545166015625 0.018585205078125 0.0988006591796875
0 0.62646484375 0.30548095703125 0.02337646484375 0.1131439208984375
0 0.9736328125 0.22430419921875 0.0223236083984375 0.1177978515625
0 0.328857421875 0.272979736328125 0.020294189453125 0.1044464111328125
0 0.86474609375 0.1018524169921875 0.0170440673828125 0.0829315185546875
0 0.430908203125 0.284881591796875 0.02001953125 0.0972747802734375
0 0.9365234375 0.31158447265625 0.0221099853515625 0.104217529296875
0 0.03302001953125 0.74951171875 0.039642333984375 0.198974609375
0 0.9609375 0.05306243896484375 0.0192413330078125 0.0914764404296875
0 0.470458984375 0.25299072265625 0.023193359375 0.1024627685546875
0 0.771484375 0.23193359375 0.0225830078125 0.1129150390625
0 0.830078125 0.29449462890625 0.023101806640625 0.111846923828125
0 0.76123046875 0.05283355712890625 0.01983642578125 0.0952911376953125
0 0.83251953125 0.105438232421875 0.0177764892578125 0.0965118408203125