0 0.033782958984375 0.743408203125 0.033966064453125 0.168609619140625
0 0.56689453125 0.106658935546875 0.0180206298828125 0.105438232421875
0 0.4697265625 0.15716552734375 0.0194549560546875 0.06072998046875
0 0.2447509765625 0.309906005859375 0.019866943359375 0.0923919677734375
0 0.43701171875 0.24383544921875 0.023468017578125 0.123291015625
0 0.53076171875 0.06168365478515625 0.0207977294921875 0.0997161865234375
0 0.658203125 0.248870849609375 0.0231475830078125 0.1166534423828125
0 0.367431640625 0.0765228271484375 0.021575927734375 0.102996826171875
0 0.33544921875 0.0958251953125 0.0200958251953125 0.0972747802734375
0 0.5517578125 0.250244140625 0.021453857421875 0.1256561279296875
0 0.9267578125 0.094146728515625 0.0255126953125 0.124969482421875
0 0.2607421875 0.063629150390625 0.016021728515625 0.08392333984375
0 0.4423828125 0.086517333984375 0.015899658203125 0.0768280029296875
0 0.1414794921875 0.31158447265625 0.0216522216796875 0.107269287109375
0 0.345458984375 0.231475830078125 0.0236053466796875 0.119781494140625
0 0.66650390625 0.1068115234375 0.0180206298828125 0.0923919677734375
0 0.1754150390625 0.21881103515625 0.0227203369140625 0.10955810546875
0 0.83447265625 0.052642822265625 0.01763916015625 0.0946807861328125
0 0.61669921875 0.25115966796875 0.02447509765625 0.1285552978515625
0 0.77490234375 0.191192626953125 0.0164642333984375 0.113372802734375
0 0.06097412109375 0.2838134765625 0.0217437744140625 0.10284423828125
0 0.019561767578125 0.26123046875 0.0255126953125 0.12664794921875
0 0.1314697265625 0.111846923828125 0.01751708984375 0.0955963134765625
0 0.278076171875 0.218048095703125 0.0217742919921875 0.107269287109375
0 0.8466796875 0.272979736328125 0.0219879150390625 0.1105499267578125
0 0.9609375 0.0899505615234375 0.0189361572265625 0.1016998291015625
0 0.7568359375 0.0609588623046875 0.018157958984375 0.11077880859375
0 0.8681640625 0.0783538818359375 0.0217742919921875 0.1087188720703125
0 0.7451171875 0.29937744140625 0.0239105224609375 0.118255615234375
0 0.06671142578125 0.06336212158203125 0.0191650390625 0.0965118408203125
0 0.9669174169162058 0.22605833061394198 0.019979792946349977 0.1355579240327781