0 0.0323486328125 0.7415771484375 0.03790283203125 0.18310546875
0 0.43505859375 0.216827392578125 0.0222930908203125 0.11444091796875
0 0.40966796875 0.186004638671875 0.01934814453125 0.0981903076171875
0 0.76123046875 0.0719451904296875 0.0161590576171875 0.0783538818359375
0 0.2330322265625 0.1263427734375 0.0187225341796875 0.08758544921875
0 0.62646484375 0.106658935546875 0.0173797607421875 0.1004791259765625
0 0.265625 0.27252197265625 0.0245208740234375 0.0952911376953125
0 0.54541015625 0.3049926254334904 0.021209716796874997 0.10789504850421641
0 0.3271484375 0.0689697265625 0.0222015380859375 0.115509033203125
0 0.363525390625 0.099945068359375 0.02001953125 0.11383056640625
0 0.1373291015625 0.220489501953125 0.023956298828125 0.117340087890625
0 0.63916015625 0.276031494140625 0.02532958984375 0.1446533203125
0 0.5771484375 0.196685791015625 0.0217742919921875 0.1099395751953125
0 0.44091796875 0.05283355712890625 0.0170440673828125 0.078887939453125
0 0.654296875 0.099945068359375 0.018341064453125 0.086212158203125
0 0.7783203125 0.220947265625 0.021575927734375 0.1032257080078125
0 0.1402587890625 0.05283355712890625 0.0174407958984375 0.079803466796875
0 0.97119140625 0.2520751953125 0.02001953125 0.0997161865234375
0 0.53076171875 0.117340087890625 0.01812744140625 0.097808837890625
0 0.0325927734375 0.1007080078125 0.017578125 0.086212158203125
0 0.95947265625 0.05390167236328125 0.0162200927734375 0.0965118408203125
0 0.3125 0.24566650390625 0.024139404296875 0.1290130615234375
0 0.169189453125 0.1416778564453125 0.018646240234375 0.0826263427734375
0 0.73291015625 0.153656005859375 0.01554107666015625 0.0823211669921875
0 0.86279296875 0.0965118408203125 0.01763916015625 0.095062255859375
0 0.8310546875 0.2740478515625 0.020965576171875 0.115509033203125
0 0.06671142578125 0.0814056396484375 0.0192413330078125 0.098419189453125
0 0.268310546875 0.0804901123046875 0.0185394287109375 0.09063720703125
0 0.9287109375 0.1082611083984375 0.02044677734375 0.1070404052734375
0 0.830078125 0.1010894775390625 0.0208892822265625 0.10955810546875
0 0.028839086154245172 0.31954196891316344 0.0206084097427413 0.08724149711784829