0 0.033905000000000005 0.74645 0.032595 0.158075
0 0.84668 0.266575 0.02092 0.10125
0 0.36157 0.061200000000000004 0.022629999999999997 0.1011
0 0.23132499999999998 0.108725 0.018510000000000002 0.09025
0 0.668945 0.1233 0.01799 0.08927500000000001
0 0.5717749999999999 0.207375 0.02542 0.10032500000000001
0 0.437255 0.210425 0.02246 0.11185
0 0.174315 0.19774999999999998 0.0222 0.113975
0 0.27466 0.22797499999999998 0.02289 0.11315
0 0.5542 0.058775 0.02443 0.11752499999999999
0 0.3291 0.09292500000000001 0.02072 0.10665
0 0.33178500000000005 0.30945 0.02452 0.1252
0 0.73242 0.065125 0.02069 0.09895
0 0.6367200000000001 0.07919999999999999 0.01979 0.098575
0 0.7509750000000001 0.24109999999999998 0.023559999999999998 0.1085
0 0.26000999999999996 0.090625 0.01718 0.07835
0 0.9101549999999999 0.205375 0.022035 0.111475
0 0.970215 0.11315 0.01898 0.078575
0 0.01473 0.242925 0.025465 0.12564999999999998
0 0.831055 0.160225 0.019760000000000003 0.09025
0 0.15747 0.09255000000000001 0.021455 0.10742499999999999
0 0.468995 0.131 0.01883 0.08927500000000001
0 0.876465 0.195625 0.023695 0.11862500000000001
0 0.65039 0.255425 0.0222 0.113975
0 0.06524500000000001 0.064125 0.02391 0.111475
0 0.9458 0.251625 0.02284 0.132075
0 0.14111500000000002 0.26015 0.022795000000000003 0.113975
0 0.032409999999999994 0.10742499999999999 0.019760000000000003 0.086525
0 0.5405249999999999 0.301525 0.02646 0.1278
0 0.40918 0.158075 0.019715 0.10955
0 0.768095 0.1127 0.020735 0.114525