0 0.86181640625 0.089263916015625 0.0165863037109375 0.100860595703125
0 0.4724212797527654 0.24711596299778832 0.024288910221031725 0.10841344455026433
0 0.548828125 0.286865234375 0.0226287841796875 0.08758544921875
0 0.73681640625 0.306549072265625 0.0179901123046875 0.123291015625
0 0.66943359375 0.080108642578125 0.0196380615234375 0.0925445556640625
0 0.014007568359375 0.24658203125 0.0262603759765625 0.1251983642578125
0 0.9755859375 0.21728515625 0.0202484130859375 0.099945068359375
0 0.9316283978296461 0.12064352761407687 0.021643026128042295 0.10556012651721623
0 0.9404296875 0.31280517578125 0.021087646484375 0.1052093505859375
0 0.036285400390625 0.0826263427734375 0.017242431640625 0.1038360595703125
0 0.26123046875 0.06870269775390625 0.02532958984375 0.109710693359375
0 0.46533203125 0.0684356689453125 0.018402099609375 0.0958251953125
0 0.171630859375 0.201568603515625 0.022796630859375 0.1052093505859375
0 0.1431884765625 0.303802490234375 0.0264129638671875 0.124664306640625
0 0.03326416015625 0.7659912109375 0.0394287109375 0.17181396484375
0 0.219970703125 0.2911376953125 0.0269622802734375 0.1026153564453125
0 0.31298828125 0.250701904296875 0.020965576171875 0.100860595703125
0 0.2568359375 0.232696533203125 0.0182342529296875 0.12542724609375
0 0.35205078125 0.26458740234375 0.025421142578125 0.1024627685546875
0 0.75830078125 0.04970550537109375 0.0162200927734375 0.0994110107421875
0 0.052825927734375 0.292816162109375 0.0218658447265625 0.09674072265625
0 0.53759765625 0.0868988037109375 0.0212860107421875 0.108489990234375
0 0.1285400390625 0.116424560546875 0.0257568359375 0.08819580078125
0 0.62451171875 0.2874755859375 0.0209197998046875 0.1129150390625
0 0.336669921875 0.07114410400390625 0.019195556640625 0.086212158203125
0 0.431396484375 0.1348114013671875 0.017303466796875 0.080108642578125
0 0.5107421875 0.22979736328125 0.0161590576171875 0.1180267333984375
0 0.82763671875 0.26947021484375 0.0204925537109375 0.1209259033203125
0 0.7724609375 0.214080810546875 0.0223236083984375 0.1125335693359375
0 0.6328125 0.1287841796875 0.0185089111328125 0.0765228271484375
0 0.830078125 0.1004791259765625 0.0192413330078125 0.1131439208984375