0 0.2294921875 0.135345458984375 0.0211181640625 0.107269287109375
0 0.2313232421875 0.26702880859375 0.023651123046875 0.1103973388671875
0 0.1373291015625 0.252532958984375 0.0211181640625 0.1093292236328125
0 0.450927734375 0.263519287109375 0.023284912109375 0.111236572265625
0 0.55908203125 0.301055908203125 0.019866943359375 0.094146728515625
0 0.330322265625 0.095062255859375 0.0185089111328125 0.0921630859375
0 0.10894775390625 0.1427459716796875 0.018096923828125 0.0952911376953125
0 0.56982421875 0.0981903076171875 0.02288818359375 0.09765625
0 0.5341796875 0.0926971435546875 0.017913818359375 0.09490966796875
0 0.9658203125 0.05710601806640625 0.0180206298828125 0.0954437255859375
0 0.3701171875 0.233612060546875 0.0235137939453125 0.12237548828125
0 0.65869140625 0.252532958984375 0.0223236083984375 0.11077880859375
0 0.362548828125 0.09063720703125 0.0174407958984375 0.0901031494140625
0 0.76953125 0.090789794921875 0.02288818359375 0.10345458984375
0 0.2587890625 0.0534820556640625 0.0202178955078125 0.099334716796875
0 0.66796875 0.0774383544921875 0.020416259765625 0.106658935546875
0 0.16943359375 0.1016998291015625 0.0196075439453125 0.09765625
0 0.845703125 0.27099609375 0.02069091796875 0.1114654541015625
0 0.63330078125 0.111846923828125 0.0182952880859375 0.0868988037109375
0 0.8759765625 0.235748291015625 0.0177154541015625 0.0921630859375
0 0.0304412841796875 0.102081298828125 0.01953125 0.0971221923828125
0 0.436767578125 0.0771331787109375 0.02044677734375 0.0926971435546875
0 0.73583984375 0.106201171875 0.017303466796875 0.087890625
0 0.92626953125 0.303802490234375 0.0217437744140625 0.1088714599609375
0 0.83154296875 0.121917724609375 0.019195556640625 0.0995635986328125
0 0.46923828125 0.1239776611328125 0.0160980224609375 0.086212158203125
0 0.7509765625 0.254058837890625 0.0212860107421875 0.1093292236328125
0 0.0755615234375 0.2362060546875 0.0206451416015625 0.1213836669921875
0 0.04217529296875 0.27099609375 0.02386474609375 0.1026153564453125
0 0.96630859375 0.249786376953125 0.023651123046875 0.097503662109375
0 0.033843994140625 0.7489013671875 0.032958984375 0.16632080078125