0 0.7685546875 0.0849151611328125 0.0212860107421875 0.1038360595703125
0 0.61083984375 0.232391357421875 0.0205230712890625 0.1093292236328125
0 0.03338623046875 0.0954437255859375 0.0181884765625 0.0971221923828125
0 0.734375 0.1184844970703125 0.0190582275390625 0.097808837890625
0 0.90966796875 0.183563232421875 0.0196075439453125 0.092010498046875
0 0.453857421875 0.055999755859375 0.0230255126953125 0.10955810546875
0 0.1385498046875 0.0909423828125 0.0179901123046875 0.089569091796875
0 0.935546875 0.21087646484375 0.02203369140625 0.11077880859375
0 0.1678466796875 0.0902557373046875 0.021453857421875 0.09918212890625
0 0.84619140625 0.272064208984375 0.019866943359375 0.1287841796875
0 0.53369140625 0.272064208984375 0.0196380615234375 0.1554107666015625
0 0.87646484375 0.190582275390625 0.021484375 0.113372802734375
0 0.061309814453125 0.29449462890625 0.02423095703125 0.0829315185546875
0 0.313232421875 0.2545166015625 0.0228424072265625 0.10955810546875
0 0.85595703125 0.097503662109375 0.0177154541015625 0.089569091796875
0 0.2100830078125 0.201873779296875 0.021240234375 0.1024627685546875
0 0.020416259765625 0.2838134765625 0.025909423828125 0.135345458984375
0 0.55615234375 0.05275726318359375 0.022979736328125 0.1055145263671875
0 0.7587890625 0.266571044921875 0.02691650390625 0.0981903076171875
0 0.430419921875 0.15625 0.0200653076171875 0.0946807861328125
0 0.1083984375 0.1548004150390625 0.01763916015625 0.1010894775390625
0 0.94189453125 0.05245208740234375 0.0186920166015625 0.084228515625
0 0.3701171875 0.0807952880859375 0.02069091796875 0.0885772705078125
0 0.63671875 0.05733489990234375 0.0182647705078125 0.0934600830078125
0 0.33544921875 0.06561279296875 0.020965576171875 0.1038360595703125
0 0.2481689453125 0.282745361328125 0.0216217041015625 0.1070404052734375
0 0.66943359375 0.089569091796875 0.0206451416015625 0.111846923828125
0 0.56884765625 0.26214599609375 0.0235595703125 0.11383056640625
0 0.270263671875 0.0899505615234375 0.0220794677734375 0.10955810546875
0 0.0360107421875 0.760498046875 0.03460693359375 0.174102783203125
0 0.442027206726551 0.2760409881112086 0.022420796414272786 0.11330940123342184