0 0.0341796875 0.7550048828125 0.034820556640625 0.15655517578125
0 0.8681640625 0.07335662841796875 0.01861572265625 0.09185791015625
0 0.92724609375 0.089263916015625 0.0223236083984375 0.1297760009765625
0 0.53955078125 0.22216796875 0.02288818359375 0.133056640625
0 0.43212890625 0.0695037841796875 0.0205230712890625 0.1050567626953125
0 0.467041015625 0.06511688232421875 0.0182647705078125 0.0972747802734375
0 0.5400390625 0.05558013916015625 0.019500732421875 0.0872039794921875
0 0.230224609375 0.0868988037109375 0.0219879150390625 0.107879638671875
0 0.414794921875 0.270538330078125 0.02215576171875 0.103607177734375
0 0.265380859375 0.097503662109375 0.01678466796875 0.097808837890625
0 0.37890625 0.21636962890625 0.020294189453125 0.09490966796875
0 0.96044921875 0.0522613525390625 0.0213623046875 0.0958251953125
0 0.1298828125 0.274505615234375 0.0226287841796875 0.11016845703125
0 0.060211181640625 0.28900146484375 0.0226287841796875 0.102996826171875
0 0.1634521484375 0.0958251953125 0.0179901123046875 0.0925445556640625
0 0.638671875 0.06740570068359375 0.020294189453125 0.096893310546875
0 0.51123046875 0.201263427734375 0.0192413330078125 0.089263916015625
0 0.70947265625 0.168914794921875 0.0203399658203125 0.1105499267578125
0 0.9261489893337941 0.30947855837458643 0.021670537261338396 0.13029439702261036
0 0.0190887451171875 0.260162353515625 0.0223236083984375 0.11077880859375
0 0.8623046875 0.286865234375 0.0219879150390625 0.07801055908203125
0 0.13134765625 0.1003265380859375 0.021240234375 0.1070404052734375
0 0.64404296875 0.24200439453125 0.0227203369140625 0.0868988037109375
0 0.76806640625 0.0817108154296875 0.0180511474609375 0.0885772705078125
0 0.2220458984375 0.25970458984375 0.021240234375 0.11688232421875
0 0.7412109375 0.26214599609375 0.020843505859375 0.106201171875
0 0.03289794921875 0.08758544921875 0.0200653076171875 0.1012420654296875
0 0.36083984375 0.0705718994140625 0.0167236328125 0.089263916015625
0 0.8330078125 0.09765625 0.021240234375 0.0901031494140625
0 0.344482421875 0.311126708984375 0.019378662109375 0.0952911376953125
0 0.66943359375 0.135345458984375 0.0192718505859375 0.0885772705078125