0 0.74072265625 0.058441162109375 0.016845703125 0.086517333984375
0 0.7705078125 0.1422119140625 0.019683837890625 0.079803466796875
0 0.65625 0.053253173828125 0.01560211181640625 0.10955810546875
0 0.9658203125 0.218505859375 0.02801513671875 0.1277923583984375
0 0.83984375 0.0551605224609375 0.0208892822265625 0.0943756103515625
0 0.355224609375 0.267486572265625 0.023773193359375 0.107879638671875
0 0.74072265625 0.234527587890625 0.024658203125 0.1068115234375
0 0.62646484375 0.09857177734375 0.0156707763671875 0.1044464111328125
0 0.4453125 0.27496337890625 0.02215576171875 0.1018524169921875
0 0.810546875 0.1922607421875 0.0199432373046875 0.0923919677734375
0 0.1627197265625 0.0522613525390625 0.018157958984375 0.1003265380859375
0 0.071044921875 0.08758544921875 0.0193023681640625 0.0826263427734375
0 0.263671875 0.0962066650390625 0.016845703125 0.089569091796875
0 0.1287841796875 0.086517333984375 0.01971435546875 0.1175689697265625
0 0.52734375 0.3082275390625 0.021484375 0.1103973388671875
0 0.92919921875 0.276031494140625 0.02947998046875 0.11383056640625
0 0.56787109375 0.24383544921875 0.0222930908203125 0.106201171875
0 0.8369140625 0.204925537109375 0.0225830078125 0.104217529296875
0 0.95849609375 0.0885772705078125 0.01450347900390625 0.099334716796875
0 0.43359375 0.0577545166015625 0.0131683349609375 0.0885772705078125
0 0.23193359375 0.099334716796875 0.0177764892578125 0.0943756103515625
0 0.40966796875 0.191192626953125 0.0203704833984375 0.1044464111328125
0 0.0509033203125 0.28900146484375 0.0202178955078125 0.1052093505859375
0 0.63525390625 0.3173828125 0.02484130859375 0.123291015625
0 0.315673828125 0.2520751953125 0.0212860107421875 0.1064300537109375
0 0.230224609375 0.284271240234375 0.022979736328125 0.12237548828125
0 0.03521728515625 0.07450103759765625 0.02069091796875 0.102081298828125
0 0.335205078125 0.116424560546875 0.019012451171875 0.078887939453125
0 0.56494140625 0.06336212158203125 0.021240234375 0.1012420654296875
0 0.1651611328125 0.2740478515625 0.0225830078125 0.111236572265625
0 0.03448486328125 0.7476806640625 0.02801513671875 0.178375244140625