0 0.7373046875 0.05733489990234375 0.0182342529296875 0.0872039794921875
0 0.45556640625 0.29388427734375 0.0216217041015625 0.1081085205078125
0 0.60986328125 0.1727294921875 0.0196075439453125 0.104827880859375
0 0.47021484375 0.084228515625 0.01861572265625 0.0901031494140625
0 0.27685546875 0.21636962890625 0.022369384765625 0.1114654541015625
0 0.93115234375 0.1151275634765625 0.019989013671875 0.093994140625
0 0.0703125 0.1142120361328125 0.0194244384765625 0.099945068359375
0 0.7119140625 0.229339599609375 0.019989013671875 0.102081298828125
0 0.533203125 0.1003265380859375 0.01971435546875 0.1045989990234375
0 0.43359375 0.0868988037109375 0.0199127197265625 0.106201171875
0 0.85986328125 0.092926025390625 0.017242431640625 0.078582763671875
0 0.37353515625 0.199737548828125 0.01971435546875 0.1358795166015625
0 0.3408203125 0.2679443359375 0.0236968994140625 0.109100341796875
0 0.96484375 0.0638580322265625 0.0227203369140625 0.1055908203125
0 0.638671875 0.093231201171875 0.01837158203125 0.08758544921875
0 0.91748046875 0.25543212890625 0.0240020751953125 0.1126861572265625
0 0.564453125 0.0997161865234375 0.01751708984375 0.087890625
0 0.1678466796875 0.07030487060546875 0.0194549560546875 0.0943756103515625
0 0.037384033203125 0.22979736328125 0.0212860107421875 0.107269287109375
0 0.8447265625 0.284881591796875 0.020294189453125 0.1012420654296875
0 0.1484375 0.28228759765625 0.022674560546875 0.11077880859375
0 0.356689453125 0.079498291015625 0.0196380615234375 0.0826263427734375
0 0.83251953125 0.1230621337890625 0.018096923828125 0.095062255859375
0 0.01061248779296875 0.201263427734375 0.0208892822265625 0.072784423828125
0 0.66943359375 0.0868988037109375 0.0177154541015625 0.0899505615234375
0 0.744140625 0.244293212890625 0.027374267578125 0.107269287109375
0 0.568359375 0.255889892578125 0.0216522216796875 0.0997161865234375
0 0.2315673828125 0.149078369140625 0.0182342529296875 0.0914764404296875
0 0.110107421875 0.203857421875 0.0224151611328125 0.12664794921875
0 0.2425537109375 0.2801513671875 0.020172119140625 0.103607177734375
0 0.033905029296875 0.73974609375 0.033782958984375 0.1629638671875