0 0.6630859375 0.06610870361328125 0.01763916015625 0.087890625
0 0.52880859375 0.125885009765625 0.022369384765625 0.1032257080078125
0 0.036163330078125 0.0965118408203125 0.0216217041015625 0.106201171875
0 0.1094970703125 0.196380615234375 0.0206451416015625 0.104217529296875
0 0.227294921875 0.10955810546875 0.0205230712890625 0.0899505615234375
0 0.5625 0.060596466064453125 0.0222015380859375 0.12119293212890625
0 0.93310546875 0.04947662353515625 0.018798828125 0.091705322265625
0 0.23974609375 0.3082275390625 0.02532958984375 0.102996826171875
0 0.134521484375 0.0955963134765625 0.021209716796875 0.09857177734375
0 0.0706787109375 0.09674072265625 0.0160980224609375 0.07564544677734375
0 0.331787109375 0.100860595703125 0.0200958251953125 0.0955963134765625
0 0.370849609375 0.242462158203125 0.0219879150390625 0.1044464111328125
0 0.469482421875 0.128326416015625 0.019012451171875 0.0846099853515625
0 0.73876953125 0.0921630859375 0.02044677734375 0.1038360595703125
0 0.165771484375 0.07537841796875 0.020965576171875 0.1003265380859375
0 0.869140625 0.08758544921875 0.0196075439453125 0.0868988037109375
0 0.437744140625 0.0534820556640625 0.0189361572265625 0.0885772705078125
0 0.2578125 0.05046844482421875 0.0225067138671875 0.099945068359375
0 0.77099609375 0.1116180419921875 0.017242431640625 0.07595062255859375
0 0.36376953125 0.095062255859375 0.0169830322265625 0.089569091796875
0 0.410400390625 0.188446044921875 0.021820068359375 0.1129150390625
0 0.640625 0.32196044921875 0.0196075439453125 0.105438232421875
0 0.6318359375 0.1195526123046875 0.01953125 0.0963592529296875
0 0.01467132568359375 0.27862548828125 0.0210113525390625 0.098419189453125
0 0.51513671875 0.244293212890625 0.0243377685546875 0.1297760009765625
0 0.9458252355907077 0.24906903765002864 0.027279582529522096 0.1274864274007929
0 0.9111328125 0.237579345703125 0.023101806640625 0.1016998291015625
0 0.7109375 0.241546630859375 0.018585205078125 0.0955963134765625
0 0.810546875 0.2008056640625 0.0211181640625 0.1016998291015625
0 0.8388671875 0.05664825439453125 0.02001953125 0.094146728515625
0 0.03594970703125 0.75927734375 0.040771484375 0.201873779296875