0 0.34082 0.22842500000000002 0.024885 0.1207
0 0.56299 0.23055 0.029875 0.148775
0 0.93799 0.261225 0.02101 0.09895
0 0.473145 0.23895 0.022585 0.1149
0 0.657715 0.0917 0.019989999999999997 0.11382500000000001
0 0.33838 0.09185 0.01927 0.08689999999999999
0 0.7583 0.054275000000000004 0.023195 0.10247500000000001
0 0.069275 0.08522500000000001 0.02133 0.0962
0 0.8657250000000001 0.10085000000000001 0.02112 0.098425
0 0.9414049999999999 0.07195 0.019454999999999997 0.098425
0 0.236695 0.09415 0.01883 0.090475
0 0.626465 0.10285 0.020845 0.09880000000000001
0 0.308595 0.17149999999999999 0.018645 0.09820000000000001
0 0.6381849999999999 0.269475 0.025225 0.15335000000000001
0 0.132935 0.10400000000000001 0.018905 0.104225
0 0.42919999999999997 0.113975 0.022765 0.099325
0 0.72705 0.098575 0.024095 0.118475
0 0.11261 0.234975 0.026109999999999998 0.13275
0 0.970705 0.111 0.01877 0.08927500000000001
0 0.015305 0.27405 0.02112 0.10605
0 0.033905000000000005 0.07335 0.01927 0.098425
0 0.24377500000000002 0.234975 0.022675 0.1081
0 0.52588 0.30655 0.026809999999999997 0.11710000000000001
0 0.81592 0.24932500000000002 0.026655 0.12587500000000001
0 0.457275 0.048174999999999996 0.018690000000000002 0.091325
0 0.154175 0.24337499999999998 0.0287 0.115975
0 0.26831 0.087575 0.0222 0.1081
0 0.82959 0.06585 0.020524999999999998 0.0956
0 0.73633 0.30595 0.02246 0.13405
0 0.561035 0.05644999999999999 0.020415 0.10994999999999999
0 0.03372 0.7531749999999999 0.036285 0.187375