0 0.060516357421875 0.28961181640625 0.0223236083984375 0.1105499267578125
0 0.341796875 0.06610870361328125 0.018157958984375 0.089569091796875
0 0.732421875 0.148773193359375 0.0154266357421875 0.0902557373046875
0 0.23388671875 0.0981903076171875 0.015838623046875 0.0952911376953125
0 0.439697265625 0.0771331787109375 0.01306915283203125 0.0855255126953125
0 0.54150390625 0.303802490234375 0.024383544921875 0.1213836669921875
0 0.03424072265625 0.09063720703125 0.0187225341796875 0.11016845703125
0 0.669921875 0.13763427734375 0.0203704833984375 0.0689697265625
0 0.44091796875 0.266571044921875 0.0229339599609375 0.10955810546875
0 0.0204925537109375 0.267486572265625 0.0230712890625 0.106201171875
0 0.141357421875 0.0708770751953125 0.0179901123046875 0.08758544921875
0 0.369873046875 0.1050567626953125 0.019561767578125 0.0768280029296875
0 0.26708984375 0.2685546875 0.0233306884765625 0.1161956787109375
0 0.98046875 0.222930908203125 0.0206451416015625 0.0820159912109375
0 0.63623046875 0.242462158203125 0.01560211181640625 0.078887939453125
0 0.5751953125 0.20263671875 0.0196380615234375 0.098419189453125
0 0.642578125 0.111846923828125 0.016845703125 0.0899505615234375
0 0.7421875 0.294952392578125 0.021697998046875 0.09674072265625
0 0.94580078125 0.31341552734375 0.0173797607421875 0.0965118408203125
0 0.3115234375 0.194854736328125 0.0216217041015625 0.0872039794921875
0 0.86181640625 0.0579833984375 0.0232391357421875 0.098419189453125
0 0.77783203125 0.23895263671875 0.02288818359375 0.117340087890625
0 0.830078125 0.1166534423828125 0.0192718505859375 0.0958251953125
0 0.5576171875 0.05645751953125 0.017242431640625 0.107421875
0 0.2254638671875 0.306549072265625 0.0211639404296875 0.08392333984375
0 0.17041015625 0.11016845703125 0.019500732421875 0.0722503662109375
0 0.93408203125 0.133819580078125 0.018829345703125 0.0965118408203125
0 0.410400390625 0.225067138671875 0.01934814453125 0.0684356689453125
0 0.1392822265625 0.26375568505738456 0.022506713867187503 0.07566856152585581
0 0.8154296875 0.252532958984375 0.0217437744140625 0.1505279541015625
0 0.03448486328125 0.7525634765625 0.04132080078125 0.203399658203125