0 0.55615234375 0.05146026611328125 0.0199432373046875 0.0921630859375
0 0.469970703125 0.26214599609375 0.023101806640625 0.109100341796875
0 0.235595703125 0.096893310546875 0.019989013671875 0.0952911376953125
0 0.609375 0.1959228515625 0.018402099609375 0.0925445556640625
0 0.52783203125 0.115966796875 0.0217437744140625 0.109710693359375
0 0.7578125 0.292205810546875 0.0233306884765625 0.1058197021484375
0 0.5419921875 0.29327392578125 0.0245208740234375 0.1116180419921875
0 0.2103271484375 0.1953125 0.0202484130859375 0.104827880859375
0 0.06939697265625 0.2630615234375 0.02044677734375 0.09490966796875
0 0.336669921875 0.0768280029296875 0.0199127197265625 0.0997161865234375
0 0.432861328125 0.27801513671875 0.027008056640625 0.117340087890625
0 0.8359375 0.093994140625 0.020599365234375 0.090484619140625
0 0.71728515625 0.25543212890625 0.0215301513671875 0.107269287109375
0 0.90869140625 0.18218994140625 0.018341064453125 0.09857177734375
0 0.970703125 0.11077880859375 0.01953125 0.095062255859375
0 0.461181640625 0.05367279052734375 0.018402099609375 0.0909423828125
0 0.130615234375 0.140838623046875 0.0199127197265625 0.08758544921875
0 0.348876953125 0.290069580078125 0.0187225341796875 0.1052093505859375
0 0.06524658203125 0.106658935546875 0.0164642333984375 0.079193115234375
0 0.310302734375 0.218505859375 0.0191192626953125 0.1081085205078125
0 0.26806640625 0.0783538818359375 0.021453857421875 0.1039886474609375
0 0.03289794921875 0.74951171875 0.035003662109375 0.175018310546875
0 0.6376953125 0.210418701171875 0.022369384765625 0.0936126708984375
0 0.94287109375 0.27496337890625 0.019561767578125 0.108489990234375
0 0.638671875 0.0562286376953125 0.0196075439453125 0.0952911376953125
0 0.77001953125 0.08392333984375 0.0207672119140625 0.109100341796875
0 0.1378173828125 0.280609130859375 0.0273284912109375 0.1256561279296875
0 0.159423828125 0.052642822265625 0.0184783935546875 0.0872039794921875
0 0.86669921875 0.0783538818359375 0.02276611328125 0.099945068359375
0 0.027801513671875 0.301055908203125 0.0217437744140625 0.118255615234375
0 0.80908203125 0.17913818359375 0.0184326171875 0.100860595703125