0 0.40966796875 0.21240234375 0.0199127197265625 0.095062255859375
0 0.43994140625 0.221405029296875 0.022369384765625 0.111846923828125
0 0.646484375 0.237579345703125 0.026153564453125 0.1280975341796875
0 0.57080078125 0.089263916015625 0.02215576171875 0.097808837890625
0 0.5576171875 0.2734375 0.0241851806640625 0.118865966796875
0 0.9111328125 0.2276611328125 0.02191162109375 0.0965118408203125
0 0.9697265625 0.086517333984375 0.0189056396484375 0.095062255859375
0 0.467529296875 0.0849151611328125 0.022369384765625 0.1038360595703125
0 0.2247314453125 0.307159423828125 0.0230712890625 0.1126861572265625
0 0.708984375 0.18280029296875 0.0189056396484375 0.1161956787109375
0 0.158203125 0.0868988037109375 0.015777587890625 0.07625579833984375
0 0.029754638671875 0.06214141845703125 0.01953125 0.1081085205078125
0 0.609375 0.214385986328125 0.020599365234375 0.1325225830078125
0 0.84521484375 0.30487060546875 0.01971435546875 0.09765625
0 0.857421875 0.064849853515625 0.0196380615234375 0.1004791259765625
0 0.74169921875 0.225067138671875 0.02203369140625 0.11383056640625
0 0.131103515625 0.113372802734375 0.0185089111328125 0.0899505615234375
0 0.5341796875 0.1087188720703125 0.0185089111328125 0.0846099853515625
0 0.1434326171875 0.2801513671875 0.02532958984375 0.1175689697265625
0 0.83154296875 0.1175689697265625 0.0162811279296875 0.0945281982421875
0 0.66650390625 0.1088714599609375 0.0218658447265625 0.1082611083984375
0 0.93701171875 0.060272216796875 0.02044677734375 0.095977783203125
0 0.3408203125 0.3082275390625 0.028106689453125 0.130767822265625
0 0.0489501953125 0.235748291015625 0.02606201171875 0.1235198974609375
0 0.265380859375 0.252532958984375 0.0252685546875 0.1273345947265625
0 0.35009765625 0.0638580322265625 0.01953125 0.0911712646484375
0 0.76806640625 0.1216888427734375 0.0193023681640625 0.089263916015625
0 0.06585693359375 0.1157379150390625 0.0207977294921875 0.0868988037109375
0 0.325439453125 0.1184844970703125 0.018768310546875 0.137939453125
0 0.034423828125 0.7489013671875 0.04052734375 0.19927978515625
0 0.266357421875 0.06336212158203125 0.0177764892578125 0.09307861328125