0 0.85888671875 0.284881591796875 0.0230712890625 0.12115478515625
0 0.65966796875 0.0958251953125 0.0229339599609375 0.0926971435546875
0 0.53125 0.086212158203125 0.020843505859375 0.104217529296875
0 0.7275390625 0.28228759765625 0.0246124267578125 0.120697021484375
0 0.970703125 0.1003265380859375 0.0156707763671875 0.0954437255859375
0 0.4697265625 0.137176513671875 0.0196380615234375 0.1088714599609375
0 0.5654296875 0.0997161865234375 0.0177764892578125 0.08758544921875
0 0.310791015625 0.20660400390625 0.0202484130859375 0.1153564453125
0 0.6279296875 0.0995635986328125 0.024749755859375 0.1177978515625
0 0.10968017578125 0.167388916015625 0.02069091796875 0.118865966796875
0 0.767578125 0.269927978515625 0.0228424072265625 0.1093292236328125
0 0.435302734375 0.0817108154296875 0.015716552734375 0.1007080078125
0 0.2666015625 0.1044464111328125 0.018096923828125 0.087890625
0 0.344970703125 0.25634765625 0.021453857421875 0.1126861572265625
0 0.6279296875 0.27557373046875 0.0252685546875 0.1116180419921875
0 0.72998046875 0.0925445556640625 0.0182647705078125 0.10955810546875
0 0.027587890625 0.101470947265625 0.0225372314453125 0.1018524169921875
0 0.07208251953125 0.218048095703125 0.02838134765625 0.108489990234375
0 0.058441162109375 0.0829315185546875 0.0190887451171875 0.089569091796875
0 0.44921875 0.280609130859375 0.022979736328125 0.1103973388671875
0 0.9111328125 0.21636962890625 0.0196380615234375 0.0945281982421875
0 0.2587890625 0.254058837890625 0.0248870849609375 0.115509033203125
0 0.33642578125 0.10009765625 0.015777587890625 0.095062255859375
0 0.2176513671875 0.2545166015625 0.0220794677734375 0.1120758056640625
0 0.93896484375 0.0714111328125 0.018829345703125 0.11077880859375
0 0.81689453125 0.24932861328125 0.023956298828125 0.111236572265625
0 0.14111328125 0.066375732421875 0.01763916015625 0.084228515625
0 0.169921875 0.1395416259765625 0.019195556640625 0.07167816162109375
0 0.8310546875 0.07770538330078125 0.021697998046875 0.1064300537109375
0 0.52099609375 0.26458740234375 0.0224151611328125 0.10955810546875
0 0.03460693359375 0.753173828125 0.043609619140625 0.22674560546875