0 0.328857421875 0.137939453125 0.018646240234375 0.094146728515625
0 0.23095703125 0.085906982421875 0.0206451416015625 0.1052093505859375
0 0.465087890625 0.0586700439453125 0.0190887451171875 0.1018524169921875
0 0.5791015625 0.216064453125 0.0210113525390625 0.1044464111328125
0 0.466064453125 0.27557373046875 0.02276611328125 0.1038360595703125
0 0.7587890625 0.265045166015625 0.0223236083984375 0.107269287109375
0 0.9430938368268807 0.27159880333102887 0.02122795685688653 0.0948180900604953
0 0.360595703125 0.05146026611328125 0.0165252685546875 0.102081298828125
0 0.83544921875 0.206146240234375 0.0240936279296875 0.1058197021484375
0 0.010158538818359375 0.177764892578125 0.02031707763671875 0.1070404052734375
0 0.1650390625 0.06336212158203125 0.019561767578125 0.106048583984375
0 0.040679931640625 0.222930908203125 0.0225067138671875 0.1044464111328125
0 0.716796875 0.26214599609375 0.0244293212890625 0.09063720703125
0 0.0325927734375 0.745849609375 0.0330810546875 0.167999267578125
0 0.9384765625 0.063629150390625 0.0213623046875 0.0962066650390625
0 0.330810546875 0.282745361328125 0.0279541015625 0.1297760009765625
0 0.67041015625 0.0836181640625 0.017242431640625 0.090789794921875
0 0.8076171875 0.137939453125 0.016845703125 0.08819580078125
0 0.06939697265625 0.1320648193359375 0.01812744140625 0.0855255126953125
0 0.1312255859375 0.12664794921875 0.0177154541015625 0.095977783203125
0 0.8408203125 0.0901031494140625 0.017578125 0.0868988037109375
0 0.430419921875 0.08758544921875 0.017578125 0.0995635986328125
0 0.97119140625 0.1010894775390625 0.02001953125 0.079498291015625
0 0.560546875 0.066375732421875 0.015838623046875 0.0814056396484375
0 0.533203125 0.1568603515625 0.0164031982421875 0.0765228271484375
0 0.26220703125 0.2484130859375 0.022796630859375 0.1131439208984375
0 0.22216796875 0.29876708984375 0.02276611328125 0.1068115234375
0 0.1253662109375 0.27252197265625 0.021575927734375 0.106048583984375
0 0.63427734375 0.0981903076171875 0.02191162109375 0.0804901123046875
0 0.734375 0.1153564453125 0.019561767578125 0.0820159912109375
0 0.61962890625 0.294952392578125 0.02288818359375 0.086212158203125