0 0.36669921875 0.07450103759765625 0.0239105224609375 0.1070404052734375
0 0.72900390625 0.1451873779296875 0.022796630859375 0.1082611083984375
0 0.354248046875 0.244293212890625 0.020965576171875 0.104217529296875
0 0.2325439453125 0.1039886474609375 0.0200653076171875 0.0921630859375
0 0.83837890625 0.05474090576171875 0.0177764892578125 0.0852203369140625
0 0.86962890625 0.132293701171875 0.019012451171875 0.0817108154296875
0 0.6396484375 0.0807952880859375 0.0182647705078125 0.0901031494140625
0 0.60986328125 0.194091796875 0.017913818359375 0.090789794921875
0 0.4755859375 0.1971435546875 0.0240478515625 0.1103973388671875
0 0.430419921875 0.1479339599609375 0.01422882080078125 0.1004791259765625
0 0.25634765625 0.2410888671875 0.026702880859375 0.1161956787109375
0 0.77099609375 0.198211669921875 0.0254669189453125 0.1361083984375
0 0.52197265625 0.297088623046875 0.0225372314453125 0.0988006591796875
0 0.56298828125 0.28167724609375 0.021240234375 0.09918212890625
0 0.974609375 0.2301025390625 0.0207977294921875 0.1007080078125
0 0.75537109375 0.05580902099609375 0.0240936279296875 0.09765625
0 0.64013671875 0.280609130859375 0.021820068359375 0.1251983642578125
0 0.9423828125 0.265045166015625 0.0246124267578125 0.1116180419921875
0 0.443359375 0.2587890625 0.0240020751953125 0.123291015625
0 0.5673828125 0.0909423828125 0.0222015380859375 0.124969482421875
0 0.10992431640625 0.194091796875 0.0216217041015625 0.11016845703125
0 0.333251953125 0.106048583984375 0.019989013671875 0.09918212890625
0 0.1685791015625 0.1166534423828125 0.0179901123046875 0.0823211669921875
0 0.135009765625 0.05245208740234375 0.0193023681640625 0.0872039794921875
0 0.03656005859375 0.06687164306640625 0.0185394287109375 0.087890625
0 0.048126220703125 0.286407470703125 0.0230712890625 0.113983154296875
0 0.0701904296875 0.0913238525390625 0.0199432373046875 0.093841552734375
0 0.2138671875 0.23406982421875 0.0211181640625 0.119781494140625
0 0.95703125 0.05733489990234375 0.015777587890625 0.1070404052734375
0 0.8408203125 0.232391357421875 0.0250396728515625 0.1125335693359375
0 0.032470703125 0.753173828125 0.0333251953125 0.201263427734375