0 0.708495 0.17532499999999998 0.017105000000000002 0.10460000000000001
0 0.43407999999999997 0.083925 0.019425 0.0962
0 0.83008 0.0674 0.020065000000000003 0.0962
0 0.56836 0.076825 0.02121 0.111
0 0.46802 0.118875 0.01837 0.09415
0 0.11615 0.252525 0.023774999999999998 0.082025
0 0.33813499999999996 0.077125 0.01799 0.08994999999999999
0 0.34497000000000005 0.272075 0.026705 0.136325
0 0.7417 0.1085 0.0193 0.103825
0 0.6240249999999999 0.094675 0.02162 0.113975
0 0.6601549999999999 0.09025 0.0159 0.121375
0 0.855955 0.28595 0.02414 0.11055
0 0.769045 0.12564999999999998 0.01567 0.09025
0 0.92969 0.11862500000000001 0.020524999999999998 0.09765
0 0.010695 0.2278 0.020495 0.11964999999999999
0 0.27173 0.22002500000000003 0.023954999999999997 0.11512499999999999
0 0.23352 0.281225 0.025955 0.1207
0 0.23022499999999999 0.139 0.02017 0.09727499999999999
0 0.95801 0.24245 0.022155 0.151675
0 0.9155249999999999 0.242 0.027954999999999997 0.136325
0 0.813965 0.24337499999999998 0.02817 0.128325
0 0.370115 0.1374 0.02136 0.070575
0 0.04303 0.23147500000000001 0.02199 0.11055
0 0.134035 0.086525 0.0206 0.1011
0 0.15674000000000002 0.2983 0.022719999999999997 0.1155
0 0.53418 0.102625 0.019989999999999997 0.09292500000000001
0 0.552245 0.242 0.023329999999999997 0.11735
0 0.45801 0.27602499999999996 0.024050000000000002 0.13055
0 0.069275 0.088575 0.02022 0.103225
0 0.035065 0.7483 0.02655 0.201875
0 0.62842 0.27602499999999996 0.034025 0.166325