0 0.939453125 0.21881103515625 0.02215576171875 0.1044464111328125
0 0.90966796875 0.20965576171875 0.0208892822265625 0.0955963134765625
0 0.0379638671875 0.05687713623046875 0.0206451416015625 0.0962066650390625
0 0.826171875 0.078887939453125 0.0217437744140625 0.1064300537109375
0 0.736328125 0.070037841796875 0.017303466796875 0.08819580078125
0 0.66650390625 0.225067138671875 0.0258026123046875 0.1317596435546875
0 0.1697998046875 0.089569091796875 0.0191192626953125 0.10009765625
0 0.96875 0.093994140625 0.0211639404296875 0.099945068359375
0 0.6259765625 0.085906982421875 0.019561767578125 0.099334716796875
0 0.77099609375 0.1280975341796875 0.0192413330078125 0.0909423828125
0 0.309814453125 0.21087646484375 0.0162200927734375 0.084228515625
0 0.5615234375 0.05184173583984375 0.0217437744140625 0.103607177734375
0 0.47021484375 0.153350830078125 0.0164642333984375 0.0814056396484375
0 0.37109375 0.128326416015625 0.015838623046875 0.0804901123046875
0 0.3408203125 0.0943756103515625 0.0179901123046875 0.0888824462890625
0 0.2327880859375 0.06977081298828125 0.01837158203125 0.092010498046875
0 0.65673828125 0.09490966796875 0.019683837890625 0.1244354248046875
0 0.06927490234375 0.08758544921875 0.018157958984375 0.089569091796875
0 0.7119140625 0.221405029296875 0.0231475830078125 0.09674072265625
0 0.21533203125 0.242462158203125 0.025177001953125 0.1171112060546875
0 0.4404296875 0.0719451904296875 0.018096923828125 0.0676727294921875
0 0.26806640625 0.1087188720703125 0.0196075439453125 0.089263916015625
0 0.010425567626953125 0.215606689453125 0.02085113525390625 0.0909423828125
0 0.8564453125 0.2410888671875 0.022796630859375 0.14007568359375
0 0.1165771484375 0.2520751953125 0.022369384765625 0.107269287109375
0 0.56396484375 0.221405029296875 0.024932861328125 0.1366424560546875
0 0.44091796875 0.260162353515625 0.02337646484375 0.123291015625
0 0.52587890625 0.301513671875 0.023193359375 0.118255615234375
0 0.8642578125 0.08758544921875 0.020416259765625 0.09765625
0 0.033203125 0.745849609375 0.03155517578125 0.15838623046875
0 0.15650025421017694 0.29373907969579793 0.020825064408324895 0.11529417663613885