0 0.07014620689048653 0.14023578759644706 0.020748845984651883 0.08885933154055042
0 0.63232421875 0.270499868431971 0.020645141601562483 0.1371758843248795
0 0.7587890625 0.0605010986328125 0.0180206298828125 0.0943756103515625
0 0.33203125 0.1290130615234375 0.0177764892578125 0.0888824462890625
0 0.7451171875 0.307159423828125 0.0207977294921875 0.1039886474609375
0 0.327392578125 0.2838134765625 0.02447509765625 0.1202392578125
0 0.435546875 0.0814056396484375 0.02069091796875 0.086212158203125
0 0.2374267578125 0.2655029296875 0.0299224853515625 0.1325225830078125
0 0.009746551513671875 0.183868408203125 0.01949310302734375 0.107879638671875
0 0.8232421875 0.265960693359375 0.0297088623046875 0.145721435546875
0 0.1356201171875 0.0714111328125 0.0219879150390625 0.1016998291015625
0 0.1700439453125 0.084228515625 0.019866943359375 0.1016998291015625
0 0.2274169921875 0.142974853515625 0.018585205078125 0.1180267333984375
0 0.416015625 0.261688232421875 0.027069091796875 0.133056640625
0 0.365478515625 0.06313323974609375 0.0181884765625 0.08819580078125
0 0.52685546875 0.3094482421875 0.021820068359375 0.1081085205078125
0 0.041839599609375 0.2484130859375 0.020294189453125 0.1251983642578125
0 0.11358642578125 0.259246826171875 0.0220794677734375 0.09674072265625
0 0.73193359375 0.1184844970703125 0.01837158203125 0.089569091796875
0 0.9794921875 0.21087646484375 0.0200653076171875 0.096893310546875
0 0.6279296875 0.1003265380859375 0.0264129638671875 0.1297760009765625
0 0.53125 0.09490966796875 0.0206451416015625 0.1016998291015625
0 0.93212890625 0.1580810546875 0.015777587890625 0.086212158203125
0 0.45556640625 0.292816162109375 0.0238189697265625 0.1064300537109375
0 0.271728515625 0.2008056640625 0.0280609130859375 0.094146728515625
0 0.56640625 0.0638580322265625 0.018096923828125 0.091705322265625
0 0.034423828125 0.736083984375 0.036224365234375 0.1531219482421875
0 0.65869140625 0.0872039794921875 0.0189056396484375 0.109100341796875
0 0.947265625 0.28594970703125 0.021331787109375 0.107269287109375
0 0.86083984375 0.22796630859375 0.026458740234375 0.16082763671875
0 0.82763671875 0.123291015625 0.0210113525390625 0.109100341796875