0 0.333984375 0.067138671875 0.018829345703125 0.0955963134765625
0 0.91015625 0.198516845703125 0.0207977294921875 0.10223388671875
0 0.31298828125 0.230560302734375 0.02532958984375 0.1216888427734375
0 0.23583984375 0.0899505615234375 0.0205230712890625 0.109100341796875
0 0.85791015625 0.0470733642578125 0.020172119140625 0.0885772705078125
0 0.25341796875 0.295562744140625 0.0212860107421875 0.0988006591796875
0 0.94384765625 0.258331298828125 0.0236053466796875 0.107879638671875
0 0.414794921875 0.271453857421875 0.0202484130859375 0.104827880859375
0 0.06915283203125 0.09674072265625 0.0216217041015625 0.1012420654296875
0 0.71142578125 0.212860107421875 0.0217742919921875 0.1123046875
0 0.2705078125 0.092010498046875 0.0184326171875 0.0936126708984375
0 0.63623046875 0.27252197265625 0.021209716796875 0.1010894775390625
0 0.771484375 0.0855255126953125 0.0199127197265625 0.100860595703125
0 0.0345458984375 0.750732421875 0.03192138671875 0.16448974609375
0 0.63037109375 0.140838623046875 0.02001953125 0.0943756103515625
0 0.5361328125 0.238494873046875 0.0191650390625 0.107269287109375
0 0.83447265625 0.307159423828125 0.021942138671875 0.1151275634765625
0 0.7373046875 0.098419189453125 0.0202484130859375 0.092926025390625
0 0.66015625 0.05687713623046875 0.020721435546875 0.1039886474609375
0 0.970703125 0.1297760009765625 0.0192413330078125 0.0817108154296875
0 0.1387939453125 0.0807952880859375 0.0216217041015625 0.0888824462890625
0 0.0401611328125 0.2606201171875 0.02203369140625 0.1012420654296875
0 0.5703125 0.123748779296875 0.019683837890625 0.079498291015625
0 0.1451416015625 0.2679443359375 0.019561767578125 0.0888824462890625
0 0.169189453125 0.1416778564453125 0.0164031982421875 0.0829315185546875
0 0.47119140625 0.101470947265625 0.020599365234375 0.0955963134765625
0 0.36865234375 0.113372802734375 0.01983642578125 0.0902557373046875
0 0.5107421875 0.1971435546875 0.0184326171875 0.091705322265625
0 0.435546875 0.093994140625 0.017852783203125 0.109710693359375
0 0.009380340576171875 0.1605224609375 0.01876068115234375 0.100860595703125
0 0.8687455900949694 0.21335919168420925 0.019045622760511263 0.15670449106749829