0 0.01116180419921875 0.2197265625 0.0196075439453125 0.1216888427734375
0 0.049407958984375 0.292816162109375 0.021575927734375 0.09857177734375
0 0.412109375 0.234527587890625 0.0246124267578125 0.1366424560546875
0 0.556640625 0.286407470703125 0.0200653076171875 0.1300048828125
0 0.51220703125 0.246124267578125 0.026153564453125 0.1275634765625
0 0.1334228515625 0.1081085205078125 0.019866943359375 0.0989532470703125
0 0.11199951171875 0.23193359375 0.023101806640625 0.11688232421875
0 0.34228515625 0.257720947265625 0.0255584716796875 0.1200103759765625
0 0.455322265625 0.28167724609375 0.0216217041015625 0.1277923583984375
0 0.5625 0.0577545166015625 0.020599365234375 0.097808837890625
0 0.9794921875 0.21759033203125 0.0228424072265625 0.1004791259765625
0 0.93408203125 0.1251983642578125 0.0167236328125 0.080108642578125
0 0.6552734375 0.25543212890625 0.022247314453125 0.100860595703125
0 0.94482421875 0.31463623046875 0.0196075439453125 0.093231201171875
0 0.462890625 0.0595855712890625 0.0205230712890625 0.0923919677734375
0 0.1661376953125 0.0719451904296875 0.021942138671875 0.1038360595703125
0 0.07080078125 0.092010498046875 0.019866943359375 0.0783538818359375
0 0.66943359375 0.0826263427734375 0.021087646484375 0.1068115234375
0 0.76220703125 0.055999755859375 0.0207977294921875 0.0995635986328125
0 0.61474609375 0.272064208984375 0.021820068359375 0.107269287109375
0 0.350341796875 0.05428314208984375 0.0212860107421875 0.0852203369140625
0 0.262939453125 0.27252197265625 0.0256195068359375 0.106201171875
0 0.22802734375 0.0901031494140625 0.020416259765625 0.135040283203125
0 0.26025390625 0.0522613525390625 0.017913818359375 0.1045989990234375
0 0.8330078125 0.0954437255859375 0.0200653076171875 0.0923919677734375
0 0.86669921875 0.1087188720703125 0.0204925537109375 0.0765228271484375
0 0.326416015625 0.1531219482421875 0.0191192626953125 0.1044464111328125
0 0.82080078125 0.27496337890625 0.0200958251953125 0.0988006591796875
0 0.7294921875 0.0989532470703125 0.0209197998046875 0.09490966796875
0 0.7685546875 0.261688232421875 0.0207672119140625 0.1068115234375
0 0.033782958984375 0.74951171875 0.03167724609375 0.16387939453125