0 0.4560546875 0.2764892578125 0.0230712890625 0.1151275634765625
0 0.73046875 0.09857177734375 0.0181884765625 0.094146728515625
0 0.228271484375 0.1204681396484375 0.014556884765625 0.1366424560546875
0 0.669921875 0.0936126708984375 0.01971435546875 0.09674072265625
0 0.642578125 0.235748291015625 0.023101806640625 0.1171112060546875
0 0.8720703125 0.225067138671875 0.029205322265625 0.1190948486328125
0 0.8369140625 0.318603515625 0.0228424072265625 0.106201171875
0 0.95263671875 0.286865234375 0.023468017578125 0.109710693359375
0 0.572265625 0.247955322265625 0.0223236083984375 0.1166534423828125
0 0.244873046875 0.297698974609375 0.0144500732421875 0.136871337890625
0 0.63916015625 0.095977783203125 0.0165863037109375 0.089263916015625
0 0.55859375 0.058040618896484375 0.0165863037109375 0.11608123779296875
0 0.329345703125 0.1325225830078125 0.0240478515625 0.099945068359375
0 0.1259765625 0.09765625 0.0261993408203125 0.1280975341796875
0 0.53759765625 0.274505615234375 0.017852783203125 0.1348114013671875
0 0.273193359375 0.18768310546875 0.021942138671875 0.098419189453125
0 0.46826171875 0.1209259033203125 0.0169219970703125 0.0909423828125
0 0.9326171875 0.064849853515625 0.01861572265625 0.0934600830078125
0 0.77099609375 0.232696533203125 0.0247955322265625 0.1180267333984375
0 0.1663818359375 0.27252197265625 0.02691650390625 0.1142120361328125
0 0.4345703125 0.089263916015625 0.019989013671875 0.0923919677734375
0 0.0322265625 0.1050567626953125 0.017852783203125 0.0914764404296875
0 0.912109375 0.234527587890625 0.0261077880859375 0.11932373046875
0 0.7333984375 0.31463623046875 0.019195556640625 0.1129150390625
0 0.1265869140625 0.2655029296875 0.01953125 0.1410675048828125
0 0.063720703125 0.06561279296875 0.018798828125 0.09765625
0 0.82763671875 0.1081085205078125 0.0217742919921875 0.1110076904296875
0 0.359130859375 0.06072998046875 0.023651123046875 0.1180267333984375
0 0.3665695064560288 0.2209166976991154 0.017887772687673532 0.13720657812016318
0 0.03460693359375 0.7464599609375 0.03253173828125 0.1800537109375
0 0.07184298205863769 0.26760305397680484 0.022179712581861296 0.10366604793696041