0 0.509765625 0.193023681640625 0.020965576171875 0.0995635986328125
0 0.77099609375 0.0868988037109375 0.0199432373046875 0.09674072265625
0 0.970703125 0.1190948486328125 0.0169830322265625 0.0771331787109375
0 0.61181640625 0.2545166015625 0.0197601318359375 0.1087188720703125
0 0.03240966796875 0.145721435546875 0.016845703125 0.0826263427734375
0 0.036163330078125 0.29449462890625 0.022369384765625 0.103607177734375
0 0.439208984375 0.221405029296875 0.0248870849609375 0.1081085205078125
0 0.54443359375 0.27801513671875 0.02215576171875 0.1105499267578125
0 0.16845703125 0.079193115234375 0.0206451416015625 0.1050567626953125
0 0.66943359375 0.0885772705078125 0.0210113525390625 0.1082611083984375
0 0.4384765625 0.049285888671875 0.0184326171875 0.0852203369140625
0 0.86279296875 0.05123138427734375 0.0196380615234375 0.09063720703125
0 0.469482421875 0.130767822265625 0.0179901123046875 0.0849151611328125
0 0.56982421875 0.0965118408203125 0.0219879150390625 0.1058197021484375
0 0.9384765625 0.089569091796875 0.0186920166015625 0.086212158203125
0 0.358642578125 0.092926025390625 0.0174407958984375 0.0872039794921875
0 0.331787109375 0.116424560546875 0.01763916015625 0.092010498046875
0 0.134033203125 0.06412506103515625 0.0190582275390625 0.09307861328125
0 0.650390625 0.2520751953125 0.02215576171875 0.105438232421875
0 0.94482421875 0.29327392578125 0.0179901123046875 0.090789794921875
0 0.11419677734375 0.260162353515625 0.0208892822265625 0.106658935546875
0 0.377197265625 0.210418701171875 0.021331787109375 0.1064300537109375
0 0.033905029296875 0.7501220703125 0.029815673828125 0.15625
0 0.07476806640625 0.24932861328125 0.02203369140625 0.114898681640625
0 0.2138671875 0.242919921875 0.0245208740234375 0.117340087890625
0 0.75439453125 0.270538330078125 0.024993896484375 0.1038360595703125
0 0.8291015625 0.0914764404296875 0.0210418701171875 0.1068115234375
0 0.71484375 0.27252197265625 0.0194244384765625 0.09674072265625
0 0.261962890625 0.0586700439453125 0.0217437744140625 0.11016845703125
0 0.86572265625 0.272979736328125 0.02191162109375 0.103607177734375
0 0.230224609375 0.113983154296875 0.0206451416015625 0.097503662109375