0 0.2108154296875 0.207366943359375 0.022796630859375 0.1114654541015625
0 0.36962890625 0.0868988037109375 0.0193023681640625 0.0899505615234375
0 0.341064453125 0.229339599609375 0.0245208740234375 0.11077880859375
0 0.043701171875 0.284881591796875 0.0192413330078125 0.0914764404296875
0 0.07147216796875 0.115966796875 0.021820068359375 0.1007080078125
0 0.244873046875 0.24749755859375 0.0241851806640625 0.089569091796875
0 0.8095703125 0.168304443359375 0.0209197998046875 0.1045989990234375
0 0.76806640625 0.1082611083984375 0.0215301513671875 0.1016998291015625
0 0.6689453125 0.10223388671875 0.0216522216796875 0.111846923828125
0 0.33935546875 0.0945281982421875 0.019683837890625 0.085906982421875
0 0.1558837890625 0.098419189453125 0.0197906494140625 0.0913238525390625
0 0.97216796875 0.235748291015625 0.019012451171875 0.10223388671875
0 0.7470703125 0.235443115234375 0.02447509765625 0.1110076904296875
0 0.468994140625 0.0971221923828125 0.021820068359375 0.0962066650390625
0 0.9326171875 0.1052093505859375 0.0199432373046875 0.0934600830078125
0 0.146728515625 0.26123046875 0.0232391357421875 0.113983154296875
0 0.53955078125 0.245208740234375 0.02288818359375 0.111236572265625
0 0.6396484375 0.09765625 0.0181884765625 0.0888824462890625
0 0.50927734375 0.1800537109375 0.01953125 0.09307861328125
0 0.44091796875 0.095062255859375 0.0191650390625 0.0885772705078125
0 0.01016998291015625 0.198516845703125 0.0207672119140625 0.07450103759765625
0 0.84033203125 0.235443115234375 0.0236968994140625 0.108489990234375
0 0.86865234375 0.1397705078125 0.0190582275390625 0.102996826171875
0 0.5703125 0.14404296875 0.01983642578125 0.06610870361328125
0 0.27001953125 0.1332855224609375 0.01837158203125 0.0836181640625
0 0.1763916015625 0.19012451171875 0.0211639404296875 0.1044464111328125
0 0.93359375 0.3167724609375 0.0210418701171875 0.0954437255859375
0 0.73193359375 0.06072998046875 0.01934814453125 0.1120758056640625
0 0.43798828125 0.213165283203125 0.0227203369140625 0.1058197021484375
0 0.64404296875 0.2410888671875 0.017303466796875 0.084228515625
0 0.037322998046875 0.7513427734375 0.033477783203125 0.201873779296875