0 0.0751953125 0.21240234375 0.0206451416015625 0.1126861572265625
0 0.76953125 0.0945281982421875 0.020294189453125 0.109710693359375
0 0.96630859375 0.06168365478515625 0.0196380615234375 0.0911712646484375
0 0.328125 0.1397705078125 0.0254669189453125 0.1313018798828125
0 0.470458984375 0.140533447265625 0.0199127197265625 0.1055908203125
0 0.1708984375 0.1136016845703125 0.01812744140625 0.1068115234375
0 0.43798828125 0.0689697265625 0.0169219970703125 0.099334716796875
0 0.36669921875 0.222930908203125 0.0272216796875 0.1099395751953125
0 0.55126953125 0.277099609375 0.019683837890625 0.1202392578125
0 0.2220458984375 0.269012451171875 0.0252685546875 0.1290130615234375
0 0.1402587890625 0.0995635986328125 0.0164642333984375 0.0971221923828125
0 0.82177734375 0.261688232421875 0.0213623046875 0.1068115234375
0 0.93115234375 0.0774383544921875 0.0220794677734375 0.108489990234375
0 0.2315673828125 0.1200103759765625 0.018341064453125 0.1024627685546875
0 0.51171875 0.270538330078125 0.015838623046875 0.1087188720703125
0 0.443359375 0.25726318359375 0.023773193359375 0.118255615234375
0 0.63818359375 0.238037109375 0.0216217041015625 0.1216888427734375
0 0.5703125 0.107879638671875 0.017303466796875 0.106201171875
0 0.10797119140625 0.168914794921875 0.0167236328125 0.1058197021484375
0 0.64013671875 0.1018524169921875 0.014617919921875 0.09063720703125
0 0.91845703125 0.282745361328125 0.020294189453125 0.1153564453125
0 0.05975341796875 0.09490966796875 0.0182952880859375 0.0823211669921875
0 0.263671875 0.24566650390625 0.0216522216796875 0.1110076904296875
0 0.03021240234375 0.11444091796875 0.018829345703125 0.114898681640625
0 0.74267578125 0.22979736328125 0.0194244384765625 0.1068115234375
0 0.83203125 0.0885772705078125 0.0206451416015625 0.106048583984375
0 0.7109375 0.223388671875 0.020172119140625 0.100860595703125
0 0.67041015625 0.1200103759765625 0.023284912109375 0.0804901123046875
0 0.86572265625 0.1016998291015625 0.0173797607421875 0.0899505615234375
0 0.0293121337890625 0.75927734375 0.033782958984375 0.21087646484375
0 0.3325751468117137 0.26820576355783365 0.03013547905144196 0.14585571860897922