0 0.935546875 0.24749755859375 0.01751708984375 0.09490966796875
0 0.96923828125 0.10345458984375 0.0202178955078125 0.093231201171875
0 0.72998046875 0.06793975830078125 0.0217742919921875 0.11016845703125
0 0.424560546875 0.27496337890625 0.02947998046875 0.1280975341796875
0 0.75341796875 0.233612060546875 0.023284912109375 0.1125335693359375
0 0.56689453125 0.07564544677734375 0.0174407958984375 0.0872039794921875
0 0.626953125 0.295562744140625 0.0237274169921875 0.11016845703125
0 0.62890625 0.085906982421875 0.0182647705078125 0.1110076904296875
0 0.71435546875 0.27099609375 0.0238189697265625 0.1103973388671875
0 0.245849609375 0.277557373046875 0.0210113525390625 0.1146697998046875
0 0.139892578125 0.31219482421875 0.020172119140625 0.1136016845703125
0 0.94140625 0.0510406494140625 0.01554107666015625 0.086212158203125
0 0.429931640625 0.118255615234375 0.0205230712890625 0.0934600830078125
0 0.34130859375 0.257720947265625 0.026611328125 0.0958251953125
0 0.56884765625 0.260162353515625 0.0247039794921875 0.10284423828125
0 0.1295166015625 0.1131439208984375 0.0221099853515625 0.103607177734375
0 0.833984375 0.06072998046875 0.018829345703125 0.0911712646484375
0 0.1585693359375 0.05474090576171875 0.016845703125 0.0872039794921875
0 0.06817626953125 0.21636962890625 0.0257568359375 0.1209259033203125
0 0.2098388671875 0.19012451171875 0.020965576171875 0.098419189453125
0 0.46142578125 0.05123138427734375 0.0163421630859375 0.1024627685546875
0 0.66357421875 0.240631103515625 0.0287017822265625 0.124664306640625
0 0.370361328125 0.109100341796875 0.0190582275390625 0.07537841796875
0 0.0236053466796875 0.1007080078125 0.018798828125 0.104217529296875
0 0.86865234375 0.114898681640625 0.0199432373046875 0.0888824462890625
0 0.310546875 0.218505859375 0.01507568359375 0.106201171875
0 0.85009765625 0.248870849609375 0.0246124267578125 0.12237548828125
0 0.27001953125 0.0914764404296875 0.02288818359375 0.093841552734375
0 0.5322265625 0.1340484619140625 0.0194244384765625 0.0804901123046875
0 0.057373046875 0.092926025390625 0.01554107666015625 0.104827880859375
0 0.03460693359375 0.7452392578125 0.0352783203125 0.172119140625