0 0.87158203125 0.111236572265625 0.0189361572265625 0.0872039794921875
0 0.90966796875 0.191650390625 0.02069091796875 0.0980377197265625
0 0.94384765625 0.287933349609375 0.021209716796875 0.1058197021484375
0 0.84716796875 0.298309326171875 0.0174407958984375 0.1018524169921875
0 0.53564453125 0.0676727294921875 0.021087646484375 0.1018524169921875
0 0.51025390625 0.21636962890625 0.0208892822265625 0.10345458984375
0 0.6767578125 0.223388671875 0.02001953125 0.0980377197265625
0 0.7666015625 0.063629150390625 0.0186920166015625 0.090789794921875
0 0.73193359375 0.095062255859375 0.019561767578125 0.1039886474609375
0 0.83740234375 0.0820159912109375 0.020965576171875 0.0765228271484375
0 0.3701171875 0.121917724609375 0.017181396484375 0.09765625
0 0.412109375 0.247039794921875 0.021575927734375 0.102996826171875
0 0.72412109375 0.303192138671875 0.021240234375 0.106201171875
0 0.46923828125 0.08758544921875 0.02191162109375 0.1081085205078125
0 0.1412353515625 0.26214599609375 0.027587890625 0.1355743408203125
0 0.970703125 0.1093292236328125 0.02215576171875 0.118255615234375
0 0.268310546875 0.07625579833984375 0.0212860107421875 0.1032257080078125
0 0.63232421875 0.1468658447265625 0.01763916015625 0.08819580078125
0 0.260009765625 0.247039794921875 0.0235595703125 0.1016998291015625
0 0.2327880859375 0.11444091796875 0.018768310546875 0.0954437255859375
0 0.131103515625 0.1392364501953125 0.0213623046875 0.09674072265625
0 0.34716796875 0.291748046875 0.019866943359375 0.10955810546875
0 0.66162109375 0.0684356689453125 0.017913818359375 0.0972747802734375
0 0.03277587890625 0.13275146484375 0.01861572265625 0.078887939453125
0 0.06890869140625 0.274505615234375 0.0241851806640625 0.1064300537109375
0 0.027374267578125 0.290679931640625 0.0209197998046875 0.1129150390625
0 0.448486328125 0.2447509765625 0.0218658447265625 0.1153564453125
0 0.55029296875 0.28533935546875 0.0210418701171875 0.113372802734375
0 0.156005859375 0.052032470703125 0.0217437744140625 0.1050567626953125
0 0.036834716796875 0.760498046875 0.0323486328125 0.17974853515625
0 0.31005859375 0.22216796875 0.0208892822265625 0.06687164306640625