0 0.74169921875 0.279083251953125 0.0235595703125 0.1044464111328125
0 0.470703125 0.1184844970703125 0.0222930908203125 0.078582763671875
0 0.8408203125 0.06191253662109375 0.0219879150390625 0.097808837890625
0 0.339599609375 0.06412506103515625 0.018402099609375 0.1016998291015625
0 0.77587890625 0.24749755859375 0.0185394287109375 0.107269287109375
0 0.1671142578125 0.090484619140625 0.0200958251953125 0.09918212890625
0 0.443359375 0.280609130859375 0.015777587890625 0.107269287109375
0 0.7314453125 0.1175689697265625 0.020416259765625 0.09674072265625
0 0.1083984375 0.1557159423828125 0.018096923828125 0.0971221923828125
0 0.03533935546875 0.1125335693359375 0.0202178955078125 0.095977783203125
0 0.234619140625 0.107421875 0.0190887451171875 0.0911712646484375
0 0.06964111328125 0.0888824462890625 0.018096923828125 0.0872039794921875
0 0.9453125 0.237579345703125 0.0258636474609375 0.1126861572265625
0 0.52734375 0.311126708984375 0.0226287841796875 0.1116180419921875
0 0.625 0.3082275390625 0.019012451171875 0.093841552734375
0 0.21337890625 0.22979736328125 0.023651123046875 0.111236572265625
0 0.93359375 0.0946807861328125 0.0185394287109375 0.0913238525390625
0 0.439697265625 0.07419586181640625 0.01384735107421875 0.0954437255859375
0 0.66650390625 0.2740478515625 0.02276611328125 0.1052093505859375
0 0.033203125 0.743408203125 0.027008056640625 0.172119140625
0 0.66845703125 0.0807952880859375 0.01519012451171875 0.099945068359375
0 0.269287109375 0.08331298828125 0.020843505859375 0.1114654541015625
0 0.966796875 0.07114410400390625 0.0209197998046875 0.089569091796875
0 0.1396484375 0.091705322265625 0.019500732421875 0.084228515625
0 0.37060546875 0.0958251953125 0.0196380615234375 0.086212158203125
0 0.810546875 0.1959228515625 0.0165863037109375 0.0989532470703125
0 0.01495361328125 0.2520751953125 0.0248870849609375 0.113372802734375
0 0.5673828125 0.24749755859375 0.021575927734375 0.1076507568359375
0 0.56640625 0.07114410400390625 0.021240234375 0.1055908203125
0 0.83837890625 0.216064453125 0.020599365234375 0.1050567626953125
0 0.34130859375 0.267486572265625 0.0207977294921875 0.09185791015625