0 0.8623046875 0.265045166015625 0.0254669189453125 0.1293182373046875
0 0.8681640625 0.072784423828125 0.0181884765625 0.0943756103515625
0 0.11102294921875 0.22003173828125 0.0237274169921875 0.1103973388671875
0 0.71875 0.283203125 0.0215301513671875 0.1392364501953125
0 0.7265625 0.0750732421875 0.0250396728515625 0.1116180419921875
0 0.66845703125 0.0804901123046875 0.020721435546875 0.1103973388671875
0 0.94091796875 0.2288818359375 0.0244293212890625 0.1204681396484375
0 0.33935546875 0.255889892578125 0.0227203369140625 0.107269287109375
0 0.060302734375 0.06168365478515625 0.016021728515625 0.0846099853515625
0 0.90869140625 0.17120361328125 0.0194549560546875 0.1004791259765625
0 0.5341796875 0.0609588623046875 0.021575927734375 0.106048583984375
0 0.568359375 0.115966796875 0.0203399658203125 0.0971221923828125
0 0.1671142578125 0.107421875 0.0184326171875 0.1026153564453125
0 0.76171875 0.054931640625 0.0253753662109375 0.11444091796875
0 0.450439453125 0.26458740234375 0.022369384765625 0.1003265380859375
0 0.51025390625 0.20263671875 0.020843505859375 0.098419189453125
0 0.36865234375 0.0926971435546875 0.021942138671875 0.094146728515625
0 0.6337890625 0.1125335693359375 0.0194549560546875 0.08758544921875
0 0.9384765625 0.093231201171875 0.018768310546875 0.0820159912109375
0 0.241455078125 0.0988006591796875 0.019989013671875 0.090484619140625
0 0.47119140625 0.1032257080078125 0.0225372314453125 0.1045989990234375
0 0.4365234375 0.107879638671875 0.0191650390625 0.090484619140625
0 0.82080078125 0.2960205078125 0.020599365234375 0.1032257080078125
0 0.045013427734375 0.283203125 0.023193359375 0.107879638671875
0 0.61572265625 0.24383544921875 0.0207672119140625 0.1103973388671875
0 0.2098388671875 0.169525146484375 0.0194244384765625 0.1153564453125
0 0.338134765625 0.04726409912109375 0.0185394287109375 0.0852203369140625
0 0.07666015625 0.240631103515625 0.019195556640625 0.09918212890625
0 0.03302001953125 0.75439453125 0.040985107421875 0.196685791015625
0 0.1317138671875 0.061187744140625 0.0203399658203125 0.113372802734375
0 0.2391357421875 0.220489501953125 0.0224151611328125 0.114898681640625