0 0.7353500000000001 0.095825 0.019350000000000003 0.103225
0 0.509765 0.19225 0.019989999999999997 0.10505
0 0.539065 0.07115 0.02109 0.088575
0 0.7695299999999999 0.12587500000000001 0.01837 0.08460000000000001
0 0.138305 0.30715 0.019915 0.0805
0 0.671875 0.272525 0.019989999999999997 0.10247500000000001
0 0.03096 0.14435 0.017715 0.0703
0 0.93457 0.095825 0.018585 0.100475
0 0.211425 0.1825 0.017105000000000002 0.078575
0 0.8320299999999999 0.13175 0.017775 0.0872
0 0.36669999999999997 0.25025 0.019059999999999997 0.082025
0 0.457275 0.289 0.02057 0.10147500000000001
0 0.918455 0.272075 0.023375 0.0949
0 0.057495 0.0582 0.0188 0.103225
0 0.827635 0.290675 0.023559999999999998 0.12442500000000001
0 0.36743000000000003 0.074775 0.02136 0.098425
0 0.172975 0.21195 0.022035 0.09995
0 0.23755 0.053899999999999997 0.018875 0.0882
0 0.96875 0.124975 0.01805 0.08689999999999999
0 0.86914 0.246575 0.021775 0.10400000000000001
0 0.757325 0.2832 0.023024999999999997 0.1001
0 0.24243 0.271 0.02191 0.106425
0 0.417725 0.254525 0.02414 0.11445
0 0.04114 0.27405 0.02162 0.102225
0 0.035065 0.7519499999999999 0.032715 0.17212499999999997
0 0.632815 0.116425 0.02104 0.10085000000000001
0 0.5444349999999999 0.284875 0.02182 0.10247500000000001
0 0.12854 0.106425 0.02112 0.1097
0 0.325195 0.3038 0.02165 0.10300000000000001
0 0.63574 0.299825 0.0217 0.10185000000000001
0 0.46924 0.077125 0.018935 0.088875