0 0.5390625 0.0817108154296875 0.017181396484375 0.0708770751953125
0 0.1580810546875 0.2911376953125 0.02386474609375 0.0913238525390625
0 0.87744140625 0.20538330078125 0.0233306884765625 0.111846923828125
0 0.447021484375 0.309906005859375 0.0184326171875 0.094146728515625
0 0.311279296875 0.21636962890625 0.021575927734375 0.09918212890625
0 0.73779296875 0.063629150390625 0.0169830322265625 0.0836181640625
0 0.93994140625 0.0646209716796875 0.0194549560546875 0.0997161865234375
0 0.3359375 0.0997161865234375 0.0191192626953125 0.0954437255859375
0 0.63134765625 0.1052093505859375 0.0184783935546875 0.093994140625
0 0.47900390625 0.210113525390625 0.0210418701171875 0.095977783203125
0 0.36962890625 0.0902557373046875 0.0211181640625 0.104827880859375
0 0.2161865234375 0.27099609375 0.021697998046875 0.1010894775390625
0 0.2548828125 0.254974365234375 0.0252227783203125 0.104827880859375
0 0.0574951171875 0.0562286376953125 0.0192718505859375 0.102081298828125
0 0.97021484375 0.1424407958984375 0.017242431640625 0.0804901123046875
0 0.74560546875 0.247955322265625 0.0282745361328125 0.1024627685546875
0 0.76953125 0.129547119140625 0.01983642578125 0.08392333984375
0 0.433837890625 0.1251983642578125 0.0163421630859375 0.0817108154296875
0 0.1695556640625 0.08392333984375 0.0197906494140625 0.0952911376953125
0 0.1163330078125 0.25115966796875 0.022247314453125 0.113372802734375
0 0.5703125 0.1427459716796875 0.01751708984375 0.079803466796875
0 0.845703125 0.3021240234375 0.019866943359375 0.100860595703125
0 0.2340087890625 0.0705718994140625 0.0184783935546875 0.090789794921875
0 0.63720703125 0.284881591796875 0.024658203125 0.115509033203125
0 0.857421875 0.05580902099609375 0.015777587890625 0.08331298828125
0 0.90966796875 0.1654052734375 0.019561767578125 0.091705322265625
0 0.034881591796875 0.2679443359375 0.0222930908203125 0.1126861572265625
0 0.0301513671875 0.14190673828125 0.020721435546875 0.1010894775390625
0 0.671875 0.25970458984375 0.02001953125 0.1026153564453125
0 0.5439453125 0.2685546875 0.0225830078125 0.1052093505859375
0 0.03302001953125 0.751953125 0.0345458984375 0.1416778564453125