0 0.763671875 0.2838134765625 0.0211639404296875 0.1064300537109375
0 0.65869140625 0.062408447265625 0.0185089111328125 0.0962066650390625
0 0.93798828125 0.1076507568359375 0.0199127197265625 0.05889892578125
0 0.5703125 0.0923919677734375 0.019195556640625 0.098419189453125
0 0.316162109375 0.2764892578125 0.0229339599609375 0.1157379150390625
0 0.970703125 0.1044464111328125 0.0165252685546875 0.0901031494140625
0 0.0143890380859375 0.249786376953125 0.025909423828125 0.106201171875
0 0.63232421875 0.1522064208984375 0.0167236328125 0.0972747802734375
0 0.44189453125 0.0689697265625 0.0192718505859375 0.06870269775390625
0 0.9111328125 0.233154296875 0.023193359375 0.07450103759765625
0 0.034759521484375 0.11016845703125 0.021484375 0.087890625
0 0.67724609375 0.201263427734375 0.020416259765625 0.095062255859375
0 0.4375 0.234527587890625 0.024383544921875 0.1180267333984375
0 0.266845703125 0.2276611328125 0.0188751220703125 0.1275634765625
0 0.72119140625 0.2630615234375 0.0229339599609375 0.1131439208984375
0 0.5390625 0.09490966796875 0.0170440673828125 0.09063720703125
0 0.83154296875 0.157470703125 0.0171051025390625 0.0846099853515625
0 0.85693359375 0.06561279296875 0.0202178955078125 0.0888824462890625
0 0.055419921875 0.25634765625 0.01983642578125 0.107269287109375
0 0.12432861328125 0.0988006591796875 0.01262664794921875 0.1320648193359375
0 0.331787109375 0.06740570068359375 0.017852783203125 0.0981903076171875
0 0.2271728515625 0.27099609375 0.021087646484375 0.154571533203125
0 0.355224609375 0.25115966796875 0.0234222412109375 0.1381683349609375
0 0.73046875 0.0923919677734375 0.023468017578125 0.1045989990234375
0 0.84619140625 0.267486572265625 0.020843505859375 0.10223388671875
0 0.46923828125 0.146026611328125 0.01934814453125 0.0972747802734375
0 0.15380859375 0.061187744140625 0.02386474609375 0.1200103759765625
0 0.2607421875 0.0952911376953125 0.0207672119140625 0.1068115234375
0 0.1708984375 0.25360107421875 0.027069091796875 0.1200103759765625
0 0.5419921875 0.23193359375 0.0220794677734375 0.1105499267578125
0 0.035064697265625 0.7501220703125 0.034942626953125 0.1654052734375