0 0.64697265625 0.242919921875 0.02752685546875 0.1202392578125
0 0.7666015625 0.06687164306640625 0.0184326171875 0.0965118408203125
0 0.611328125 0.24566650390625 0.02191162109375 0.1136016845703125
0 0.72607421875 0.2838134765625 0.02532958984375 0.1142120361328125
0 0.564453125 0.06740570068359375 0.023651123046875 0.1076507568359375
0 0.97998046875 0.22430419921875 0.02001953125 0.0981903076171875
0 0.9609375 0.1003265380859375 0.015777587890625 0.0774383544921875
0 0.6328125 0.0522613525390625 0.02001953125 0.09490966796875
0 0.83642578125 0.0722503662109375 0.0201416015625 0.0962066650390625
0 0.373046875 0.22430419921875 0.0203704833984375 0.096893310546875
0 0.1685791015625 0.212860107421875 0.0189361572265625 0.1161956787109375
0 0.1597900390625 0.090484619140625 0.019989013671875 0.0954437255859375
0 0.072265625 0.272979736328125 0.01971435546875 0.102081298828125
0 0.52978515625 0.052642822265625 0.021209716796875 0.0962066650390625
0 0.036346435546875 0.298309326171875 0.02276611328125 0.0943756103515625
0 0.427490234375 0.0765228271484375 0.0224151611328125 0.120697021484375
0 0.86962890625 0.12664794921875 0.019195556640625 0.07564544677734375
0 0.94580078125 0.29449462890625 0.0209197998046875 0.0980377197265625
0 0.1317138671875 0.266571044921875 0.0287017822265625 0.1363372802734375
0 0.416015625 0.24749755859375 0.02288818359375 0.1116180419921875
0 0.330078125 0.1050567626953125 0.02044677734375 0.1105499267578125
0 0.36181640625 0.0914764404296875 0.0189361572265625 0.0923919677734375
0 0.0333251953125 0.118255615234375 0.020965576171875 0.09918212890625
0 0.244873046875 0.26458740234375 0.024566650390625 0.11383056640625
0 0.8125 0.236663818359375 0.0242767333984375 0.125885009765625
0 0.463623046875 0.0963592529296875 0.01898193359375 0.0852203369140625
0 0.51318359375 0.27862548828125 0.0182342529296875 0.0923919677734375
0 0.2105712890625 0.215606689453125 0.019561767578125 0.090789794921875
0 0.033782958984375 0.7452392578125 0.03460693359375 0.15655517578125
0 0.732421875 0.1275634765625 0.0185394287109375 0.0855255126953125
0 0.2705078125 0.1381683349609375 0.0202178955078125 0.078582763671875