0 0.177125 0.20920000000000002 0.02153 0.10765000000000001
0 0.21045 0.219275 0.01909 0.093225
0 0.363525 0.088875 0.02072 0.102625
0 0.0708 0.097125 0.01816 0.08689999999999999
0 0.5634750000000001 0.228875 0.01764 0.14245
0 0.43115 0.145425 0.017515 0.08994999999999999
0 0.4624 0.0661 0.019559999999999998 0.0924
0 0.5600599999999999 0.102225 0.02092 0.0953
0 0.15869 0.062875 0.01616 0.08522500000000001
0 0.325195 0.078 0.02475 0.1155
0 0.52246 0.26855 0.024385 0.130775
0 0.725585 0.281225 0.024385 0.11977499999999999
0 0.13073500000000002 0.1519 0.01724 0.0882
0 0.27051 0.137625 0.017105000000000002 0.0795
0 0.6694349999999999 0.07919999999999999 0.019164999999999998 0.093225
0 0.80957 0.17670000000000002 0.020495 0.110175
0 0.03824 0.082025 0.01979 0.09307499999999999
0 0.945315 0.234975 0.022035 0.107875
0 0.842285 0.264575 0.022535 0.1036
0 0.437745 0.2864 0.021775 0.108725
0 0.9101549999999999 0.20157499999999998 0.023149999999999997 0.1155
0 0.6367200000000001 0.094 0.01802 0.084225
0 0.011455 0.2394 0.02291 0.07745
0 0.35791 0.22842500000000002 0.020370000000000003 0.13405
0 0.836915 0.050475000000000006 0.0184 0.088575
0 0.7646499999999999 0.0978 0.017775 0.098425
0 0.96875 0.122825 0.01961 0.09452500000000001
0 0.033659999999999995 0.750125 0.030565000000000002 0.15282500000000002
0 0.7666000000000001 0.24109999999999998 0.023329999999999997 0.111
0 0.23742500000000002 0.0872 0.02124 0.06434999999999999
0 0.646225 0.24710000000000001 0.027725000000000003 0.139825