0 0.83203125 0.0925445556640625 0.0185089111328125 0.0946807861328125
0 0.4404296875 0.0577545166015625 0.01983642578125 0.09307861328125
0 0.66552734375 0.066375732421875 0.0203399658203125 0.106201171875
0 0.359130859375 0.080108642578125 0.0208892822265625 0.104217529296875
0 0.82666015625 0.281219482421875 0.024658203125 0.1157379150390625
0 0.6220703125 0.294952392578125 0.021453857421875 0.1114654541015625
0 0.759765625 0.09063720703125 0.0197601318359375 0.0963592529296875
0 0.73095703125 0.26458740234375 0.028656005859375 0.1410675048828125
0 0.513671875 0.2606201171875 0.0219879150390625 0.107879638671875
0 0.368408203125 0.211181640625 0.0258026123046875 0.1099395751953125
0 0.5673828125 0.07564544677734375 0.021942138671875 0.1044464111328125
0 0.43934481025414807 0.26774564441924986 0.022607336283808604 0.10610896461974965
0 0.7685546875 0.21240234375 0.019989013671875 0.1190948486328125
0 0.6618744047527654 0.24329362375069213 0.023406881726355785 0.1138910729110238
0 0.974609375 0.2301025390625 0.0224151611328125 0.096893310546875
0 0.9267578125 0.1093292236328125 0.01934814453125 0.093994140625
0 0.8662109375 0.2838134765625 0.02191162109375 0.100860595703125
0 0.2255859375 0.111846923828125 0.01507568359375 0.114898681640625
0 0.145263671875 0.3021240234375 0.0271148681640625 0.1136016845703125
0 0.02752685546875 0.1320648193359375 0.0194549560546875 0.1068115234375
0 0.1240234375 0.1099395751953125 0.0192413330078125 0.1120758056640625
0 0.3313110552953539 0.27744223984721106 0.023473980120022903 0.14970249423327808
0 0.53173828125 0.0591278076171875 0.01934814453125 0.0955963134765625
0 0.273193359375 0.180816650390625 0.025909423828125 0.1293182373046875
0 0.06854248046875 0.20416259765625 0.0237274169921875 0.1153564453125
0 0.172119140625 0.19012451171875 0.0253753662109375 0.117340087890625
0 0.057281494140625 0.0582122802734375 0.0210418701171875 0.1039886474609375
0 0.4102615079532633 0.16537470551161534 0.019177190711214282 0.10005900579974732
0 0.244140625 0.301055908203125 0.0247039794921875 0.1186370849609375
0 0.93896484375 0.267486572265625 0.02447509765625 0.1293182373046875
0 0.031982421875 0.7537841796875 0.037261962890625 0.20416259765625