0 0.4677734375 0.07030487060546875 0.01812744140625 0.092010498046875
0 0.2481689453125 0.2838134765625 0.0202484130859375 0.0943756103515625
0 0.7392578125 0.231475830078125 0.0236968994140625 0.1186370849609375
0 0.6416015625 0.09490966796875 0.0167236328125 0.092926025390625
0 0.77099609375 0.119781494140625 0.01934814453125 0.096893310546875
0 0.9638671875 0.211944580078125 0.0261077880859375 0.1055908203125
0 0.537109375 0.062408447265625 0.0203399658203125 0.09918212890625
0 0.34912109375 0.279693603515625 0.02288818359375 0.0888824462890625
0 0.1636962890625 0.06435394287109375 0.0204925537109375 0.093994140625
0 0.8701171875 0.093994140625 0.022247314453125 0.1105499267578125
0 0.432861328125 0.1261138916015625 0.018768310546875 0.0901031494140625
0 0.01267242431640625 0.2288818359375 0.0240936279296875 0.115966796875
0 0.03216552734375 0.10223388671875 0.019866943359375 0.089263916015625
0 0.50927734375 0.190887451171875 0.0191650390625 0.1003265380859375
0 0.9306640625 0.307159423828125 0.0196380615234375 0.1397705078125
0 0.5703125 0.132293701171875 0.0193023681640625 0.0872039794921875
0 0.63720703125 0.243377685546875 0.021575927734375 0.1099395751953125
0 0.1502685546875 0.246124267578125 0.0234222412109375 0.1451873779296875
0 0.312744140625 0.247039794921875 0.0225830078125 0.106048583984375
0 0.71044921875 0.198211669921875 0.018829345703125 0.1004791259765625
0 0.133544921875 0.095062255859375 0.02069091796875 0.0888824462890625
0 0.60888671875 0.19561767578125 0.0162200927734375 0.0926971435546875
0 0.2381591796875 0.1129150390625 0.019989013671875 0.1018524169921875
0 0.8125 0.242919921875 0.0220794677734375 0.105438232421875
0 0.8466796875 0.2447509765625 0.021331787109375 0.1012420654296875
0 0.06536865234375 0.06610870361328125 0.0247955322265625 0.115509033203125
0 0.423828125 0.2801513671875 0.023284912109375 0.10345458984375
0 0.3701171875 0.135345458984375 0.0165863037109375 0.06816864013671875
0 0.95654296875 0.06336212158203125 0.024139404296875 0.118865966796875
0 0.0300445556640625 0.762939453125 0.031982421875 0.168304443359375
0 0.271240234375 0.117340087890625 0.0185394287109375 0.0771331787109375