0 0.263671875 0.0586700439453125 0.0180206298828125 0.0981903076171875
0 0.958984375 0.0562286376953125 0.0194549560546875 0.09674072265625
0 0.60986328125 0.22552490234375 0.018768310546875 0.113983154296875
0 0.634765625 0.04779815673828125 0.0197906494140625 0.087890625
0 0.52978515625 0.1297760009765625 0.0189361572265625 0.1076507568359375
0 0.2685546875 0.26947021484375 0.020965576171875 0.107879638671875
0 0.445068359375 0.24566650390625 0.02484130859375 0.1200103759765625
0 0.5263671875 0.27801513671875 0.0301513671875 0.1256561279296875
0 0.6669921875 0.0823211669921875 0.02288818359375 0.1038360595703125
0 0.154296875 0.2410888671875 0.0227203369140625 0.12542724609375
0 0.73095703125 0.1125335693359375 0.0245208740234375 0.11444091796875
0 0.04052734375 0.265960693359375 0.02215576171875 0.11077880859375
0 0.1175537109375 0.277557373046875 0.0250396728515625 0.1142120361328125
0 0.33447265625 0.0899505615234375 0.021087646484375 0.095977783203125
0 0.0706787109375 0.1055908203125 0.0228424072265625 0.0872039794921875
0 0.129638671875 0.06687164306640625 0.0232391357421875 0.1116180419921875
0 0.23095703125 0.1045989990234375 0.022369384765625 0.1032257080078125
0 0.86279296875 0.280609130859375 0.021209716796875 0.095062255859375
0 0.97509765625 0.203857421875 0.0216217041015625 0.1038360595703125
0 0.869140625 0.0952911376953125 0.0207977294921875 0.094146728515625
0 0.83349609375 0.1309967041015625 0.0177764892578125 0.0855255126953125
0 0.7568359375 0.236663818359375 0.0263519287109375 0.1325225830078125
0 0.5615234375 0.05245208740234375 0.016021728515625 0.107269287109375
0 0.040252685546875 0.061187744140625 0.018341064453125 0.0936126708984375
0 0.369873046875 0.08819580078125 0.020416259765625 0.0989532470703125
0 0.4111328125 0.23193359375 0.021484375 0.101470947265625
0 0.436279296875 0.0579833984375 0.0194549560546875 0.0952911376953125
0 0.355224609375 0.294952392578125 0.0217742919921875 0.09857177734375
0 0.71435546875 0.235443115234375 0.0243377685546875 0.123748779296875
0 0.939453125 0.31158447265625 0.0251312255859375 0.1190948486328125
0 0.03204345703125 0.7452392578125 0.0189361572265625 0.240631103515625