0 0.73681640625 0.05367279052734375 0.018646240234375 0.08758544921875
0 0.6455078125 0.247039794921875 0.0200653076171875 0.1026153564453125
0 0.74560546875 0.2764892578125 0.02069091796875 0.1044464111328125
0 0.4091796875 0.196380615234375 0.0194549560546875 0.1088714599609375
0 0.0618896484375 0.2960205078125 0.0223236083984375 0.0911712646484375
0 0.333251953125 0.294952392578125 0.021209716796875 0.1184844970703125
0 0.9658203125 0.070037841796875 0.0199127197265625 0.0899505615234375
0 0.13916015625 0.0997161865234375 0.017303466796875 0.0872039794921875
0 0.54541015625 0.292816162109375 0.023773193359375 0.106048583984375
0 0.21728515625 0.247039794921875 0.0290374755859375 0.128326416015625
0 0.4697265625 0.1309967041015625 0.0192413330078125 0.08758544921875
0 0.8642578125 0.06816864013671875 0.01898193359375 0.1018524169921875
0 0.53369140625 0.1268768310546875 0.01763916015625 0.079498291015625
0 0.9345703125 0.09063720703125 0.0188751220703125 0.078887939453125
0 0.609375 0.198516845703125 0.0184783935546875 0.1116180419921875
0 0.90869140625 0.18768310546875 0.01934814453125 0.1126861572265625
0 0.5595703125 0.097503662109375 0.0165252685546875 0.08331298828125
0 0.2646484375 0.10223388671875 0.0191192626953125 0.092010498046875
0 0.76953125 0.0901031494140625 0.021697998046875 0.1016998291015625
0 0.229248046875 0.067138671875 0.0224151611328125 0.0913238525390625
0 0.1715087890625 0.1125335693359375 0.02203369140625 0.1026153564453125
0 0.37060546875 0.274505615234375 0.022247314453125 0.0921630859375
0 0.446044921875 0.25115966796875 0.025665283203125 0.1088714599609375
0 0.1412353515625 0.2447509765625 0.0187225341796875 0.107421875
0 0.03515625 0.7550048828125 0.041229248046875 0.2008056640625
0 0.0203399658203125 0.27557373046875 0.0201416015625 0.1103973388671875
0 0.83154296875 0.101470947265625 0.017578125 0.0872039794921875
0 0.3642578125 0.0695037841796875 0.0180206298828125 0.0849151611328125
0 0.638671875 0.1016998291015625 0.0181884765625 0.0826263427734375
0 0.83154296875 0.3155517578125 0.0192413330078125 0.09185791015625
0 0.03460693359375 0.102081298828125 0.0213623046875 0.087890625