0 0.033477783203125 0.1213836669921875 0.02001953125 0.1058197021484375
0 0.61181640625 0.22979736328125 0.0224609375 0.098419189453125
0 0.52783203125 0.1392364501953125 0.0187225341796875 0.0936126708984375
0 0.63671875 0.07801055908203125 0.01971435546875 0.1032257080078125
0 0.76416015625 0.0551605224609375 0.020172119140625 0.1050567626953125
0 0.11474609375 0.250701904296875 0.028106689453125 0.1340484619140625
0 0.5712890625 0.199737548828125 0.0224609375 0.1186370849609375
0 0.424072265625 0.303802490234375 0.0219879150390625 0.0965118408203125
0 0.970703125 0.0965118408203125 0.018798828125 0.079498291015625
0 0.339599609375 0.26123046875 0.0235137939453125 0.11016845703125
0 0.810546875 0.2056884765625 0.0203399658203125 0.10223388671875
0 0.9111328125 0.233612060546875 0.021820068359375 0.0909423828125
0 0.3671875 0.0921630859375 0.0230712890625 0.1038360595703125
0 0.467529296875 0.0708770751953125 0.01861572265625 0.08819580078125
0 0.307861328125 0.1513671875 0.0162811279296875 0.0972747802734375
0 0.72119140625 0.266571044921875 0.0246124267578125 0.1325225830078125
0 0.76318359375 0.277099609375 0.0225067138671875 0.1116180419921875
0 0.841796875 0.08331298828125 0.0165863037109375 0.087890625
0 0.02044677734375 0.272064208984375 0.0202178955078125 0.1016998291015625
0 0.55517578125 0.052032470703125 0.0213623046875 0.10284423828125
0 0.1295166015625 0.1110076904296875 0.02044677734375 0.1010894775390625
0 0.1624755859375 0.05184173583984375 0.021697998046875 0.1039886474609375
0 0.2349853515625 0.2655029296875 0.029541015625 0.1462554931640625
0 0.4326171875 0.093231201171875 0.0203399658203125 0.107269287109375
0 0.227294921875 0.15167236328125 0.018768310546875 0.1114654541015625
0 0.2529296875 0.06072998046875 0.0264129638671875 0.124969482421875
0 0.837890625 0.24566650390625 0.0191650390625 0.086212158203125
0 0.9453125 0.25115966796875 0.0240020751953125 0.1120758056640625
0 0.669921875 0.1277923583984375 0.0186920166015625 0.090484619140625
0 0.06915283203125 0.0807952880859375 0.0217742919921875 0.101470947265625
0 0.034088134765625 0.74951171875 0.038818359375 0.1959228515625