0 0.7255859375 0.070037841796875 0.015777587890625 0.115966796875
0 0.91259765625 0.238494873046875 0.0235595703125 0.1076507568359375
0 0.71875 0.269927978515625 0.0305633544921875 0.1305389404296875
0 0.7607421875 0.282745361328125 0.027069091796875 0.1050567626953125
0 0.86181640625 0.06072998046875 0.02215576171875 0.099334716796875
0 0.8310546875 0.279083251953125 0.0239105224609375 0.1058197021484375
0 0.0701904296875 0.1024627685546875 0.0193023681640625 0.086212158203125
0 0.1551513671875 0.2874755859375 0.020721435546875 0.105438232421875
0 0.440673828125 0.230560302734375 0.0252685546875 0.1105499267578125
0 0.46923828125 0.1309967041015625 0.018157958984375 0.0926971435546875
0 0.64501953125 0.28961181640625 0.019500732421875 0.1175689697265625
0 0.52734375 0.0768280029296875 0.0220794677734375 0.095977783203125
0 0.2091064453125 0.179443359375 0.019500732421875 0.09918212890625
0 0.671875 0.1161956787109375 0.022979736328125 0.07537841796875
0 0.56005859375 0.234527587890625 0.02752685546875 0.129547119140625
0 0.6083984375 0.210113525390625 0.0182647705078125 0.096893310546875
0 0.564453125 0.0925445556640625 0.0216522216796875 0.1007080078125
0 0.43994140625 0.055999755859375 0.0193023681640625 0.0849151611328125
0 0.94677734375 0.26702880859375 0.018585205078125 0.1171112060546875
0 0.9697265625 0.1361083984375 0.019378662109375 0.0872039794921875
0 0.308837890625 0.1580810546875 0.0207977294921875 0.1068115234375
0 0.270263671875 0.098419189453125 0.0217742919921875 0.0962066650390625
0 0.1336669921875 0.079803466796875 0.0216522216796875 0.104217529296875
0 0.8310546875 0.1313018798828125 0.018829345703125 0.0899505615234375
0 0.34130859375 0.0638580322265625 0.0190887451171875 0.0817108154296875
0 0.2425537109375 0.26702880859375 0.0223236083984375 0.108489990234375
0 0.1688232421875 0.0739288330078125 0.0191650390625 0.095977783203125
0 0.33984375 0.26214599609375 0.021942138671875 0.08819580078125
0 0.0416259765625 0.097503662109375 0.0190582275390625 0.079803466796875
0 0.0333251953125 0.7537841796875 0.03533935546875 0.15777587890625
0 0.00974273681640625 0.153350830078125 0.019012451171875 0.1004791259765625