0 0.51318359375 0.245208740234375 0.0197601318359375 0.09307861328125
0 0.76953125 0.137939453125 0.0163421630859375 0.080108642578125
0 0.368896484375 0.1522064208984375 0.017303466796875 0.0811004638671875
0 0.5361328125 0.0943756103515625 0.020599365234375 0.0914764404296875
0 0.2327880859375 0.298309326171875 0.0206451416015625 0.1039886474609375
0 0.744140625 0.26123046875 0.02288818359375 0.1010894775390625
0 0.92919921875 0.05645751953125 0.0167236328125 0.1070404052734375
0 0.0313720703125 0.755615234375 0.0321044921875 0.1593017578125
0 0.410400390625 0.2301025390625 0.019561767578125 0.096893310546875
0 0.1319580078125 0.1230621337890625 0.0200653076171875 0.0936126708984375
0 0.06915283203125 0.19775390625 0.0217742919921875 0.106048583984375
0 0.86328125 0.0913238525390625 0.0174407958984375 0.090789794921875
0 0.3359375 0.2301025390625 0.01983642578125 0.0923919677734375
0 0.708984375 0.211639404296875 0.0186920166015625 0.0997161865234375
0 0.6396484375 0.05558013916015625 0.018829345703125 0.08758544921875
0 0.830078125 0.0963592529296875 0.0177154541015625 0.0911712646484375
0 0.86865234375 0.2362060546875 0.02423095703125 0.1177978515625
0 0.96533203125 0.06191253662109375 0.0184326171875 0.11077880859375
0 0.271728515625 0.26214599609375 0.0255584716796875 0.0872039794921875
0 0.66845703125 0.1332855224609375 0.0182342529296875 0.0836181640625
0 0.165283203125 0.242919921875 0.0209197998046875 0.1052093505859375
0 0.47021484375 0.086212158203125 0.0186920166015625 0.090789794921875
0 0.5693359375 0.122833251953125 0.0205230712890625 0.06870269775390625
0 0.232666015625 0.14190673828125 0.0177154541015625 0.06923675537109375
0 0.16455078125 0.062408447265625 0.0203704833984375 0.1039886474609375
0 0.30810546875 0.16448974609375 0.0169830322265625 0.08819580078125
0 0.035888671875 0.299835205078125 0.017242431640625 0.1332855224609375
0 0.91357421875 0.2740478515625 0.0240478515625 0.1116180419921875
0 0.055419921875 0.0595855712890625 0.01363372802734375 0.1175689697265625
0 0.6376953125 0.20416259765625 0.0225830078125 0.1039886474609375
0 0.436767578125 0.06168365478515625 0.020965576171875 0.1004791259765625