0 0.34423828125 0.269012451171875 0.0235595703125 0.0988006591796875
0 0.03448486328125 0.7537841796875 0.037109375 0.20233154296875
0 0.6728515625 0.2008056640625 0.0247955322265625 0.12420654296875
0 0.93994140625 0.3204345703125 0.0205230712890625 0.10284423828125
0 0.6435546875 0.25726318359375 0.02508544921875 0.1209259033203125
0 0.0119171142578125 0.24383544921875 0.0237274169921875 0.1116180419921875
0 0.96337890625 0.07251739501953125 0.0194549560546875 0.095062255859375
0 0.43994140625 0.267486572265625 0.0278472900390625 0.1221466064453125
0 0.269775390625 0.1200103759765625 0.0197601318359375 0.0888824462890625
0 0.87353515625 0.247955322265625 0.0194549560546875 0.0989532470703125
0 0.73828125 0.0449371337890625 0.0192718505859375 0.0783538818359375
0 0.83056640625 0.1103973388671875 0.0202178955078125 0.0965118408203125
0 0.1453857421875 0.242919921875 0.0250396728515625 0.1261138916015625
0 0.2135009765625 0.235748291015625 0.020599365234375 0.1317596435546875
0 0.52978515625 0.085906982421875 0.0229339599609375 0.1186370849609375
0 0.8583984375 0.05687713623046875 0.0204925537109375 0.0997161865234375
0 0.7685546875 0.1340484619140625 0.0185394287109375 0.0945281982421875
0 0.97802734375 0.23193359375 0.0182952880859375 0.1026153564453125
0 0.708984375 0.15899658203125 0.017913818359375 0.1081085205078125
0 0.369384765625 0.0909423828125 0.021820068359375 0.107421875
0 0.5625 0.0582122802734375 0.0202484130859375 0.093231201171875
0 0.032958984375 0.0600433349609375 0.02337646484375 0.1018524169921875
0 0.045196533203125 0.238494873046875 0.0241851806640625 0.1088714599609375
0 0.65576171875 0.094146728515625 0.0204925537109375 0.0954437255859375
0 0.56201171875 0.279693603515625 0.0234222412109375 0.102996826171875
0 0.135498046875 0.05428314208984375 0.0194549560546875 0.0934600830078125
0 0.11102294921875 0.234527587890625 0.020721435546875 0.0995635986328125
0 0.4716796875 0.204620361328125 0.0214080810546875 0.1116180419921875
0 0.336669921875 0.05306243896484375 0.019195556640625 0.08758544921875
0 0.45556640625 0.089569091796875 0.0196075439453125 0.0708770751953125
0 0.251220703125 0.2606201171875 0.02056884765625 0.104217529296875