0 0.07476806640625 0.23712158203125 0.0187225341796875 0.095977783203125
0 0.56005859375 0.241546630859375 0.0257568359375 0.154571533203125
0 0.11083984375 0.207366943359375 0.0177764892578125 0.08758544921875
0 0.82861328125 0.142974853515625 0.020172119140625 0.10223388671875
0 0.43701171875 0.241546630859375 0.02044677734375 0.096893310546875
0 0.255615234375 0.0516510009765625 0.0210113525390625 0.104827880859375
0 0.76513671875 0.2410888671875 0.0220794677734375 0.103607177734375
0 0.5185546875 0.25299072265625 0.0224609375 0.1175689697265625
0 0.409423828125 0.17974853515625 0.0196075439453125 0.072784423828125
0 0.6552734375 0.300445556640625 0.01953125 0.09307861328125
0 0.857421875 0.05535125732421875 0.0169219970703125 0.1116180419921875
0 0.034423828125 0.7421875 0.044525146484375 0.1340484619140625
0 0.94091796875 0.0829315185546875 0.0192718505859375 0.0925445556640625
0 0.1383056640625 0.231475830078125 0.0207977294921875 0.0829315185546875
0 0.236328125 0.31341552734375 0.021087646484375 0.1340484619140625
0 0.93994140625 0.277557373046875 0.021484375 0.0714111328125
0 0.03228759765625 0.123291015625 0.0202484130859375 0.097808837890625
0 0.634765625 0.09674072265625 0.018646240234375 0.079193115234375
0 0.373779296875 0.218048095703125 0.023773193359375 0.1146697998046875
0 0.52783203125 0.1297760009765625 0.021453857421875 0.096893310546875
0 0.72314453125 0.27557373046875 0.0240020751953125 0.1287841796875
0 0.358154296875 0.054931640625 0.017578125 0.0962066650390625
0 0.3408203125 0.305938720703125 0.02056884765625 0.106658935546875
0 0.0460205078125 0.27801513671875 0.0200958251953125 0.1012420654296875
0 0.4697265625 0.1522064208984375 0.016021728515625 0.0852203369140625
0 0.1416015625 0.07335662841796875 0.0187225341796875 0.09857177734375
0 0.224365234375 0.1052093505859375 0.021209716796875 0.1129150390625
0 0.76416015625 0.1024627685546875 0.0189361572265625 0.095977783203125
0 0.96923828125 0.1110076904296875 0.019012451171875 0.0811004638671875
0 0.66845703125 0.092010498046875 0.020843505859375 0.093231201171875
0 0.8701171875 0.212860107421875 0.019989013671875 0.115509033203125