0 0.3486328125 0.261688232421875 0.0196075439453125 0.0962066650390625
0 0.63720703125 0.274505615234375 0.021575927734375 0.1200103759765625
0 0.95849609375 0.25360107421875 0.02069091796875 0.1003265380859375
0 0.31201171875 0.24566650390625 0.021484375 0.089569091796875
0 0.463623046875 0.24658203125 0.021453857421875 0.1010894775390625
0 0.2381591796875 0.09674072265625 0.018341064453125 0.0946807861328125
0 0.5322265625 0.1136016845703125 0.01763916015625 0.086517333984375
0 0.96728515625 0.0722503662109375 0.0216522216796875 0.10284423828125
0 0.5732421875 0.263519287109375 0.020843505859375 0.0955963134765625
0 0.0765380859375 0.209197998046875 0.021087646484375 0.109100341796875
0 0.21044921875 0.194854736328125 0.0217742919921875 0.0997161865234375
0 0.0313720703125 0.1465606689453125 0.01666259765625 0.0849151611328125
0 0.431884765625 0.08819580078125 0.021820068359375 0.10955810546875
0 0.2440185546875 0.246124267578125 0.021484375 0.1004791259765625
0 0.5390625 0.291748046875 0.0255126953125 0.1032257080078125
0 0.144775390625 0.272979736328125 0.02337646484375 0.1116180419921875
0 0.91845703125 0.290069580078125 0.020965576171875 0.1099395751953125
0 0.7138671875 0.247039794921875 0.022796630859375 0.0943756103515625
0 0.630859375 0.107421875 0.0197601318359375 0.1010894775390625
0 0.73681640625 0.0888824462890625 0.01812744140625 0.07030487060546875
0 0.76953125 0.130767822265625 0.01898193359375 0.0804901123046875
0 0.04345703125 0.2734375 0.0186920166015625 0.115966796875
0 0.466064453125 0.098419189453125 0.01861572265625 0.092926025390625
0 0.853515625 0.286865234375 0.02069091796875 0.1012420654296875
0 0.8681640625 0.07366180419921875 0.0191192626953125 0.086212158203125
0 0.337158203125 0.079498291015625 0.0229339599609375 0.0807952880859375
0 0.157958984375 0.0562286376953125 0.0182342529296875 0.09307861328125
0 0.83349609375 0.06923675537109375 0.020172119140625 0.101470947265625
0 0.0328369140625 0.7489013671875 0.030914306640625 0.145721435546875
0 0.175537109375 0.235443115234375 0.0184783935546875 0.1070404052734375
0 0.671875 0.26123046875 0.0213623046875 0.1126861572265625