0 0.60986328125 0.21636962890625 0.019561767578125 0.1024627685546875
0 0.52734375 0.0972747802734375 0.019012451171875 0.123291015625
0 0.64111328125 0.22430419921875 0.0202484130859375 0.1068115234375
0 0.172119140625 0.24658203125 0.0245208740234375 0.11077880859375
0 0.4609375 0.0502777099609375 0.018157958984375 0.10009765625
0 0.9697265625 0.1204681396484375 0.02001953125 0.1010894775390625
0 0.77197265625 0.269927978515625 0.0225372314453125 0.0829315185546875
0 0.034881591796875 0.74462890625 0.032470703125 0.154571533203125
0 0.55859375 0.04947662353515625 0.019012451171875 0.1003265380859375
0 0.212890625 0.234527587890625 0.02508544921875 0.11383056640625
0 0.736328125 0.29449462890625 0.0236053466796875 0.1195526123046875
0 0.076416015625 0.206146240234375 0.0207672119140625 0.102996826171875
0 0.5693359375 0.259246826171875 0.021942138671875 0.111236572265625
0 0.9384765625 0.269927978515625 0.020721435546875 0.092926025390625
0 0.66943359375 0.090789794921875 0.0215301513671875 0.0988006591796875
0 0.8759765625 0.204925537109375 0.0204925537109375 0.1010894775390625
0 0.73291015625 0.1126861572265625 0.0186920166015625 0.0868988037109375
0 0.428955078125 0.1320648193359375 0.0202178955078125 0.0995635986328125
0 0.042633056640625 0.3082275390625 0.020599365234375 0.1110076904296875
0 0.254150390625 0.247039794921875 0.0262603759765625 0.13275146484375
0 0.857421875 0.090789794921875 0.0171051025390625 0.0872039794921875
0 0.134765625 0.281219482421875 0.0276336669921875 0.125885009765625
0 0.265869140625 0.1026153564453125 0.0184783935546875 0.102996826171875
0 0.42822265625 0.27557373046875 0.02386474609375 0.146026611328125
0 0.03125 0.118255615234375 0.02056884765625 0.0946807861328125
0 0.94091796875 0.07537841796875 0.01751708984375 0.079803466796875
0 0.36962890625 0.095977783203125 0.021331787109375 0.1012420654296875
0 0.341552734375 0.265960693359375 0.0222015380859375 0.0988006591796875
0 0.30908203125 0.168914794921875 0.019561767578125 0.0952911376953125
0 0.83056640625 0.117340087890625 0.0215301513671875 0.099334716796875
0 0.1270751953125 0.1032257080078125 0.0197906494140625 0.0972747802734375