0 0.83251953125 0.1273345947265625 0.01812744140625 0.09185791015625
0 0.1331787109375 0.087890625 0.0189056396484375 0.089263916015625
0 0.5302734375 0.124969482421875 0.02044677734375 0.099945068359375
0 0.96875 0.1103973388671875 0.0180511474609375 0.0811004638671875
0 0.270263671875 0.09307861328125 0.0192718505859375 0.0885772705078125
0 0.161865234375 0.288543701171875 0.0229339599609375 0.107269287109375
0 0.0303802490234375 0.0551605224609375 0.022796630859375 0.103607177734375
0 0.441650390625 0.265045166015625 0.0287017822265625 0.1293182373046875
0 0.6591796875 0.06687164306640625 0.01763916015625 0.089263916015625
0 0.6474609375 0.309906005859375 0.021087646484375 0.1058197021484375
0 0.23974609375 0.0952911376953125 0.0194549560546875 0.0946807861328125
0 0.7548828125 0.0496673583984375 0.021942138671875 0.07251739501953125
0 0.4296875 0.1485443115234375 0.0182952880859375 0.0965118408203125
0 0.74072265625 0.291748046875 0.02423095703125 0.123291015625
0 0.67919921875 0.199737548828125 0.0180511474609375 0.0909423828125
0 0.56396484375 0.060272216796875 0.024566650390625 0.115509033203125
0 0.95654296875 0.255889892578125 0.02191162109375 0.107269287109375
0 0.52099609375 0.25360107421875 0.0231475830078125 0.11016845703125
0 0.333740234375 0.1123046875 0.02203369140625 0.1087188720703125
0 0.9168655319986169 0.254272309894221 0.02433471176209913 0.1356198151009421
0 0.2420654296875 0.2362060546875 0.0234222412109375 0.1131439208984375
0 0.168212890625 0.079803466796875 0.0199127197265625 0.1003265380859375
0 0.367919921875 0.0846099853515625 0.0177764892578125 0.0872039794921875
0 0.82568359375 0.2764892578125 0.022247314453125 0.1125335693359375
0 0.77099609375 0.1922607421875 0.020294189453125 0.1416778564453125
0 0.011272430419921875 0.250244140625 0.02254486083984375 0.1120758056640625
0 0.04559326171875 0.244293212890625 0.0287628173828125 0.1285552978515625
0 0.32861328125 0.31341552734375 0.0197906494140625 0.0971221923828125
0 0.8662109375 0.255889892578125 0.0252227783203125 0.1177978515625
0 0.47412109375 0.2056884765625 0.0234222412109375 0.11077880859375
0 0.0343017578125 0.7501220703125 0.03607177734375 0.1554107666015625