0 0.96826171875 0.27099609375 0.019989013671875 0.10009765625
0 0.9306640625 0.0989532470703125 0.02056884765625 0.1039886474609375
0 0.56103515625 0.0911712646484375 0.0242767333984375 0.1120758056640625
0 0.6318359375 0.286865234375 0.0240020751953125 0.1195526123046875
0 0.8447265625 0.2734375 0.0214080810546875 0.0955963134765625
0 0.31005859375 0.201568603515625 0.023193359375 0.123748779296875
0 0.74072265625 0.308837890625 0.025177001953125 0.115509033203125
0 0.138671875 0.242462158203125 0.02337646484375 0.1177978515625
0 0.77392578125 0.203094482421875 0.019195556640625 0.1125335693359375
0 0.1707763671875 0.1177978515625 0.0231475830078125 0.0989532470703125
0 0.263671875 0.230560302734375 0.0259552001953125 0.1280975341796875
0 0.431640625 0.1313018798828125 0.0181884765625 0.0909423828125
0 0.66455078125 0.05645751953125 0.017303466796875 0.085906982421875
0 0.037811279296875 0.243377685546875 0.0225830078125 0.1221466064453125
0 0.429931640625 0.286407470703125 0.0240478515625 0.12237548828125
0 0.042083740234375 0.1105499267578125 0.0115509033203125 0.08819580078125
0 0.371337890625 0.107269287109375 0.0202484130859375 0.0820159912109375
0 0.92919921875 0.2740478515625 0.021942138671875 0.0963592529296875
0 0.22119140625 0.264129638671875 0.0261993408203125 0.1462554931640625
0 0.0701904296875 0.124664306640625 0.018646240234375 0.0849151611328125
0 0.262451171875 0.093994140625 0.0189361572265625 0.09918212890625
0 0.470458984375 0.235443115234375 0.0214080810546875 0.10284423828125
0 0.63134765625 0.1363372802734375 0.01837158203125 0.0923919677734375
0 0.342041015625 0.2734375 0.023101806640625 0.1003265380859375
0 0.7578125 0.0562286376953125 0.01934814453125 0.102996826171875
0 0.83154296875 0.1513671875 0.0182342529296875 0.090789794921875
0 0.5244140625 0.0885772705078125 0.0233306884765625 0.129547119140625
0 0.1104736328125 0.201873779296875 0.0188751220703125 0.08758544921875
0 0.85888671875 0.06072998046875 0.0173797607421875 0.0955963134765625
0 0.52001953125 0.26123046875 0.023468017578125 0.14007568359375
0 0.034423828125 0.745849609375 0.040008544921875 0.1560211181640625