0 0.53271484375 0.111236572265625 0.019195556640625 0.09857177734375
0 0.412841796875 0.238037109375 0.021942138671875 0.09857177734375
0 0.8330078125 0.0540924072265625 0.0190582275390625 0.0921630859375
0 0.338134765625 0.2447509765625 0.02423095703125 0.1068115234375
0 0.6474609375 0.2801513671875 0.0236053466796875 0.1087188720703125
0 0.7101897941620575 0.17104338340915384 0.020324656683490407 0.10763547287299513
0 0.2330322265625 0.0965118408203125 0.0207977294921875 0.090484619140625
0 0.96142578125 0.05580902099609375 0.020172119140625 0.1004791259765625
0 0.171875 0.254058837890625 0.0192718505859375 0.09857177734375
0 0.033477783203125 0.7452392578125 0.0328369140625 0.164794921875
0 0.30908203125 0.18280029296875 0.020294189453125 0.0820159912109375
0 0.1324462890625 0.13763427734375 0.018585205078125 0.0909423828125
0 0.529296875 0.310516357421875 0.020294189453125 0.0807952880859375
0 0.9287109375 0.0902557373046875 0.019012451171875 0.0965118408203125
0 0.02752685546875 0.28594970703125 0.024383544921875 0.122833251953125
0 0.56640625 0.07114410400390625 0.0171051025390625 0.0885772705078125
0 0.76953125 0.1416778564453125 0.0200653076171875 0.0913238525390625
0 0.8502304253365596 0.28673532068999025 0.02367550186594327 0.12005572438779291
0 0.86767578125 0.07450103759765625 0.021331787109375 0.1039886474609375
0 0.06622314453125 0.06664276123046875 0.019012451171875 0.0868988037109375
0 0.74072265625 0.0579833984375 0.0156707763671875 0.090484619140625
0 0.9324966455837941 0.31666547319690375 0.020672552039339397 0.12051361392906713
0 0.165283203125 0.07030487060546875 0.0189056396484375 0.095977783203125
0 0.67822265625 0.20263671875 0.017852783203125 0.0954437255859375
0 0.2646484375 0.0719451904296875 0.024566650390625 0.0954437255859375
0 0.434814453125 0.1105499267578125 0.01953125 0.08758544921875
0 0.454345703125 0.27099609375 0.0272674560546875 0.106048583984375
0 0.341552734375 0.1018524169921875 0.01306915283203125 0.0885772705078125
0 0.658203125 0.0936126708984375 0.0161590576171875 0.084228515625
0 0.2486572265625 0.235748291015625 0.0228424072265625 0.122833251953125
0 0.0672241613719577 0.28443936382674057 0.020277213463669584 0.101889557009651