0 0.06536865234375 0.2764892578125 0.0194244384765625 0.11016845703125
0 0.64892578125 0.27252197265625 0.023101806640625 0.1087188720703125
0 0.83642578125 0.113983154296875 0.018402099609375 0.0901031494140625
0 0.77001953125 0.254058837890625 0.022674560546875 0.1142120361328125
0 0.85400390625 0.264129638671875 0.0194244384765625 0.1195526123046875
0 0.96728515625 0.06870269775390625 0.0213623046875 0.1026153564453125
0 0.6118286334203538 0.24707775309043253 0.020138469248271996 0.10422447899665112
0 0.87060546875 0.09307861328125 0.02056884765625 0.0952911376953125
0 0.2109375 0.20965576171875 0.0191650390625 0.08819580078125
0 0.336669921875 0.251617431640625 0.0203704833984375 0.0945281982421875
0 0.5380859375 0.084228515625 0.0164031982421875 0.11016845703125
0 0.72900390625 0.2838134765625 0.021820068359375 0.102081298828125
0 0.732421875 0.1325225830078125 0.017852783203125 0.0885772705078125
0 0.027587890625 0.28533935546875 0.0240936279296875 0.1204681396484375
0 0.1414794921875 0.28167724609375 0.02069091796875 0.102081298828125
0 0.46923828125 0.1221466064453125 0.0182342529296875 0.08392333984375
0 0.270263671875 0.111846923828125 0.019561767578125 0.089263916015625
0 0.409423828125 0.186309814453125 0.021697998046875 0.111846923828125
0 0.931640625 0.0829315185546875 0.0177154541015625 0.093231201171875
0 0.57080078125 0.101470947265625 0.0182952880859375 0.0888824462890625
0 0.161376953125 0.06191253662109375 0.01763916015625 0.0958251953125
0 0.4365234375 0.04985809326171875 0.019012451171875 0.0872039794921875
0 0.6708984375 0.0995635986328125 0.017913818359375 0.093231201171875
0 0.06634521484375 0.066375732421875 0.0189361572265625 0.086212158203125
0 0.341552734375 0.05645751953125 0.0177154541015625 0.07537841796875
0 0.310302734375 0.153961181640625 0.023468017578125 0.095062255859375
0 0.2413330078125 0.078887939453125 0.01525115966796875 0.1087188720703125
0 0.13134765625 0.1485443115234375 0.0182647705078125 0.0911712646484375
0 0.5124786830082959 0.2533111824004423 0.01756124970606389 0.09370387119849502
0 0.0321044921875 0.7525634765625 0.0312042236328125 0.153656005859375
0 0.961715773763827 0.282631235083654 0.02146133577312725 0.09807523735222315