0 0.1728515625 0.233612060546875 0.0218658447265625 0.109710693359375
0 0.7724609375 0.2349853515625 0.0247039794921875 0.1235198974609375
0 0.9658203125 0.0768280029296875 0.0217742919921875 0.0820159912109375
0 0.3671875 0.26702880859375 0.0230255126953125 0.107421875
0 0.035491943359375 0.281219482421875 0.0248870849609375 0.1202392578125
0 0.75244140625 0.0551605224609375 0.02276611328125 0.108489990234375
0 0.857421875 0.25634765625 0.0230712890625 0.092926025390625
0 0.072265625 0.247955322265625 0.0221099853515625 0.1082611083984375
0 0.724609375 0.1131439208984375 0.0179901123046875 0.087890625
0 0.2347412109375 0.053253173828125 0.0186920166015625 0.0909423828125
0 0.86865234375 0.07770538330078125 0.020843505859375 0.102996826171875
0 0.127685546875 0.1129150390625 0.0206451416015625 0.0997161865234375
0 0.033966064453125 0.7421875 0.029876708984375 0.1438140869140625
0 0.47607421875 0.2410888671875 0.0210418701171875 0.0972747802734375
0 0.8173828125 0.28228759765625 0.021240234375 0.1068115234375
0 0.53662109375 0.215606689453125 0.024139404296875 0.1171112060546875
0 0.671875 0.234527587890625 0.022979736328125 0.1200103759765625
0 0.268310546875 0.116424560546875 0.0190582275390625 0.0943756103515625
0 0.1561279296875 0.05046844482421875 0.018798828125 0.089569091796875
0 0.931640625 0.29388427734375 0.0211639404296875 0.1123046875
0 0.432373046875 0.122833251953125 0.0167236328125 0.0885772705078125
0 0.0592041015625 0.05046844482421875 0.0185089111328125 0.08758544921875
0 0.54150390625 0.0909423828125 0.01751708984375 0.08331298828125
0 0.9697265625 0.279083251953125 0.0217742919921875 0.0899505615234375
0 0.4599609375 0.0676727294921875 0.01763916015625 0.0955963134765625
0 0.21044921875 0.207672119140625 0.0228424072265625 0.1226043701171875
0 0.32666015625 0.0846099853515625 0.0177154541015625 0.1204681396484375
0 0.3251953125 0.276031494140625 0.0276947021484375 0.129547119140625
0 0.6328125 0.31280517578125 0.019561767578125 0.109100341796875
0 0.630859375 0.0989532470703125 0.019683837890625 0.100860595703125
0 0.5693359375 0.0971221923828125 0.018157958984375 0.084228515625