0 0.72900390625 0.1175689697265625 0.02203369140625 0.1055908203125
0 0.9365234375 0.20263671875 0.0225372314453125 0.0971221923828125
0 0.2386474609375 0.118865966796875 0.0170440673828125 0.0836181640625
0 0.035552978515625 0.7354736328125 0.040679931640625 0.174102783203125
0 0.3388671875 0.229339599609375 0.024658203125 0.115966796875
0 0.2113037109375 0.229339599609375 0.01971435546875 0.0836181640625
0 0.42724609375 0.07251739501953125 0.02215576171875 0.106048583984375
0 0.3115234375 0.201568603515625 0.0190887451171875 0.0820159912109375
0 0.67724609375 0.2276611328125 0.019195556640625 0.08758544921875
0 0.51025390625 0.1554107666015625 0.02069091796875 0.102996826171875
0 0.537109375 0.2545166015625 0.020416259765625 0.09674072265625
0 0.048675537109375 0.2740478515625 0.0207672119140625 0.1131439208984375
0 0.271484375 0.1126861572265625 0.019683837890625 0.0888824462890625
0 0.9091796875 0.1499176025390625 0.020172119140625 0.1003265380859375
0 0.76171875 0.04985809326171875 0.0234222412109375 0.0980377197265625
0 0.6328125 0.122833251953125 0.0170440673828125 0.0855255126953125
0 0.54150390625 0.061187744140625 0.0170440673828125 0.0852203369140625
0 0.16064453125 0.259246826171875 0.021820068359375 0.102081298828125
0 0.658203125 0.06610870361328125 0.018096923828125 0.092926025390625
0 0.82763671875 0.0577545166015625 0.018798828125 0.0962066650390625
0 0.865234375 0.1010894775390625 0.017242431640625 0.102081298828125
0 0.71923828125 0.251617431640625 0.0226287841796875 0.1131439208984375
0 0.42236328125 0.28228759765625 0.0245208740234375 0.1180267333984375
0 0.1190185546875 0.290069580078125 0.02276611328125 0.0988006591796875
0 0.85400390625 0.239410400390625 0.024139404296875 0.1297760009765625
0 0.370361328125 0.117340087890625 0.01837158203125 0.086212158203125
0 0.03192138671875 0.1568603515625 0.017181396484375 0.0868988037109375
0 0.134033203125 0.0926971435546875 0.020172119140625 0.093994140625
0 0.9423828125 0.0936126708984375 0.015838623046875 0.0814056396484375
0 0.4619140625 0.0522613525390625 0.0181884765625 0.1024627685546875
0 0.07861328125 0.194854736328125 0.018646240234375 0.08819580078125