0 0.61474609375 0.2679443359375 0.023773193359375 0.113372802734375
0 0.1689453125 0.092926025390625 0.020843505859375 0.099945068359375
0 0.414794921875 0.250244140625 0.027008056640625 0.127105712890625
0 0.66650390625 0.063629150390625 0.0190582275390625 0.092926025390625
0 0.96826171875 0.1126861572265625 0.0181884765625 0.08331298828125
0 0.56640625 0.1070404052734375 0.0181884765625 0.0943756103515625
0 0.857421875 0.290069580078125 0.0220794677734375 0.1087188720703125
0 0.3740234375 0.206146240234375 0.0247955322265625 0.1110076904296875
0 0.356689453125 0.09063720703125 0.01450347900390625 0.09765625
0 0.464111328125 0.0943756103515625 0.0171051025390625 0.1103973388671875
0 0.260498046875 0.24749755859375 0.0222930908203125 0.10955810546875
0 0.63134765625 0.06816864013671875 0.0211181640625 0.111236572265625
0 0.1087646484375 0.16082763671875 0.018096923828125 0.0995635986328125
0 0.219970703125 0.287933349609375 0.022247314453125 0.106658935546875
0 0.533203125 0.107421875 0.0214080810546875 0.09765625
0 0.8330078125 0.07801055908203125 0.020172119140625 0.1010894775390625
0 0.1392822265625 0.0934600830078125 0.0184326171875 0.0817108154296875
0 0.52734375 0.2874755859375 0.021575927734375 0.104827880859375
0 0.7255859375 0.0820159912109375 0.0163421630859375 0.1175689697265625
0 0.86767578125 0.06870269775390625 0.019500732421875 0.092926025390625
0 0.72802734375 0.308837890625 0.025665283203125 0.098419189453125
0 0.457763671875 0.2349853515625 0.02056884765625 0.1313018798828125
0 0.96142578125 0.2679443359375 0.0207977294921875 0.10955810546875
0 0.75927734375 0.05367279052734375 0.0255126953125 0.1116180419921875
0 0.2315673828125 0.0849151611328125 0.0202484130859375 0.107269287109375
0 0.327880859375 0.111236572265625 0.02056884765625 0.08331298828125
0 0.01287078857421875 0.232391357421875 0.0250396728515625 0.118255615234375
0 0.0325927734375 0.06214141845703125 0.0189056396484375 0.089263916015625
0 0.92041015625 0.2740478515625 0.024993896484375 0.094146728515625
0 0.03326416015625 0.7476806640625 0.036773681640625 0.186920166015625
0 0.06756591796875 0.1103973388671875 0.0180511474609375 0.089569091796875