0 0.1312255859375 0.1300048828125 0.0186920166015625 0.0952911376953125
0 0.54150390625 0.1110076904296875 0.017852783203125 0.09185791015625
0 0.5693359375 0.124664306640625 0.0202484130859375 0.07335662841796875
0 0.423095703125 0.302581787109375 0.021697998046875 0.11016845703125
0 0.045867919921875 0.27252197265625 0.0194549560546875 0.1055908203125
0 0.375244140625 0.22674560546875 0.0210113525390625 0.101470947265625
0 0.037811279296875 0.0888824462890625 0.021453857421875 0.113372802734375
0 0.6650390625 0.084228515625 0.01177978515625 0.064849853515625
0 0.07080078125 0.1361083984375 0.018798828125 0.0817108154296875
0 0.4326171875 0.09765625 0.018829345703125 0.09185791015625
0 0.53759765625 0.228424072265625 0.0222015380859375 0.07366180419921875
0 0.468017578125 0.08819580078125 0.019012451171875 0.1064300537109375
0 0.164794921875 0.063629150390625 0.019195556640625 0.1018524169921875
0 0.244140625 0.29388427734375 0.0202484130859375 0.08758544921875
0 0.328857421875 0.1131439208984375 0.016021728515625 0.1123046875
0 0.9713241753365595 0.2505640968915959 0.017526209873755753 0.13964748089256682
0 0.876940897829646 0.23277270127903837 0.019842489018667395 0.09925817111276425
0 0.23779296875 0.0826263427734375 0.0189361572265625 0.0628662109375
0 0.3544921875 0.0638580322265625 0.0211181640625 0.1136016845703125
0 0.6357421875 0.284271240234375 0.021240234375 0.1153564453125
0 0.955078125 0.0502777099609375 0.0222930908203125 0.10009765625
0 0.21044921875 0.216827392578125 0.021484375 0.0768280029296875
0 0.1700439453125 0.236663818359375 0.0196380615234375 0.106658935546875
0 0.75732421875 0.0489044189453125 0.01666259765625 0.097808837890625
0 0.85791015625 0.067138671875 0.0169219970703125 0.0899505615234375
0 0.63232421875 0.1120758056640625 0.0200958251953125 0.10345458984375
0 0.9267578125 0.094146728515625 0.0188751220703125 0.114898681640625
0 0.7294921875 0.14739990234375 0.0180206298828125 0.106658935546875
0 0.8330078125 0.125885009765625 0.015899658203125 0.0913238525390625
0 0.033203125 0.75439453125 0.0411376953125 0.15960693359375
0 0.7407409970055308 0.28276753205614386 0.021264537672428786 0.14759683169041263