0 0.6455078125 0.30426025390625 0.021331787109375 0.1123046875
0 0.728515625 0.140533447265625 0.021453857421875 0.1039886474609375
0 0.169189453125 0.23712158203125 0.023956298828125 0.11383056640625
0 0.87060546875 0.1016998291015625 0.01934814453125 0.08331298828125
0 0.6767578125 0.19775390625 0.0222930908203125 0.1131439208984375
0 0.55810546875 0.05664825439453125 0.017303466796875 0.099334716796875
0 0.0257110595703125 0.303192138671875 0.021697998046875 0.1120758056640625
0 0.33251953125 0.1226043701171875 0.018402099609375 0.0997161865234375
0 0.93359375 0.07251739501953125 0.0188751220703125 0.090484619140625
0 0.759765625 0.0586700439453125 0.020965576171875 0.1171112060546875
0 0.34716796875 0.276031494140625 0.0205230712890625 0.102081298828125
0 0.76416015625 0.219268798828125 0.0224151611328125 0.1256561279296875
0 0.57373046875 0.21759033203125 0.023651123046875 0.1157379150390625
0 0.43408203125 0.09765625 0.020965576171875 0.093841552734375
0 0.2137451171875 0.257720947265625 0.0214080810546875 0.104217529296875
0 0.2509765625 0.254058837890625 0.024658203125 0.119781494140625
0 0.1636962890625 0.0943756103515625 0.019378662109375 0.0952911376953125
0 0.96826171875 0.1114654541015625 0.018646240234375 0.086212158203125
0 0.375244140625 0.2362060546875 0.01837158203125 0.095062255859375
0 0.81103515625 0.204925537109375 0.019989013671875 0.086517333984375
0 0.8388671875 0.23406982421875 0.0235595703125 0.1221466064453125
0 0.42041015625 0.2734375 0.0199432373046875 0.1012420654296875
0 0.91455078125 0.2447509765625 0.0250396728515625 0.1244354248046875
0 0.541015625 0.309906005859375 0.020416259765625 0.1105499267578125
0 0.029541015625 0.085906982421875 0.01861572265625 0.1044464111328125
0 0.2340087890625 0.06145477294921875 0.0180511474609375 0.0926971435546875
0 0.630859375 0.117340087890625 0.0179901123046875 0.093994140625
0 0.46728515625 0.106658935546875 0.017181396484375 0.087890625
0 0.130615234375 0.093994140625 0.0184326171875 0.099334716796875
0 0.034027099609375 0.7513427734375 0.0333251953125 0.1554107666015625
0 0.0638427734375 0.06072998046875 0.01934814453125 0.107879638671875