0 0.45923 0.0541 0.020295 0.10247500000000001
0 0.43213 0.275575 0.024385 0.108875
0 0.036774999999999995 0.0695 0.0193 0.099325
0 0.5634750000000001 0.060274999999999995 0.02069 0.09805
0 0.16638 0.22094999999999998 0.025865 0.129025
0 0.5273450000000001 0.27405 0.02165 0.111475
0 0.245115 0.290075 0.022109999999999998 0.10765000000000001
0 0.21130500000000002 0.22460000000000002 0.02284 0.125425
0 0.930665 0.057975000000000006 0.019379999999999998 0.0924
0 0.7563500000000001 0.049475 0.020295 0.094375
0 0.377685 0.236675 0.018125 0.090625
0 0.160155 0.049100000000000005 0.01802 0.09385
0 0.42871 0.129325 0.019010000000000003 0.09545
0 0.12976 0.133525 0.02092 0.0882
0 0.33398500000000003 0.135575 0.01718 0.09307499999999999
0 0.91455 0.263525 0.024475 0.108875
0 0.27173 0.113375 0.018539999999999997 0.09415
0 0.567385 0.2771 0.022295000000000002 0.095975
0 0.359375 0.07087500000000001 0.01462 0.076525
0 0.668455 0.08689999999999999 0.01883 0.088875
0 0.7304700000000001 0.154275 0.01964 0.094375
0 0.86963 0.136325 0.0188 0.0908
0 0.6367200000000001 0.21805 0.02443 0.112675
0 0.047945 0.24932500000000002 0.022629999999999997 0.1142
0 0.84033 0.063625 0.02133 0.098425
0 0.06952 0.12612500000000001 0.017775 0.09345
0 0.953125 0.24932500000000002 0.02817 0.11825
0 0.640135 0.0924 0.01898 0.0862
0 0.774415 0.1941 0.026155 0.121925
0 0.03601 0.7544 0.03308 0.18767499999999998
0 0.8388300000000001 0.22935 0.020864999999999998 0.10612500000000001