0 0.61621 0.24887499999999999 0.02504 0.11977499999999999
0 0.94092 0.09972500000000001 0.017305 0.0882
0 0.94043 0.2324 0.02092 0.09269999999999999
0 0.5083 0.146875 0.017855 0.107275
0 0.354735 0.27405 0.024935 0.1226
0 0.7299800000000001 0.09452500000000001 0.023469999999999998 0.10300000000000001
0 0.54199 0.0605 0.020370000000000003 0.099325
0 0.17260499999999998 0.222625 0.0206 0.1052
0 0.970215 0.103825 0.02069 0.0978
0 0.33594 0.0949 0.02246 0.118025
0 0.271975 0.20767499999999997 0.02707 0.10400000000000001
0 0.31616000000000005 0.281675 0.020370000000000003 0.09269999999999999
0 0.134035 0.27802499999999997 0.027954999999999997 0.134575
0 0.408445 0.1648 0.01877 0.1085
0 0.87158 0.1149 0.02104 0.10665
0 0.158205 0.08994999999999999 0.0149 0.072525
0 0.254885 0.058725 0.02461 0.11745
0 0.76367 0.0962 0.019425 0.09820000000000001
0 0.7251000000000001 0.27055 0.024475 0.1162
0 0.8398450000000001 0.23147500000000001 0.02072 0.10085000000000001
0 0.44214 0.2655 0.02182 0.1052
0 0.06842000000000001 0.100475 0.019989999999999997 0.10247500000000001
0 0.033905000000000005 0.7507250000000001 0.030045000000000002 0.143275
0 0.6333 0.1097 0.019379999999999998 0.09415
0 0.037689999999999994 0.24932500000000002 0.02246 0.10765000000000001
0 0.569335 0.144875 0.01927 0.0965
0 0.80908 0.21087499999999998 0.016665 0.11512499999999999
0 0.66699 0.062875 0.01924 0.09095
0 0.009134999999999999 0.143275 0.018269999999999998 0.09820000000000001
0 0.468995 0.08927500000000001 0.021485 0.10032500000000001
0 0.24084 0.304625 0.027835000000000002 0.14002499999999998