0 0.841796875 0.078582763671875 0.0170440673828125 0.07114410400390625
0 0.1512451171875 0.28228759765625 0.0206451416015625 0.0963592529296875
0 0.452880859375 0.05645751953125 0.0192718505859375 0.11016845703125
0 0.03155517578125 0.7598876953125 0.03424072265625 0.17608642578125
0 0.67578125 0.252532958984375 0.0207977294921875 0.086212158203125
0 0.259521484375 0.052032470703125 0.0156707763671875 0.10284423828125
0 0.3681640625 0.116424560546875 0.018341064453125 0.096893310546875
0 0.309326171875 0.19378662109375 0.0192413330078125 0.104217529296875
0 0.228515625 0.1384735107421875 0.0188751220703125 0.1032257080078125
0 0.57958984375 0.2069091796875 0.0179901123046875 0.093231201171875
0 0.0723876953125 0.25299072265625 0.0210113525390625 0.1087188720703125
0 0.54736328125 0.30426025390625 0.01971435546875 0.0980377197265625
0 0.134521484375 0.13153076171875 0.0165863037109375 0.0849151611328125
0 0.177490234375 0.233154296875 0.017852783203125 0.0914764404296875
0 0.91015625 0.20263671875 0.019378662109375 0.1003265380859375
0 0.9423828125 0.284271240234375 0.021209716796875 0.111236572265625
0 0.939453125 0.0811004638671875 0.020843505859375 0.0695037841796875
0 0.6435546875 0.291748046875 0.0207977294921875 0.1026153564453125
0 0.75927734375 0.2838134765625 0.02386474609375 0.067138671875
0 0.63330078125 0.124664306640625 0.01953125 0.090484619140625
0 0.26904296875 0.21881103515625 0.0293121337890625 0.135345458984375
0 0.4326171875 0.2679443359375 0.0284423828125 0.1422119140625
0 0.533203125 0.1313018798828125 0.01837158203125 0.1007080078125
0 0.03607177734375 0.279693603515625 0.02191162109375 0.1374053955078125
0 0.470458984375 0.233612060546875 0.01495361328125 0.124664306640625
0 0.3464997395193576 0.23969978873133624 0.0248257980658894 0.13057582870835277
0 0.810546875 0.18280029296875 0.021484375 0.0750732421875
0 0.7177734375 0.291748046875 0.0207672119140625 0.078582763671875
0 0.0289764404296875 0.0989532470703125 0.0162811279296875 0.102996826171875
0 0.77099609375 0.1064300537109375 0.020294189453125 0.107421875
0 0.83837890625 0.265960693359375 0.0222930908203125 0.0638580322265625