0 0.06695556640625 0.272979736328125 0.0220794677734375 0.1099395751953125
0 0.9453125 0.25115966796875 0.02276611328125 0.0954437255859375
0 0.87158203125 0.1082611083984375 0.0184783935546875 0.0914764404296875
0 0.91015625 0.204925537109375 0.021820068359375 0.107421875
0 0.10968017578125 0.1715087890625 0.0206451416015625 0.1010894775390625
0 0.84521484375 0.26214599609375 0.02191162109375 0.0981903076171875
0 0.66162109375 0.23406982421875 0.023284912109375 0.1136016845703125
0 0.51025390625 0.196685791015625 0.021484375 0.1024627685546875
0 0.62841796875 0.0820159912109375 0.021087646484375 0.1082611083984375
0 0.140625 0.2276611328125 0.0224609375 0.123291015625
0 0.44140625 0.06511688232421875 0.020599365234375 0.0921630859375
0 0.36865234375 0.07251739501953125 0.0191650390625 0.098419189453125
0 0.83935546875 0.106201171875 0.020172119140625 0.0997161865234375
0 0.6630859375 0.0954437255859375 0.0193023681640625 0.0946807861328125
0 0.1405029296875 0.097503662109375 0.017852783203125 0.0911712646484375
0 0.5693359375 0.0954437255859375 0.018585205078125 0.087890625
0 0.3330078125 0.118865966796875 0.018341064453125 0.09063720703125
0 0.708984375 0.175018310546875 0.018402099609375 0.0855255126953125
0 0.469970703125 0.1004791259765625 0.0181884765625 0.090484619140625
0 0.3203125 0.270538330078125 0.0259552001953125 0.1285552978515625
0 0.7373046875 0.24017333984375 0.0230255126953125 0.1221466064453125
0 0.4384765625 0.257720947265625 0.0212860107421875 0.093994140625
0 0.9697265625 0.135345458984375 0.01898193359375 0.085906982421875
0 0.265380859375 0.06435394287109375 0.0182342529296875 0.0914764404296875
0 0.5400390625 0.06168365478515625 0.0193023681640625 0.0943756103515625
0 0.74267578125 0.10955810546875 0.0169219970703125 0.0829315185546875
0 0.0265045166015625 0.2734375 0.0216522216796875 0.102996826171875
0 0.271240234375 0.25115966796875 0.0238189697265625 0.1221466064453125
0 0.23193359375 0.1358795166015625 0.017852783203125 0.0829315185546875
0 0.0305023193359375 0.096893310546875 0.0219879150390625 0.1099395751953125
0 0.033966064453125 0.7421875 0.03802490234375 0.18035888671875