0 0.6435546875 0.235748291015625 0.02606201171875 0.11688232421875
0 0.420166015625 0.24749755859375 0.02685546875 0.1136016845703125
0 0.53564453125 0.07476806640625 0.0202484130859375 0.1016998291015625
0 0.8681640625 0.07030487060546875 0.020843505859375 0.094146728515625
0 0.60888671875 0.178680419921875 0.0185089111328125 0.100860595703125
0 0.94189453125 0.30548095703125 0.020416259765625 0.1116180419921875
0 0.2315673828125 0.117340087890625 0.0177764892578125 0.1044464111328125
0 0.461181640625 0.23712158203125 0.027069091796875 0.1305389404296875
0 0.138916015625 0.27252197265625 0.018341064453125 0.086212158203125
0 0.11083984375 0.18798828125 0.0177764892578125 0.1064300537109375
0 0.51513671875 0.2679443359375 0.0191650390625 0.106201171875
0 0.9267578125 0.1087188720703125 0.024658203125 0.1186370849609375
0 0.3115234375 0.21240234375 0.022796630859375 0.1050567626953125
0 0.75830078125 0.0952911376953125 0.0173797607421875 0.0846099853515625
0 0.63818359375 0.0921630859375 0.017913818359375 0.090484619140625
0 0.275634765625 0.232391357421875 0.0211181640625 0.1032257080078125
0 0.34912109375 0.25726318359375 0.0259552001953125 0.123291015625
0 0.5703125 0.0913238525390625 0.0197601318359375 0.0934600830078125
0 0.06903076171875 0.1153564453125 0.0190582275390625 0.0911712646484375
0 0.428955078125 0.121917724609375 0.01467132568359375 0.1175689697265625
0 0.035614013671875 0.06534576416015625 0.01953125 0.08392333984375
0 0.97265625 0.198974609375 0.0226287841796875 0.1050567626953125
0 0.336669921875 0.1026153564453125 0.0173797607421875 0.0829315185546875
0 0.257568359375 0.05664825439453125 0.01751708984375 0.084228515625
0 0.74560546875 0.279693603515625 0.021240234375 0.1038360595703125
0 0.0504150390625 0.2520751953125 0.0255584716796875 0.114898681640625
0 0.140869140625 0.07770538330078125 0.0161590576171875 0.0705718994140625
0 0.85107421875 0.281219482421875 0.0212860107421875 0.1114654541015625
0 0.83349609375 0.0638580322265625 0.020721435546875 0.09765625
0 0.732421875 0.1226043701171875 0.01971435546875 0.09918212890625
0 0.033660888671875 0.7489013671875 0.0180511474609375 0.185546875