0 0.77099609375 0.0963592529296875 0.0211639404296875 0.1044464111328125
0 0.66259765625 0.05710601806640625 0.022979736328125 0.11016845703125
0 0.1715087890625 0.114898681640625 0.018157958984375 0.087890625
0 0.45654296875 0.049285888671875 0.0219879150390625 0.0807952880859375
0 0.309814453125 0.188446044921875 0.020843505859375 0.0954437255859375
0 0.91064453125 0.21514892578125 0.0229339599609375 0.1190948486328125
0 0.339111328125 0.06870269775390625 0.0210113525390625 0.0888824462890625
0 0.42529296875 0.1142120361328125 0.0250396728515625 0.1195526123046875
0 0.0640869140625 0.0609588623046875 0.0252227783203125 0.1018524169921875
0 0.8447265625 0.265045166015625 0.0226287841796875 0.0888824462890625
0 0.6279296875 0.060272216796875 0.0200958251953125 0.0909423828125
0 0.712890625 0.236663818359375 0.023956298828125 0.1052093505859375
0 0.2335205078125 0.12664794921875 0.019195556640625 0.09063720703125
0 0.73681640625 0.108489990234375 0.0193023681640625 0.079498291015625
0 0.564453125 0.224609375 0.0222015380859375 0.118865966796875
0 0.140869140625 0.07595062255859375 0.0162200927734375 0.107269287109375
0 0.94921875 0.242462158203125 0.021484375 0.11444091796875
0 0.247314453125 0.284271240234375 0.0202484130859375 0.097503662109375
0 0.4384765625 0.307159423828125 0.0279083251953125 0.13458251953125
0 0.86865234375 0.08331298828125 0.0224151611328125 0.1003265380859375
0 0.062225341796875 0.232391357421875 0.02337646484375 0.111846923828125
0 0.80859375 0.1824951171875 0.0186920166015625 0.1052093505859375
0 0.25830078125 0.095062255859375 0.01678466796875 0.078887939453125
0 0.1396484375 0.261688232421875 0.0190887451171875 0.0885772705078125
0 0.0221099853515625 0.303192138671875 0.023956298828125 0.11688232421875
0 0.344970703125 0.279083251953125 0.0206451416015625 0.1003265380859375
0 0.52587890625 0.26123046875 0.02801513671875 0.1340484619140625
0 0.033203125 0.7452392578125 0.03265380859375 0.1611328125
0 0.560546875 0.090789794921875 0.0238189697265625 0.084228515625
0 0.65869140625 0.272979736328125 0.0252685546875 0.113983154296875
0 0.96923828125 0.1186370849609375 0.0190887451171875 0.0846099853515625