0 0.77099609375 0.1186370849609375 0.0196075439453125 0.093994140625
0 0.57080078125 0.1004791259765625 0.0210113525390625 0.1024627685546875
0 0.1488037109375 0.28961181640625 0.02191162109375 0.09857177734375
0 0.371826171875 0.109100341796875 0.0185394287109375 0.0885772705078125
0 0.34228515625 0.269012451171875 0.0228424072265625 0.07801055908203125
0 0.9677734375 0.07450103759765625 0.01837158203125 0.091705322265625
0 0.65283203125 0.2740478515625 0.023468017578125 0.11077880859375
0 0.8251953125 0.100860595703125 0.0211181640625 0.09918212890625
0 0.037689208984375 0.24932861328125 0.0202484130859375 0.0995635986328125
0 0.5390625 0.0965118408203125 0.018402099609375 0.0868988037109375
0 0.2325439453125 0.1226043701171875 0.0190887451171875 0.090789794921875
0 0.339599609375 0.070037841796875 0.0185394287109375 0.0955963134765625
0 0.6298828125 0.0579833984375 0.019989013671875 0.0921630859375
0 0.7392578125 0.23193359375 0.02056884765625 0.1103973388671875
0 0.43896484375 0.247955322265625 0.0216522216796875 0.1010894775390625
0 0.44091796875 0.0817108154296875 0.0169219970703125 0.0829315185546875
0 0.923828125 0.303802490234375 0.020721435546875 0.0988006591796875
0 0.1376953125 0.078887939453125 0.020294189453125 0.10223388671875
0 0.06951904296875 0.1024627685546875 0.0203704833984375 0.09918212890625
0 0.71142578125 0.198211669921875 0.017303466796875 0.086517333984375
0 0.93310546875 0.0963592529296875 0.0207672119140625 0.107421875
0 0.22607421875 0.282745361328125 0.0240020751953125 0.1190948486328125
0 0.0352783203125 0.7421875 0.034942626953125 0.167999267578125
0 0.170654296875 0.0911712646484375 0.02069091796875 0.0826263427734375
0 0.4697265625 0.1410675048828125 0.0197906494140625 0.0695037841796875
0 0.85498046875 0.058269500732421875 0.019195556640625 0.11653900146484375
0 0.609375 0.223846435546875 0.020843505859375 0.137176513671875
0 0.267333984375 0.0689697265625 0.017913818359375 0.091705322265625
0 0.87060546875 0.24566650390625 0.02386474609375 0.1157379150390625
0 0.50927734375 0.186004638671875 0.0186920166015625 0.0945281982421875
0 0.008998870849609375 0.14190673828125 0.01799774169921875 0.084228515625