0 0.642578125 0.27099609375 0.021331787109375 0.1064300537109375
0 0.2286376953125 0.309906005859375 0.021240234375 0.1064300537109375
0 0.06982421875 0.279083251953125 0.01953125 0.0934600830078125
0 0.03240966796875 0.291748046875 0.02056884765625 0.1125335693359375
0 0.1715087890625 0.250701904296875 0.024139404296875 0.116424560546875
0 0.54736328125 0.272979736328125 0.0236053466796875 0.1123046875
0 0.36376953125 0.0658416748046875 0.0196380615234375 0.101470947265625
0 0.51025390625 0.201263427734375 0.0213623046875 0.113983154296875
0 0.74169921875 0.23406982421875 0.0257110595703125 0.1273345947265625
0 0.368896484375 0.269927978515625 0.0220794677734375 0.0989532470703125
0 0.43017578125 0.102081298828125 0.0224151611328125 0.1114654541015625
0 0.332763671875 0.284271240234375 0.021484375 0.1087188720703125
0 0.26806640625 0.239410400390625 0.0210418701171875 0.109100341796875
0 0.4619140625 0.09063720703125 0.018096923828125 0.092926025390625
0 0.7109375 0.213165283203125 0.0194549560546875 0.0962066650390625
0 0.431396484375 0.271453857421875 0.0228424072265625 0.1161956787109375
0 0.9384765625 0.08758544921875 0.019561767578125 0.092010498046875
0 0.157470703125 0.0522613525390625 0.018829345703125 0.1018524169921875
0 0.7392578125 0.061187744140625 0.0180206298828125 0.0829315185546875
0 0.8759765625 0.2069091796875 0.0227203369140625 0.1082611083984375
0 0.830078125 0.1116180419921875 0.0188751220703125 0.0909423828125
0 0.03253173828125 0.10955810546875 0.0194549560546875 0.0995635986328125
0 0.53369140625 0.0522613525390625 0.019195556640625 0.0911712646484375
0 0.67529296875 0.20965576171875 0.0225830078125 0.1136016845703125
0 0.96923828125 0.136871337890625 0.0194244384765625 0.102081298828125
0 0.1280517578125 0.09674072265625 0.0196075439453125 0.097808837890625
0 0.63134765625 0.145721435546875 0.0184326171875 0.08392333984375
0 0.2646484375 0.0646209716796875 0.0196380615234375 0.10284423828125
0 0.033477783203125 0.7464599609375 0.03460693359375 0.15899658203125
0 0.91015625 0.220489501953125 0.019561767578125 0.092926025390625
0 0.857421875 0.089569091796875 0.01560211181640625 0.0811004638671875