0 0.72216796875 0.299835205078125 0.022247314453125 0.10955810546875
0 0.2156982421875 0.24932861328125 0.0246124267578125 0.113983154296875
0 0.062225341796875 0.05146026611328125 0.021209716796875 0.09674072265625
0 0.2342529296875 0.109710693359375 0.018768310546875 0.08819580078125
0 0.371826171875 0.238037109375 0.023101806640625 0.1175689697265625
0 0.466064453125 0.238494873046875 0.0258026123046875 0.1171112060546875
0 0.26953125 0.0814056396484375 0.0187225341796875 0.0954437255859375
0 0.7314453125 0.0888824462890625 0.021453857421875 0.1064300537109375
0 0.021484375 0.2630615234375 0.0271759033203125 0.133514404296875
0 0.845703125 0.254058837890625 0.022796630859375 0.12115478515625
0 0.1263427734375 0.059356689453125 0.022369384765625 0.0995635986328125
0 0.464599609375 0.0936126708984375 0.01971435546875 0.0923919677734375
0 0.030914306640625 0.1136016845703125 0.021331787109375 0.0971221923828125
0 0.159912109375 0.2734375 0.0255584716796875 0.130767822265625
0 0.76708984375 0.06412506103515625 0.0197906494140625 0.091705322265625
0 0.9208984375 0.29449462890625 0.020843505859375 0.1044464111328125
0 0.837890625 0.07030487060546875 0.0200958251953125 0.091705322265625
0 0.357177734375 0.05428314208984375 0.0212860107421875 0.109100341796875
0 0.62646484375 0.0849151611328125 0.02288818359375 0.11383056640625
0 0.55615234375 0.0461578369140625 0.0202178955078125 0.0936126708984375
0 0.8125 0.239410400390625 0.0200958251953125 0.099334716796875
0 0.11968994140625 0.254058837890625 0.02886962890625 0.175323486328125
0 0.962890625 0.28594970703125 0.027435302734375 0.1093292236328125
0 0.93359375 0.1263427734375 0.0171051025390625 0.0888824462890625
0 0.65771484375 0.047607421875 0.0212860107421875 0.0988006591796875
0 0.336181640625 0.2655029296875 0.0231475830078125 0.1438140869140625
0 0.424560546875 0.26947021484375 0.022674560546875 0.1157379150390625
0 0.035675048828125 0.738525390625 0.039794921875 0.203399658203125
0 0.57373046875 0.191192626953125 0.0255584716796875 0.120697021484375
0 0.54541015625 0.302581787109375 0.0212860107421875 0.135040283203125
0 0.634765625 0.305938720703125 0.02337646484375 0.1496124267578125