0 0.51953125 0.274505615234375 0.027587890625 0.124664306640625
0 0.64599609375 0.28961181640625 0.02386474609375 0.11077880859375
0 0.46630859375 0.26702880859375 0.0237274169921875 0.104827880859375
0 0.3681640625 0.209197998046875 0.02386474609375 0.1151275634765625
0 0.428466796875 0.0888824462890625 0.0190887451171875 0.1142120361328125
0 0.11083984375 0.221710205078125 0.0225372314453125 0.10284423828125
0 0.06903076171875 0.1175689697265625 0.0164031982421875 0.090789794921875
0 0.74609375 0.3021240234375 0.0185394287109375 0.0855255126953125
0 0.259521484375 0.06412506103515625 0.01450347900390625 0.0771331787109375
0 0.2314453125 0.1513671875 0.01512908935546875 0.07335662841796875
0 0.332275390625 0.274505615234375 0.0258636474609375 0.124664306640625
0 0.6767578125 0.2447509765625 0.017303466796875 0.0888824462890625
0 0.7578125 0.055999755859375 0.0177154541015625 0.0783538818359375
0 0.1466064453125 0.296630859375 0.017913818359375 0.08758544921875
0 0.95166015625 0.25360107421875 0.021820068359375 0.1103973388671875
0 0.279296875 0.21240234375 0.02215576171875 0.1012420654296875
0 0.427490234375 0.270538330078125 0.025421142578125 0.118255615234375
0 0.56103515625 0.049285888671875 0.0240478515625 0.1007080078125
0 0.03802490234375 0.261688232421875 0.02044677734375 0.0888824462890625
0 0.732421875 0.1175689697265625 0.0211639404296875 0.0958251953125
0 0.327392578125 0.132293701171875 0.0213623046875 0.08331298828125
0 0.03662109375 0.75439453125 0.0401611328125 0.203399658203125
0 0.138916015625 0.080108642578125 0.0182647705078125 0.0628662109375
0 0.52880859375 0.1120758056640625 0.015960693359375 0.1044464111328125
0 0.82958984375 0.1120758056640625 0.016845703125 0.079498291015625
0 0.63330078125 0.1235198974609375 0.017303466796875 0.0852203369140625
0 0.82080078125 0.261688232421875 0.0227203369140625 0.109710693359375
0 0.96875 0.12115478515625 0.0188751220703125 0.0849151611328125
0 0.86328125 0.243377685546875 0.0242767333984375 0.1251983642578125
0 0.9130859375 0.232696533203125 0.021240234375 0.1088714599609375
0 0.01061248779296875 0.17303466796875 0.0216522216796875 0.073089599609375