0 0.14892578125 0.2838134765625 0.0199432373046875 0.109710693359375
0 0.258056640625 0.04779815673828125 0.01898193359375 0.0943756103515625
0 0.51953125 0.276031494140625 0.024993896484375 0.111846923828125
0 0.2310791015625 0.1427459716796875 0.0189056396484375 0.0888824462890625
0 0.861328125 0.052623748779296875 0.0222015380859375 0.10524749755859375
0 0.9755859375 0.225982666015625 0.0210418701171875 0.1010894775390625
0 0.8683990327472346 0.2654272650891829 0.023465086654935713 0.10543949111586606
0 0.95556640625 0.04817962646484375 0.01837158203125 0.090484619140625
0 0.64697265625 0.27557373046875 0.0258636474609375 0.1123046875
0 0.432373046875 0.1024627685546875 0.0205230712890625 0.107421875
0 0.31005859375 0.1551055908203125 0.0185394287109375 0.1068115234375
0 0.00891876220703125 0.174713134765625 0.0178375244140625 0.1055908203125
0 0.73193359375 0.05390167236328125 0.020416259765625 0.092926025390625
0 0.1676025390625 0.070037841796875 0.0192413330078125 0.093841552734375
0 0.46484375 0.102081298828125 0.01898193359375 0.0868988037109375
0 0.56298828125 0.06168365478515625 0.02386474609375 0.0955963134765625
0 0.368408203125 0.08758544921875 0.0187225341796875 0.086517333984375
0 0.7666015625 0.1186370849609375 0.0203704833984375 0.098419189453125
0 0.669921875 0.1363372802734375 0.0190582275390625 0.0885772705078125
0 0.82763671875 0.27099609375 0.0228424072265625 0.1239776611328125
0 0.0416259765625 0.23712158203125 0.0255126953125 0.116424560546875
0 0.5283203125 0.0768280029296875 0.021087646484375 0.11688232421875
0 0.465087890625 0.24932861328125 0.021209716796875 0.1004791259765625
0 0.74755859375 0.2349853515625 0.025177001953125 0.1277923583984375
0 0.133056640625 0.06664276123046875 0.0228424072265625 0.0952911376953125
0 0.0369873046875 0.0955963134765625 0.0210418701171875 0.0885772705078125
0 0.33984375 0.263519287109375 0.0264129638671875 0.119781494140625
0 0.274658203125 0.207672119140625 0.0229339599609375 0.1146697998046875
0 0.63671875 0.0774383544921875 0.0182952880859375 0.10009765625
0 0.0345458984375 0.748291015625 0.034820556640625 0.1715087890625
0 0.9285659412430867 0.12319154399647578 0.02320849229466343 0.11344846733269202