0 0.634765625 0.1064300537109375 0.018646240234375 0.086517333984375
0 0.333984375 0.0768280029296875 0.01763916015625 0.09674072265625
0 0.83349609375 0.1045989990234375 0.018402099609375 0.0901031494140625
0 0.73974609375 0.072784423828125 0.0171051025390625 0.0981903076171875
0 0.443603515625 0.277099609375 0.023773193359375 0.1045989990234375
0 0.41015625 0.1849365234375 0.02203369140625 0.109710693359375
0 0.27099609375 0.1007080078125 0.022979736328125 0.104217529296875
0 0.2371826171875 0.0646209716796875 0.018096923828125 0.092010498046875
0 0.85302734375 0.2447509765625 0.023651123046875 0.119781494140625
0 0.315185546875 0.24749755859375 0.0253753662109375 0.1256561279296875
0 0.471435546875 0.0958251953125 0.019195556640625 0.094146728515625
0 0.65283203125 0.254058837890625 0.019866943359375 0.107421875
0 0.2445068359375 0.279693603515625 0.022979736328125 0.107269287109375
0 0.8125 0.23193359375 0.0251312255859375 0.115966796875
0 0.06512451171875 0.105438232421875 0.015838623046875 0.09185791015625
0 0.1087646484375 0.1580810546875 0.0192718505859375 0.103607177734375
0 0.91015625 0.20660400390625 0.0219879150390625 0.1016998291015625
0 0.9462890625 0.247039794921875 0.0240936279296875 0.1202392578125
0 0.368408203125 0.114898681640625 0.0190887451171875 0.087890625
0 0.139892578125 0.261688232421875 0.021453857421875 0.0997161865234375
0 0.1397705078125 0.06168365478515625 0.0190887451171875 0.0925445556640625
0 0.50927734375 0.16265869140625 0.021697998046875 0.1161956787109375
0 0.5390625 0.222625732421875 0.0215301513671875 0.1099395751953125
0 0.7392578125 0.238037109375 0.0233306884765625 0.11077880859375
0 0.7109375 0.20660400390625 0.019989013671875 0.107421875
0 0.54150390625 0.095977783203125 0.018829345703125 0.08758544921875
0 0.03289794921875 0.1058197021484375 0.0181884765625 0.0952911376953125
0 0.6689453125 0.0868988037109375 0.021331787109375 0.1136016845703125
0 0.9697265625 0.1275634765625 0.0191192626953125 0.09765625
0 0.0282135009765625 0.296630859375 0.024658203125 0.1099395751953125
0 0.03302001953125 0.7550048828125 0.040618896484375 0.1560211181640625