0 0.6259765625 0.0885772705078125 0.0197601318359375 0.1004791259765625
0 0.83349609375 0.1076507568359375 0.018585205078125 0.093994140625
0 0.038818359375 0.095977783203125 0.0188751220703125 0.0885772705078125
0 0.54541015625 0.2484130859375 0.025665283203125 0.115509033203125
0 0.6650390625 0.2276611328125 0.0284423828125 0.1416778564453125
0 0.040008544921875 0.22796630859375 0.024383544921875 0.1153564453125
0 0.2325439453125 0.1016998291015625 0.0189361572265625 0.0962066650390625
0 0.326416015625 0.2801513671875 0.0247039794921875 0.1200103759765625
0 0.95703125 0.061187744140625 0.015960693359375 0.114898681640625
0 0.7392578125 0.22216796875 0.02484130859375 0.1103973388671875
0 0.125244140625 0.1055908203125 0.029144287109375 0.1422119140625
0 0.26708984375 0.0771331787109375 0.0213623046875 0.104827880859375
0 0.77001953125 0.135040283203125 0.019195556640625 0.0923919677734375
0 0.9755859375 0.226287841796875 0.021697998046875 0.109710693359375
0 0.465087890625 0.2410888671875 0.0211639404296875 0.1230621337890625
0 0.424560546875 0.306549072265625 0.024139404296875 0.1153564453125
0 0.51025390625 0.20233154296875 0.0216522216796875 0.1125335693359375
0 0.4306640625 0.08392333984375 0.021575927734375 0.111236572265625
0 0.62890625 0.30487060546875 0.018768310546875 0.1358795166015625
0 0.708984375 0.1605224609375 0.018646240234375 0.098419189453125
0 0.85498046875 0.248870849609375 0.02276611328125 0.1070404052734375
0 0.06878662109375 0.084228515625 0.018157958984375 0.08819580078125
0 0.365234375 0.062408447265625 0.0185394287109375 0.0965118408203125
0 0.0323486328125 0.73486328125 0.03790283203125 0.192718505859375
0 0.15625 0.0872039794921875 0.01384735107421875 0.1126861572265625
0 0.16650390625 0.211181640625 0.02337646484375 0.1153564453125
0 0.943359375 0.264129638671875 0.0252685546875 0.11444091796875
0 0.53759765625 0.10345458984375 0.0190887451171875 0.0963592529296875
0 0.36669921875 0.2764892578125 0.0225372314453125 0.1050567626953125
0 0.266357421875 0.2801513671875 0.020965576171875 0.0963592529296875
0 0.86865234375 0.078582763671875 0.0217437744140625 0.1018524169921875