0 0.96044921875 0.06336212158203125 0.0190582275390625 0.097808837890625
0 0.7099609375 0.1763916015625 0.0203399658203125 0.113372802734375
0 0.5400390625 0.0771331787109375 0.0167236328125 0.0872039794921875
0 0.87060546875 0.1026153564453125 0.0204925537109375 0.09307861328125
0 0.7421875 0.265960693359375 0.02191162109375 0.1004791259765625
0 0.4697265625 0.09918212890625 0.01837158203125 0.0885772705078125
0 0.05706787109375 0.0962066650390625 0.015716552734375 0.080108642578125
0 0.66259765625 0.053253173828125 0.01861572265625 0.106048583984375
0 0.8486328125 0.254974365234375 0.021331787109375 0.11077880859375
0 0.81201171875 0.23895263671875 0.019195556640625 0.094146728515625
0 0.1318359375 0.1200103759765625 0.019195556640625 0.105438232421875
0 0.51123046875 0.223846435546875 0.0194549560546875 0.103607177734375
0 0.97265625 0.255889892578125 0.021453857421875 0.1081085205078125
0 0.63037109375 0.1216888427734375 0.0213623046875 0.100860595703125
0 0.0782470703125 0.20843505859375 0.02056884765625 0.115509033203125
0 0.03216552734375 0.1171112060546875 0.0179901123046875 0.095062255859375
0 0.332275390625 0.1142120361328125 0.0179901123046875 0.095062255859375
0 0.339599609375 0.3179931640625 0.0209197998046875 0.09185791015625
0 0.66357421875 0.24383544921875 0.0265045166015625 0.12664794921875
0 0.54052734375 0.25360107421875 0.019989013671875 0.098419189453125
0 0.2109375 0.21759033203125 0.0211639404296875 0.099334716796875
0 0.9365234375 0.2740478515625 0.0234222412109375 0.099334716796875
0 0.76953125 0.089569091796875 0.0193023681640625 0.0962066650390625
0 0.26953125 0.0946807861328125 0.0216217041015625 0.1026153564453125
0 0.43896484375 0.0923919677734375 0.018157958984375 0.1044464111328125
0 0.163818359375 0.250244140625 0.0252227783203125 0.1202392578125
0 0.412353515625 0.262603759765625 0.0189056396484375 0.0868988037109375
0 0.165283203125 0.0577545166015625 0.018402099609375 0.09063720703125
0 0.376953125 0.23193359375 0.021453857421875 0.1126861572265625
0 0.2427978515625 0.22979736328125 0.0217437744140625 0.1055908203125
0 0.0321044921875 0.7586669921875 0.03131103515625 0.1554107666015625