0 0.87890625 0.209197998046875 0.021453857421875 0.095977783203125
0 0.0330810546875 0.1290130615234375 0.0196380615234375 0.0997161865234375
0 0.469970703125 0.07564544677734375 0.0189056396484375 0.0902557373046875
0 0.8603515625 0.06412506103515625 0.01554107666015625 0.0836181640625
0 0.94775390625 0.231475830078125 0.02203369140625 0.100860595703125
0 0.06829833984375 0.257720947265625 0.023468017578125 0.09490966796875
0 0.12286376953125 0.300445556640625 0.0301513671875 0.138702392578125
0 0.20849609375 0.170135498046875 0.0173797607421875 0.10223388671875
0 0.51220703125 0.251617431640625 0.022796630859375 0.104827880859375
0 0.268310546875 0.118255615234375 0.01751708984375 0.0820159912109375
0 0.06866455078125 0.078887939453125 0.017242431640625 0.1024627685546875
0 0.54736328125 0.237579345703125 0.023956298828125 0.1190948486328125
0 0.31298828125 0.231475830078125 0.0238189697265625 0.1177978515625
0 0.3330078125 0.105438232421875 0.01837158203125 0.092010498046875
0 0.034027099609375 0.750732421875 0.033782958984375 0.17303466796875
0 0.5322265625 0.0638580322265625 0.0222015380859375 0.1052093505859375
0 0.45703125 0.264129638671875 0.0251312255859375 0.1244354248046875
0 0.353515625 0.24932861328125 0.02508544921875 0.130767822265625
0 0.67041015625 0.1038360595703125 0.02044677734375 0.10009765625
0 0.417236328125 0.277557373046875 0.021820068359375 0.1050567626953125
0 0.24072265625 0.2276611328125 0.0265045166015625 0.119781494140625
0 0.84521484375 0.31280517578125 0.02001953125 0.1003265380859375
0 0.76904296875 0.1226043701171875 0.0192718505859375 0.0965118408203125
0 0.7119140625 0.21514892578125 0.02337646484375 0.1131439208984375
0 0.6103515625 0.19378662109375 0.0194244384765625 0.094146728515625
0 0.64208984375 0.063629150390625 0.020599365234375 0.0958251953125
0 0.158203125 0.2362060546875 0.027069091796875 0.1325225830078125
0 0.91015625 0.210418701171875 0.023468017578125 0.1268768310546875
0 0.15771484375 0.052032470703125 0.019683837890625 0.106201171875
0 0.7490234375 0.244293212890625 0.0228424072265625 0.11077880859375
0 0.93505859375 0.09765625 0.018096923828125 0.0888824462890625