0 0.9365234375 0.05710601806640625 0.0191192626953125 0.08819580078125
0 0.3310546875 0.0981903076171875 0.017913818359375 0.0980377197265625
0 0.76123046875 0.0502777099609375 0.01971435546875 0.0963592529296875
0 0.853515625 0.279693603515625 0.023101806640625 0.138702392578125
0 0.25732421875 0.282745361328125 0.023101806640625 0.1142120361328125
0 0.265380859375 0.061187744140625 0.018798828125 0.096893310546875
0 0.2313232421875 0.0739288330078125 0.019989013671875 0.11077880859375
0 0.1298828125 0.102081298828125 0.019866943359375 0.1012420654296875
0 0.90966796875 0.19775390625 0.0218658447265625 0.1126861572265625
0 0.362548828125 0.062408447265625 0.0189056396484375 0.097503662109375
0 0.8125 0.23193359375 0.026763916015625 0.135345458984375
0 0.428466796875 0.1076507568359375 0.017578125 0.1050567626953125
0 0.048492431640625 0.296630859375 0.0216522216796875 0.1052093505859375
0 0.333740234375 0.3173828125 0.020965576171875 0.10345458984375
0 0.650390625 0.292816162109375 0.020416259765625 0.091705322265625
0 0.45751953125 0.086517333984375 0.0169219970703125 0.089263916015625
0 0.9453125 0.272979736328125 0.0213623046875 0.108489990234375
0 0.61181640625 0.2288818359375 0.021942138671875 0.1161956787109375
0 0.50927734375 0.18951416015625 0.0190887451171875 0.086517333984375
0 0.759765625 0.232391357421875 0.02630615234375 0.1531219482421875
0 0.134521484375 0.310516357421875 0.021697998046875 0.1050567626953125
0 0.03302001953125 0.1580810546875 0.0162200927734375 0.0899505615234375
0 0.6689453125 0.0855255126953125 0.021240234375 0.102081298828125
0 0.17138671875 0.234527587890625 0.02484130859375 0.114898681640625
0 0.7294921875 0.1180267333984375 0.016845703125 0.107421875
0 0.53857421875 0.248870849609375 0.019683837890625 0.0750732421875
0 0.08062744140625 0.21636962890625 0.018829345703125 0.08392333984375
0 0.8271484375 0.0722503662109375 0.020721435546875 0.0954437255859375
0 0.54150390625 0.106658935546875 0.0177764892578125 0.093841552734375
0 0.033966064453125 0.7586669921875 0.04083251953125 0.18218994140625
0 0.443115234375 0.267486572265625 0.017181396484375 0.1068115234375