0 0.73876953125 0.07770538330078125 0.0201416015625 0.107421875
0 0.7109375 0.227203369140625 0.0180511474609375 0.086212158203125
0 0.869140625 0.084228515625 0.0216217041015625 0.1044464111328125
0 0.03271484375 0.13763427734375 0.01751708984375 0.0708770751953125
0 0.447509765625 0.301513671875 0.0204925537109375 0.0943756103515625
0 0.56005859375 0.286407470703125 0.023468017578125 0.1142120361328125
0 0.56640625 0.0684356689453125 0.021209716796875 0.10009765625
0 0.1700439453125 0.20843505859375 0.0260009765625 0.1309967041015625
0 0.62939453125 0.07450103759765625 0.017852783203125 0.1273345947265625
0 0.0352783203125 0.762939453125 0.044097900390625 0.18798828125
0 0.47802734375 0.198974609375 0.0210418701171875 0.1103973388671875
0 0.3095703125 0.22979736328125 0.0234222412109375 0.1050567626953125
0 0.0743408203125 0.244293212890625 0.019012451171875 0.1010894775390625
0 0.96728515625 0.078887939453125 0.0197601318359375 0.1093292236328125
0 0.619140625 0.290679931640625 0.0245208740234375 0.1355743408203125
0 0.13427734375 0.277557373046875 0.0325927734375 0.1290130615234375
0 0.273193359375 0.191650390625 0.0283355712890625 0.148773193359375
0 0.91015625 0.234527587890625 0.0216217041015625 0.1166534423828125
0 0.83447265625 0.0783538818359375 0.020416259765625 0.09490966796875
0 0.85498046875 0.292816162109375 0.0211181640625 0.107879638671875
0 0.7431640625 0.265045166015625 0.0226287841796875 0.1239776611328125
0 0.43212890625 0.12420654296875 0.01666259765625 0.0946807861328125
0 0.25341796875 0.0510406494140625 0.020843505859375 0.0988006591796875
0 0.343017578125 0.236663818359375 0.0257568359375 0.127105712890625
0 0.662109375 0.0551605224609375 0.01934814453125 0.1068115234375
0 0.51806640625 0.2484130859375 0.02203369140625 0.11444091796875
0 0.03704833984375 0.301055908203125 0.0237274169921875 0.113372802734375
0 0.243408203125 0.302581787109375 0.0269622802734375 0.1126861572265625
0 0.9326171875 0.0489044189453125 0.0194549560546875 0.09063720703125
0 0.1280517578125 0.143280029296875 0.018341064453125 0.1010894775390625
0 0.367919921875 0.07595062255859375 0.0211639404296875 0.097808837890625