0 0.428465 0.27497499999999997 0.026199999999999998 0.129775
0 0.041685 0.266575 0.019530000000000002 0.1207
0 0.133545 0.1001 0.021575 0.0953
0 0.468505 0.26170000000000004 0.02461 0.126875
0 0.942385 0.24109999999999998 0.023725000000000003 0.120475
0 0.629885 0.30774999999999997 0.020845 0.127725
0 0.07501000000000001 0.2327 0.01758 0.111
0 0.16919 0.257275 0.022295000000000002 0.10605
0 0.53418 0.10679999999999999 0.02025 0.090475
0 0.970705 0.09185 0.020370000000000003 0.088575
0 0.5688500000000001 0.08109999999999999 0.020645 0.104225
0 0.164305 0.097125 0.01834 0.088875
0 0.26953 0.210125 0.028015 0.139225
0 0.32055500000000003 0.27344999999999997 0.02591 0.1104
0 0.515135 0.240625 0.022414999999999997 0.104825
0 0.7094750000000001 0.1744 0.01961 0.103825
0 0.9106449999999999 0.222625 0.022295000000000002 0.09545
0 0.36621 0.10742499999999999 0.019010000000000003 0.09765
0 0.6289049999999999 0.09675 0.02307 0.11735
0 0.73926 0.21850000000000003 0.0206 0.10545
0 0.8686499999999999 0.10460000000000001 0.0206 0.09805
0 0.02844 0.127575 0.02208 0.10300000000000001
0 0.83594 0.201875 0.020845 0.10125
0 0.661135 0.049475 0.01927 0.09675
0 0.810545 0.187375 0.020495 0.0969
0 0.73926 0.09675 0.01799 0.0917
0 0.22461 0.1091 0.017715 0.13
0 0.25415 0.088575 0.018585 0.10955
0 0.426515 0.09765 0.022505 0.11512499999999999
0 0.36059500000000005 0.257725 0.02101 0.107275
0 0.03314 0.7489 0.034425 0.16144999999999998