0 0.227783203125 0.310516357421875 0.0237274169921875 0.1221466064453125
0 0.54541015625 0.294952392578125 0.0245208740234375 0.106048583984375
0 0.009235382080078125 0.15838623046875 0.01847076416015625 0.1116180419921875
0 0.1285400390625 0.29876708984375 0.02801513671875 0.1392364501953125
0 0.0343017578125 0.732421875 0.0323486328125 0.18280029296875
0 0.41064453125 0.211639404296875 0.02191162109375 0.100860595703125
0 0.33544921875 0.31402587890625 0.021697998046875 0.1082611083984375
0 0.65283203125 0.281219482421875 0.021453857421875 0.111846923828125
0 0.5546875 0.059814453125 0.0174407958984375 0.084228515625
0 0.0390625 0.25726318359375 0.023101806640625 0.10009765625
0 0.9716796875 0.247039794921875 0.0236053466796875 0.1209259033203125
0 0.26708984375 0.242462158203125 0.0253753662109375 0.1263427734375
0 0.66748046875 0.0750732421875 0.0216217041015625 0.1052093505859375
0 0.931640625 0.2679443359375 0.02685546875 0.11688232421875
0 0.736328125 0.06435394287109375 0.018768310546875 0.0955963134765625
0 0.163330078125 0.221710205078125 0.0282135009765625 0.115966796875
0 0.1256103515625 0.0943756103515625 0.0250396728515625 0.1110076904296875
0 0.74755859375 0.28167724609375 0.022369384765625 0.1114654541015625
0 0.6328125 0.06168365478515625 0.019500732421875 0.0958251953125
0 0.361083984375 0.0579833984375 0.0202484130859375 0.1050567626953125
0 0.52880859375 0.1171112060546875 0.0235137939453125 0.105438232421875
0 0.76953125 0.0888824462890625 0.0210113525390625 0.1064300537109375
0 0.8203125 0.265045166015625 0.0244293212890625 0.1244354248046875
0 0.86572265625 0.10009765625 0.0203399658203125 0.097503662109375
0 0.8310546875 0.0783538818359375 0.019500732421875 0.101470947265625
0 0.95849609375 0.05451202392578125 0.0222930908203125 0.09674072265625
0 0.4697265625 0.085906982421875 0.0211639404296875 0.1039886474609375
0 0.262939453125 0.05474090576171875 0.0194549560546875 0.0965118408203125
0 0.372314453125 0.219268798828125 0.0219879150390625 0.1004791259765625
0 0.44921875 0.284881591796875 0.0213623046875 0.11016845703125
0 0.06768798828125 0.0846099853515625 0.0191192626953125 0.089263916015625