0 0.8740249999999999 0.23620000000000002 0.02298 0.112075
0 0.54199 0.28015 0.022765 0.112525
0 0.9365249999999999 0.065625 0.0208 0.10300000000000001
0 0.41211000000000003 0.255425 0.0195 0.09385
0 0.6708999999999999 0.10619999999999999 0.023695 0.0872
0 0.637695 0.07980000000000001 0.017775 0.08927500000000001
0 0.9697250000000001 0.0817 0.02002 0.088575
0 0.7666000000000001 0.102225 0.020495 0.09185
0 0.6118150000000001 0.24795 0.018295000000000002 0.11077500000000001
0 0.27002 0.08789999999999999 0.019684999999999998 0.097125
0 0.83545 0.2864 0.02136 0.102625
0 0.53125 0.1471 0.018690000000000002 0.087575
0 0.370115 0.1522 0.017515 0.08460000000000001
0 0.11010500000000001 0.1912 0.02017 0.118475
0 0.5600599999999999 0.058449999999999995 0.01692 0.090475
0 0.21155000000000002 0.23620000000000002 0.0206 0.112525
0 0.8618150000000001 0.093225 0.01718 0.08109999999999999
0 0.14123500000000003 0.24337499999999998 0.023149999999999997 0.09269999999999999
0 0.71533 0.24155000000000001 0.022765 0.11955
0 0.24524 0.246125 0.026655 0.1091
0 0.040835 0.09727499999999999 0.01738 0.08262499999999999
0 0.068785 0.0962 0.017855 0.09345
0 0.31006 0.17502500000000001 0.0217 0.103225
0 0.756835 0.2475 0.02542 0.120475
0 0.140505 0.10605 0.017715 0.08927500000000001
0 0.470705 0.09972500000000001 0.018615 0.10147500000000001
0 0.341555 0.075075 0.01758 0.093225
0 0.448975 0.271 0.02504 0.11932499999999999
0 0.91139 0.23850000000000002 0.02057 0.0965
0 0.0329 0.7470749999999999 0.032165 0.16204999999999997
0 0.036285 0.211175 0.024184999999999998 0.11735