0 0.60986328125 0.207366943359375 0.0167236328125 0.0913238525390625
0 0.6708984375 0.1088714599609375 0.0227203369140625 0.113372802734375
0 0.4345703125 0.306549072265625 0.02838134765625 0.137939453125
0 0.7109375 0.242462158203125 0.018157958984375 0.0925445556640625
0 0.1680908203125 0.078887939453125 0.0210418701171875 0.10284423828125
0 0.362060546875 0.223846435546875 0.0237274169921875 0.132293701171875
0 0.235595703125 0.06072998046875 0.0210418701171875 0.0988006591796875
0 0.053192138671875 0.281219482421875 0.021484375 0.12542724609375
0 0.457763671875 0.05664825439453125 0.0137939453125 0.1171112060546875
0 0.74609375 0.266571044921875 0.0252685546875 0.07564544677734375
0 0.771484375 0.113983154296875 0.02423095703125 0.1177978515625
0 0.921875 0.2960205078125 0.028656005859375 0.1410675048828125
0 0.84130859375 0.250701904296875 0.023101806640625 0.1126861572265625
0 0.2093505859375 0.1959228515625 0.019561767578125 0.1052093505859375
0 0.53076171875 0.137176513671875 0.01751708984375 0.09765625
0 0.572265625 0.238037109375 0.02215576171875 0.1177978515625
0 0.06610107421875 0.06412506103515625 0.017913818359375 0.1024627685546875
0 0.5634765625 0.0591278076171875 0.0185394287109375 0.0943756103515625
0 0.927734375 0.079498291015625 0.0165252685546875 0.1366424560546875
0 0.87060546875 0.12115478515625 0.02001953125 0.1016998291015625
0 0.64013671875 0.22552490234375 0.0233306884765625 0.0921630859375
0 0.16259765625 0.25970458984375 0.021575927734375 0.106201171875
0 0.322509765625 0.272064208984375 0.0222930908203125 0.1361083984375
0 0.2474365234375 0.27862548828125 0.02215576171875 0.106658935546875
0 0.9580078125 0.239715576171875 0.0240478515625 0.1186370849609375
0 0.327880859375 0.132293701171875 0.022796630859375 0.1110076904296875
0 0.0118255615234375 0.2301025390625 0.0241851806640625 0.124664306640625
0 0.1328125 0.1239776611328125 0.019378662109375 0.0899505615234375
0 0.8408203125 0.102996826171875 0.019195556640625 0.0846099853515625
0 0.03271484375 0.7470703125 0.023468017578125 0.226287841796875
0 0.42529296875 0.1038360595703125 0.0209197998046875 0.1050567626953125