0 0.85205078125 0.287933349609375 0.0229339599609375 0.1016998291015625
0 0.009235382080078125 0.17303466796875 0.01847076416015625 0.0988006591796875
0 0.1400146484375 0.262603759765625 0.0196075439453125 0.1045989990234375
0 0.509765625 0.177001953125 0.021240234375 0.1114654541015625
0 0.041839599609375 0.271453857421875 0.020416259765625 0.097503662109375
0 0.97314453125 0.18798828125 0.0197601318359375 0.105438232421875
0 0.269287109375 0.265045166015625 0.0215301513671875 0.100860595703125
0 0.341796875 0.231475830078125 0.022796630859375 0.1093292236328125
0 0.45068359375 0.239715576171875 0.0223236083984375 0.108489990234375
0 0.5419921875 0.271453857421875 0.020965576171875 0.104217529296875
0 0.8349609375 0.073089599609375 0.017913818359375 0.09185791015625
0 0.70849609375 0.180816650390625 0.0179901123046875 0.10955810546875
0 0.6572265625 0.04299163818359375 0.0194244384765625 0.0859832763671875
0 0.93017578125 0.1392364501953125 0.017913818359375 0.089569091796875
0 0.74267578125 0.233612060546875 0.0241851806640625 0.125885009765625
0 0.0701904296875 0.1024627685546875 0.0211181640625 0.0958251953125
0 0.2305908203125 0.27862548828125 0.022674560546875 0.107269287109375
0 0.95263671875 0.05558013916015625 0.019378662109375 0.105438232421875
0 0.371337890625 0.1012420654296875 0.0207977294921875 0.1012420654296875
0 0.31103515625 0.219268798828125 0.022247314453125 0.089263916015625
0 0.413818359375 0.26214599609375 0.020843505859375 0.113983154296875
0 0.81298828125 0.239410400390625 0.02337646484375 0.1120758056640625
0 0.2303466796875 0.1016998291015625 0.0205230712890625 0.107269287109375
0 0.467529296875 0.072784423828125 0.021820068359375 0.1038360595703125
0 0.1702880859375 0.09765625 0.018096923828125 0.0885772705078125
0 0.5703125 0.093231201171875 0.0192718505859375 0.0829315185546875
0 0.139892578125 0.0626373291015625 0.020721435546875 0.0872039794921875
0 0.7685546875 0.1195526123046875 0.0189361572265625 0.089263916015625
0 0.6384307911675878 0.31381240690265394 0.025463736283324913 0.12361792159137214
0 0.67138671875 0.2056884765625 0.0190887451171875 0.1395416259765625
0 0.033538818359375 0.7464599609375 0.0316162109375 0.166015625