0 0.52978515625 0.301513671875 0.02423095703125 0.115966796875
0 0.318115234375 0.254974365234375 0.0248870849609375 0.117340087890625
0 0.52392578125 0.093994140625 0.0234222412109375 0.117340087890625
0 0.432373046875 0.104827880859375 0.01953125 0.0997161865234375
0 0.3330078125 0.1146697998046875 0.018096923828125 0.087890625
0 0.8408203125 0.05664825439453125 0.0197906494140625 0.093231201171875
0 0.71875 0.2484130859375 0.0244293212890625 0.1129150390625
0 0.270751953125 0.1142120361328125 0.0197906494140625 0.0955963134765625
0 0.466796875 0.06977081298828125 0.0180511474609375 0.0888824462890625
0 0.8388671875 0.25970458984375 0.0213623046875 0.1010894775390625
0 0.0225067138671875 0.260162353515625 0.0287017822265625 0.1332855224609375
0 0.65576171875 0.05245208740234375 0.015960693359375 0.1082611083984375
0 0.2120361328125 0.254058837890625 0.0185089111328125 0.087890625
0 0.9228515625 0.296630859375 0.0207977294921875 0.0988006591796875
0 0.7294921875 0.080108642578125 0.018829345703125 0.1285552978515625
0 0.0240020751953125 0.0829315185546875 0.02215576171875 0.1087188720703125
0 0.93359375 0.093841552734375 0.018157958984375 0.0814056396484375
0 0.869140625 0.0943756103515625 0.018768310546875 0.0925445556640625
0 0.55712890625 0.0551605224609375 0.0191650390625 0.089569091796875
0 0.367919921875 0.06740570068359375 0.0185394287109375 0.09185791015625
0 0.427978515625 0.31158447265625 0.02386474609375 0.09490966796875
0 0.76123046875 0.277099609375 0.01983642578125 0.1226043701171875
0 0.15185546875 0.2410888671875 0.0210418701171875 0.12420654296875
0 0.63720703125 0.265960693359375 0.0147857666015625 0.142974853515625
0 0.13232421875 0.06664276123046875 0.0206451416015625 0.107879638671875
0 0.67138671875 0.24658203125 0.0227203369140625 0.118865966796875
0 0.2371826171875 0.0750732421875 0.01560211181640625 0.079498291015625
0 0.06427001953125 0.2679443359375 0.0153656005859375 0.14434814453125
0 0.962890625 0.262603759765625 0.0236053466796875 0.11016845703125
0 0.166259765625 0.1105499267578125 0.018768310546875 0.0926971435546875
0 0.03253173828125 0.758056640625 0.037750244140625 0.177459716796875