0 0.453857421875 0.284881591796875 0.021484375 0.117340087890625
0 0.57470703125 0.209197998046875 0.0210418701171875 0.106201171875
0 0.0341796875 0.755615234375 0.04052734375 0.1230621337890625
0 0.7421875 0.2288818359375 0.0257568359375 0.1275634765625
0 0.070068359375 0.0823211669921875 0.0182342529296875 0.089263916015625
0 0.60986328125 0.203399658203125 0.0177154541015625 0.101470947265625
0 0.46630859375 0.06923675537109375 0.0214080810546875 0.1026153564453125
0 0.55908203125 0.058441162109375 0.0188751220703125 0.101470947265625
0 0.2305908203125 0.060272216796875 0.01971435546875 0.0952911376953125
0 0.67041015625 0.1166534423828125 0.0182342529296875 0.089263916015625
0 0.76708984375 0.07537841796875 0.0187225341796875 0.0945281982421875
0 0.364990234375 0.067138671875 0.0165863037109375 0.0804901123046875
0 0.5400390625 0.3076171875 0.0220794677734375 0.109710693359375
0 0.8330078125 0.119781494140625 0.0182342529296875 0.086212158203125
0 0.331787109375 0.1410675048828125 0.01812744140625 0.089263916015625
0 0.034698486328125 0.1153564453125 0.018646240234375 0.09307861328125
0 0.135498046875 0.093231201171875 0.0191650390625 0.0925445556640625
0 0.26708984375 0.0684356689453125 0.02276611328125 0.107879638671875
0 0.431640625 0.06145477294921875 0.020416259765625 0.095062255859375
0 0.94970703125 0.24566650390625 0.02288818359375 0.133056640625
0 0.8203125 0.27252197265625 0.0230255126953125 0.1136016845703125
0 0.63916015625 0.105438232421875 0.0180511474609375 0.06412506103515625
0 0.167236328125 0.07450103759765625 0.01763916015625 0.096893310546875
0 0.015838623046875 0.250701904296875 0.02386474609375 0.10284423828125
0 0.931640625 0.05645751953125 0.0181884765625 0.0885772705078125
0 0.869140625 0.0768280029296875 0.0192718505859375 0.09765625
0 0.73681640625 0.09063720703125 0.0182647705078125 0.0855255126953125
0 0.333984375 0.29327392578125 0.0230255126953125 0.1171112060546875
0 0.9677734375 0.1105499267578125 0.020172119140625 0.0946807861328125
0 0.1448974609375 0.233612060546875 0.02685546875 0.127105712890625
0 0.2147216796875 0.2630615234375 0.0238189697265625 0.1087188720703125