0 0.2252197265625 0.099334716796875 0.02685546875 0.1280975341796875
0 0.1134033203125 0.2362060546875 0.0255584716796875 0.1297760009765625
0 0.67919921875 0.21759033203125 0.0196380615234375 0.0988006591796875
0 0.5615234375 0.0522613525390625 0.021209716796875 0.091705322265625
0 0.26806640625 0.266571044921875 0.0232391357421875 0.121917724609375
0 0.459716796875 0.050048828125 0.0179901123046875 0.097808837890625
0 0.5302734375 0.2734375 0.0251312255859375 0.1416778564453125
0 0.165771484375 0.06435394287109375 0.0214080810546875 0.0921630859375
0 0.76806640625 0.1116180419921875 0.01898193359375 0.0872039794921875
0 0.3115234375 0.222930908203125 0.022674560546875 0.115509033203125
0 0.6474609375 0.31158447265625 0.021240234375 0.09674072265625
0 0.470703125 0.22003173828125 0.0203399658203125 0.1363372802734375
0 0.970703125 0.0954437255859375 0.0208892822265625 0.0943756103515625
0 0.93798828125 0.1018524169921875 0.018768310546875 0.086212158203125
0 0.01056671142578125 0.21759033203125 0.0210113525390625 0.0963592529296875
0 0.133056640625 0.102081298828125 0.0194244384765625 0.09857177734375
0 0.8095703125 0.191192626953125 0.0210113525390625 0.0955963134765625
0 0.25634765625 0.050754547119140625 0.021697998046875 0.10150909423828125
0 0.837890625 0.06793975830078125 0.021087646484375 0.090484619140625
0 0.4296875 0.1395416259765625 0.0202484130859375 0.10009765625
0 0.37109375 0.09490966796875 0.0196380615234375 0.07625579833984375
0 0.0416259765625 0.239715576171875 0.0244293212890625 0.1126861572265625
0 0.348876953125 0.286865234375 0.0205230712890625 0.0995635986328125
0 0.9453125 0.24383544921875 0.021240234375 0.1018524169921875
0 0.568359375 0.2630615234375 0.0203399658203125 0.1213836669921875
0 0.7333984375 0.078887939453125 0.0184783935546875 0.0934600830078125
0 0.66064453125 0.067138671875 0.015899658203125 0.0768280029296875
0 0.03533935546875 0.7440185546875 0.035675048828125 0.17181396484375
0 0.0703125 0.09185791015625 0.017852783203125 0.0868988037109375
0 0.75830078125 0.263519287109375 0.019561767578125 0.0925445556640625
0 0.8448782906862276 0.28267079350252566 0.022902964079095908 0.10728230542313348