0 0.51025390625 0.20538330078125 0.021331787109375 0.11077880859375
0 0.1734619140625 0.190582275390625 0.0225372314453125 0.1361083984375
0 0.33349609375 0.0921630859375 0.0199432373046875 0.103607177734375
0 0.464111328125 0.233612060546875 0.0255126953125 0.1355743408203125
0 0.7314453125 0.1142120361328125 0.0214080810546875 0.1166534423828125
0 0.03302001953125 0.0811004638671875 0.0174407958984375 0.0913238525390625
0 0.53466796875 0.06412506103515625 0.0217742919921875 0.1050567626953125
0 0.71484375 0.24200439453125 0.0201416015625 0.1285552978515625
0 0.230224609375 0.103607177734375 0.0210418701171875 0.1171112060546875
0 0.12890625 0.148773193359375 0.018646240234375 0.09674072265625
0 0.80859375 0.193023681640625 0.0169219970703125 0.092010498046875
0 0.83935546875 0.1076507568359375 0.017913818359375 0.06687164306640625
0 0.36328125 0.26123046875 0.02215576171875 0.10223388671875
0 0.03582763671875 0.73974609375 0.031982421875 0.147705078125
0 0.2626953125 0.0914764404296875 0.01666259765625 0.086212158203125
0 0.939453125 0.0695037841796875 0.0192413330078125 0.07251739501953125
0 0.76318359375 0.06534576416015625 0.0247039794921875 0.1175689697265625
0 0.61083984375 0.228424072265625 0.0197601318359375 0.094146728515625
0 0.97021484375 0.107879638671875 0.0210418701171875 0.0820159912109375
0 0.27001953125 0.232391357421875 0.0231475830078125 0.1038360595703125
0 0.91064453125 0.216827392578125 0.0210418701171875 0.093994140625
0 0.63818359375 0.079193115234375 0.019378662109375 0.07476806640625
0 0.1517333984375 0.05474090576171875 0.0199127197265625 0.0955963134765625
0 0.062103271484375 0.284881591796875 0.0211181640625 0.09185791015625
0 0.568359375 0.1175689697265625 0.0187225341796875 0.08819580078125
0 0.42578125 0.0852203369140625 0.0211181640625 0.12420654296875
0 0.0209197998046875 0.267486572265625 0.0248870849609375 0.1195526123046875
0 0.83935546875 0.263519287109375 0.0239105224609375 0.072784423828125
0 0.4619140625 0.101470947265625 0.0223236083984375 0.1297760009765625
0 0.322509765625 0.296630859375 0.0211639404296875 0.1004791259765625
0 0.6436938325388005 0.2670003443957759 0.023626215576330538 0.0855847605060952