0 0.00926971435546875 0.15625 0.0194244384765625 0.106658935546875
0 0.54443359375 0.27496337890625 0.0229339599609375 0.11077880859375
0 0.2298583984375 0.1348114013671875 0.0202484130859375 0.0952911376953125
0 0.470703125 0.1126861572265625 0.0173797607421875 0.0855255126953125
0 0.344970703125 0.24749755859375 0.020599365234375 0.12420654296875
0 0.23193359375 0.274505615234375 0.0241851806640625 0.1070404052734375
0 0.7685546875 0.27801513671875 0.02044677734375 0.089263916015625
0 0.371337890625 0.092010498046875 0.0180511474609375 0.093841552734375
0 0.11029052734375 0.184173583984375 0.019989013671875 0.0936126708984375
0 0.53076171875 0.1129150390625 0.01678466796875 0.090789794921875
0 0.25927734375 0.0586700439453125 0.0194549560546875 0.1055908203125
0 0.038909912109375 0.255889892578125 0.021942138671875 0.1039886474609375
0 0.873046875 0.238037109375 0.02215576171875 0.1103973388671875
0 0.06890869140625 0.089569091796875 0.0184326171875 0.0868988037109375
0 0.410400390625 0.17120361328125 0.01983642578125 0.10009765625
0 0.1416015625 0.0562286376953125 0.015777587890625 0.08758544921875
0 0.669921875 0.0962066650390625 0.015777587890625 0.09490966796875
0 0.93212890625 0.0739288330078125 0.0190582275390625 0.0913238525390625
0 0.13671875 0.21514892578125 0.02423095703125 0.109100341796875
0 0.4423828125 0.09918212890625 0.01332855224609375 0.089263916015625
0 0.032958984375 0.738525390625 0.0401611328125 0.203857421875
0 0.6103515625 0.188446044921875 0.0190887451171875 0.095977783203125
0 0.31103515625 0.228424072265625 0.0190582275390625 0.095062255859375
0 0.9677734375 0.07167816162109375 0.02056884765625 0.1024627685546875
0 0.73095703125 0.29449462890625 0.0211639404296875 0.096893310546875
0 0.91845703125 0.2874755859375 0.0202484130859375 0.107421875
0 0.765625 0.07419586181640625 0.0191650390625 0.0997161865234375
0 0.8349609375 0.283203125 0.020843505859375 0.1038360595703125
0 0.57568359375 0.236663818359375 0.0196075439453125 0.10009765625
0 0.83154296875 0.14007568359375 0.0174407958984375 0.08758544921875
0 0.63720703125 0.213165283203125 0.01837158203125 0.096893310546875