0 0.042724609375 0.28533935546875 0.023101806640625 0.12115478515625
0 0.1685791015625 0.21484375 0.01812744140625 0.1204681396484375
0 0.313232421875 0.259246826171875 0.0211639404296875 0.1226043701171875
0 0.51123046875 0.214385986328125 0.0230712890625 0.115509033203125
0 0.1307373046875 0.27801513671875 0.0289764404296875 0.1166534423828125
0 0.81201171875 0.22796630859375 0.02508544921875 0.116424560546875
0 0.92822265625 0.2801513671875 0.0257110595703125 0.106048583984375
0 0.466064453125 0.0826263427734375 0.0211639404296875 0.0852203369140625
0 0.330810546875 0.06214141845703125 0.0188751220703125 0.1082611083984375
0 0.626953125 0.117340087890625 0.0199127197265625 0.0914764404296875
0 0.364990234375 0.0689697265625 0.0215301513671875 0.093994140625
0 0.229248046875 0.1129150390625 0.021484375 0.084228515625
0 0.433349609375 0.1151275634765625 0.0180206298828125 0.07450103759765625
0 0.966796875 0.2734375 0.0230712890625 0.1058197021484375
0 0.255126953125 0.1004791259765625 0.0196380615234375 0.086212158203125
0 0.07708740234375 0.210113525390625 0.0201416015625 0.09857177734375
0 0.93017578125 0.0913238525390625 0.019683837890625 0.0913238525390625
0 0.70947265625 0.145416259765625 0.01751708984375 0.1024627685546875
0 0.5693359375 0.1235198974609375 0.019989013671875 0.0852203369140625
0 0.74169921875 0.0926971435546875 0.018402099609375 0.084228515625
0 0.6572265625 0.08819580078125 0.0147857666015625 0.106201171875
0 0.0321044921875 0.147705078125 0.0164642333984375 0.086212158203125
0 0.5361328125 0.06664276123046875 0.0169219970703125 0.1012420654296875
0 0.43212890625 0.32318115234375 0.021942138671875 0.086212158203125
0 0.160400390625 0.0954437255859375 0.0202484130859375 0.08392333984375
0 0.87158203125 0.09063720703125 0.0171051025390625 0.1016998291015625
0 0.033203125 0.751953125 0.03582763671875 0.1103973388671875
0 0.8359375 0.11016845703125 0.019012451171875 0.0820159912109375
0 0.76806640625 0.090789794921875 0.01763916015625 0.084228515625
0 0.27435465643556345 0.2084503425566923 0.026534757267009546 0.09264333501089159
0 0.6403186588850392 0.27242473062503547 0.019768874257746007 0.15188281441926757