0 0.73193359375 0.1076507568359375 0.0186920166015625 0.09765625
0 0.462158203125 0.06664276123046875 0.0171051025390625 0.084228515625
0 0.55810546875 0.0899505615234375 0.016845703125 0.0934600830078125
0 0.433349609375 0.1280975341796875 0.017852783203125 0.096893310546875
0 0.818359375 0.251617431640625 0.023193359375 0.111846923828125
0 0.03167724609375 0.0719451904296875 0.017913818359375 0.0972747802734375
0 0.96875 0.078887939453125 0.0182342529296875 0.0852203369140625
0 0.92333984375 0.30426025390625 0.0197601318359375 0.1105499267578125
0 0.26318359375 0.0995635986328125 0.0161590576171875 0.07419586181640625
0 0.336181640625 0.047607421875 0.0197601318359375 0.0852203369140625
0 0.232666015625 0.107879638671875 0.01934814453125 0.087890625
0 0.172119140625 0.1110076904296875 0.0228424072265625 0.079498291015625
0 0.630859375 0.06534576416015625 0.019866943359375 0.1081085205078125
0 0.666015625 0.109100341796875 0.021240234375 0.09674072265625
0 0.7724609375 0.26123046875 0.0211181640625 0.0963592529296875
0 0.54052734375 0.280609130859375 0.026153564453125 0.1273345947265625
0 0.93310546875 0.091705322265625 0.020599365234375 0.1012420654296875
0 0.137939453125 0.099945068359375 0.0190582275390625 0.08758544921875
0 0.339111328125 0.221405029296875 0.0265045166015625 0.113372802734375
0 0.274169921875 0.240631103515625 0.0213623046875 0.09765625
0 0.36865234375 0.127105712890625 0.02044677734375 0.093841552734375
0 0.06646728515625 0.1016998291015625 0.01983642578125 0.08758544921875
0 0.05889892578125 0.254058837890625 0.0263519287109375 0.1235198974609375
0 0.736328125 0.290679931640625 0.023284912109375 0.118865966796875
0 0.654296875 0.2410888671875 0.0201416015625 0.1175689697265625
0 0.1488037109375 0.266571044921875 0.021331787109375 0.08758544921875
0 0.441650390625 0.32318115234375 0.0214080810546875 0.101470947265625
0 0.53076171875 0.1103973388671875 0.019866943359375 0.0909423828125
0 0.8330078125 0.116424560546875 0.0189056396484375 0.0936126708984375
0 0.859375 0.24932861328125 0.0224151611328125 0.1110076904296875
0 0.03265380859375 0.745849609375 0.03277587890625 0.18035888671875