0 0.63232421875 0.1280975341796875 0.017913818359375 0.0921630859375
0 0.86181640625 0.0586700439453125 0.01763916015625 0.116424560546875
0 0.76904296875 0.1499176025390625 0.0188751220703125 0.0946807861328125
0 0.935546875 0.08819580078125 0.0208892822265625 0.1064300537109375
0 0.30908203125 0.1641845703125 0.02056884765625 0.1116180419921875
0 0.5556640625 0.24017333984375 0.022369384765625 0.137939453125
0 0.337646484375 0.04581451416015625 0.018096923828125 0.0849151611328125
0 0.01009368896484375 0.175018310546875 0.02044677734375 0.1129150390625
0 0.56494140625 0.1010894775390625 0.0233306884765625 0.086212158203125
0 0.257568359375 0.0562286376953125 0.019683837890625 0.1110076904296875
0 0.953125 0.294952392578125 0.0223236083984375 0.0980377197265625
0 0.529296875 0.06214141845703125 0.0197601318359375 0.102081298828125
0 0.44677734375 0.23193359375 0.0261993408203125 0.1070404052734375
0 0.1412353515625 0.06561279296875 0.0203399658203125 0.093994140625
0 0.169921875 0.09918212890625 0.0194244384765625 0.1007080078125
0 0.466552734375 0.079803466796875 0.0216217041015625 0.1103973388671875
0 0.85595703125 0.23101806640625 0.0235137939453125 0.1204681396484375
0 0.367919921875 0.1297760009765625 0.0192718505859375 0.0899505615234375
0 0.66845703125 0.2740478515625 0.0223236083984375 0.115966796875
0 0.1405029296875 0.264129638671875 0.02069091796875 0.0814056396484375
0 0.81884765625 0.292816162109375 0.0289764404296875 0.1003265380859375
0 0.7373046875 0.227203369140625 0.02203369140625 0.0783538818359375
0 0.229248046875 0.1058197021484375 0.0220794677734375 0.09185791015625
0 0.7109375 0.175323486328125 0.020172119140625 0.10284423828125
0 0.2393798828125 0.306549072265625 0.02386474609375 0.122833251953125
0 0.6669921875 0.07251739501953125 0.016845703125 0.07251739501953125
0 0.9716796875 0.0995635986328125 0.0186920166015625 0.0946807861328125
0 0.04107666015625 0.230560302734375 0.0217437744140625 0.1157379150390625
0 0.033660888671875 0.755615234375 0.034881591796875 0.18280029296875
0 0.436279296875 0.093231201171875 0.0190887451171875 0.0901031494140625
0 0.0704345703125 0.1340484619140625 0.0180511474609375 0.0872039794921875