0 0.035400390625 0.743408203125 0.043212890625 0.203857421875
0 0.23876953125 0.297698974609375 0.022674560546875 0.09857177734375
0 0.343017578125 0.24200439453125 0.02215576171875 0.107269287109375
0 0.339111328125 0.10223388671875 0.019195556640625 0.0913238525390625
0 0.83447265625 0.0829315185546875 0.020721435546875 0.0811004638671875
0 0.309814453125 0.193023681640625 0.02069091796875 0.1039886474609375
0 0.1414794921875 0.1010894775390625 0.017913818359375 0.0955963134765625
0 0.1375732421875 0.238494873046875 0.0229339599609375 0.11016845703125
0 0.26220703125 0.1026153564453125 0.01751708984375 0.0852203369140625
0 0.2333984375 0.1244354248046875 0.0192413330078125 0.096893310546875
0 0.0104522705078125 0.21240234375 0.0210113525390625 0.107269287109375
0 0.036163330078125 0.070037841796875 0.0222930908203125 0.086517333984375
0 0.41552734375 0.242462158203125 0.0202484130859375 0.1381683349609375
0 0.63671875 0.215606689453125 0.023956298828125 0.11444091796875
0 0.7109375 0.203857421875 0.0212860107421875 0.1166534423828125
0 0.427001953125 0.07335662841796875 0.018829345703125 0.1332855224609375
0 0.74658203125 0.235748291015625 0.0236968994140625 0.1055908203125
0 0.7353515625 0.0945281982421875 0.0186920166015625 0.0888824462890625
0 0.53564453125 0.093994140625 0.0203704833984375 0.09063720703125
0 0.56640625 0.0823211669921875 0.0231475830078125 0.1093292236328125
0 0.458740234375 0.284271240234375 0.0225067138671875 0.115509033203125
0 0.95947265625 0.259246826171875 0.0234222412109375 0.107269287109375
0 0.6416015625 0.0936126708984375 0.0165863037109375 0.0826263427734375
0 0.17041015625 0.1146697998046875 0.0162200927734375 0.0804901123046875
0 0.5078125 0.178070068359375 0.0173797607421875 0.113983154296875
0 0.818359375 0.28961181640625 0.0200653076171875 0.103607177734375
0 0.96826171875 0.080108642578125 0.0192718505859375 0.1016998291015625
0 0.050048828125 0.286865234375 0.0222015380859375 0.09674072265625
0 0.93408203125 0.1116180419921875 0.0194549560546875 0.08392333984375
0 0.6689453125 0.096893310546875 0.0182952880859375 0.0836181640625
0 0.869140625 0.0868988037109375 0.022796630859375 0.090484619140625