0 0.8427734375 0.286407470703125 0.02288818359375 0.1190948486328125
0 0.1094970703125 0.15960693359375 0.020721435546875 0.107879638671875
0 0.63134765625 0.1058197021484375 0.01934814453125 0.093841552734375
0 0.416259765625 0.24566650390625 0.0228424072265625 0.1177978515625
0 0.0180206298828125 0.279083251953125 0.0210113525390625 0.1175689697265625
0 0.74755859375 0.2838134765625 0.021331787109375 0.1125335693359375
0 0.7705078125 0.0836181640625 0.01861572265625 0.090789794921875
0 0.568359375 0.0807952880859375 0.02044677734375 0.10345458984375
0 0.32470703125 0.311126708984375 0.02386474609375 0.1055908203125
0 0.05572509765625 0.235443115234375 0.0232391357421875 0.099334716796875
0 0.52392578125 0.279693603515625 0.021209716796875 0.0997161865234375
0 0.86083984375 0.0595855712890625 0.0156707763671875 0.086517333984375
0 0.137939453125 0.252532958984375 0.0192718505859375 0.0926971435546875
0 0.230224609375 0.106201171875 0.02044677734375 0.1039886474609375
0 0.91162109375 0.239715576171875 0.0221099853515625 0.1032257080078125
0 0.259521484375 0.0899505615234375 0.0167236328125 0.0958251953125
0 0.94677734375 0.236663818359375 0.0240478515625 0.118865966796875
0 0.034027099609375 0.7464599609375 0.03271484375 0.153656005859375
0 0.36572265625 0.27496337890625 0.0230255126953125 0.1146697998046875
0 0.9345703125 0.0605010986328125 0.0202484130859375 0.0954437255859375
0 0.2724609375 0.208892822265625 0.022796630859375 0.1070404052734375
0 0.06585693359375 0.06687164306640625 0.021209716796875 0.0981903076171875
0 0.638671875 0.31402587890625 0.018646240234375 0.095977783203125
0 0.875 0.247039794921875 0.0180511474609375 0.0923919677734375
0 0.458251953125 0.24383544921875 0.0222015380859375 0.1410675048828125
0 0.73681640625 0.066375732421875 0.0216522216796875 0.0980377197265625
0 0.333740234375 0.10345458984375 0.0164642333984375 0.091705322265625
0 0.67431640625 0.224609375 0.0222930908203125 0.107421875
0 0.431884765625 0.1116180419921875 0.0199432373046875 0.1003265380859375
0 0.533203125 0.1216888427734375 0.0185089111328125 0.0872039794921875
0 0.1707763671875 0.1114654541015625 0.0189056396484375 0.072784423828125