0 0.76904296875 0.1177978515625 0.018646240234375 0.1050567626953125
0 0.33447265625 0.266571044921875 0.023773193359375 0.1126861572265625
0 0.47900390625 0.21728515625 0.0222930908203125 0.1004791259765625
0 0.8125 0.24383544921875 0.026763916015625 0.1397705078125
0 0.86474609375 0.1012420654296875 0.0197601318359375 0.090789794921875
0 0.9091796875 0.188751220703125 0.0205230712890625 0.118255615234375
0 0.1392822265625 0.2734375 0.01983642578125 0.0868988037109375
0 0.6689453125 0.1325225830078125 0.0171051025390625 0.09857177734375
0 0.7080078125 0.178375244140625 0.0174407958984375 0.1024627685546875
0 0.64111328125 0.24200439453125 0.023101806640625 0.1256561279296875
0 0.2081298828125 0.184173583984375 0.017913818359375 0.10955810546875
0 0.431884765625 0.153656005859375 0.0171051025390625 0.079498291015625
0 0.85302734375 0.2447509765625 0.02484130859375 0.1200103759765625
0 0.2432861328125 0.24017333984375 0.0271759033203125 0.1161956787109375
0 0.94189453125 0.272979736328125 0.0192413330078125 0.1038360595703125
0 0.51220703125 0.235748291015625 0.01983642578125 0.103607177734375
0 0.73974609375 0.26947021484375 0.0211639404296875 0.0846099853515625
0 0.53564453125 0.08819580078125 0.01898193359375 0.0902557373046875
0 0.568359375 0.1239776611328125 0.01812744140625 0.1004791259765625
0 0.3701171875 0.221710205078125 0.0276947021484375 0.1153564453125
0 0.01177978515625 0.239410400390625 0.019866943359375 0.10284423828125
0 0.036285400390625 0.0783538818359375 0.0189361572265625 0.0868988037109375
0 0.06805419921875 0.1313018798828125 0.017578125 0.0972747802734375
0 0.46044921875 0.06412506103515625 0.0154876708984375 0.07801055908203125
0 0.16943359375 0.1157379150390625 0.0174407958984375 0.09765625
0 0.970703125 0.0965118408203125 0.017242431640625 0.08331298828125
0 0.235595703125 0.0901031494140625 0.018096923828125 0.085906982421875
0 0.140869140625 0.079803466796875 0.02044677734375 0.0823211669921875
0 0.358642578125 0.085906982421875 0.0169219970703125 0.085906982421875
0 0.609375 0.186004638671875 0.01837158203125 0.092926025390625
0 0.0352783203125 0.7354736328125 0.039703369140625 0.17120361328125