0 0.66259765625 0.269927978515625 0.0273284912109375 0.137176513671875
0 0.2093505859375 0.186004638671875 0.0196075439453125 0.1251983642578125
0 0.5693359375 0.207366943359375 0.0299224853515625 0.148773193359375
0 0.32666015625 0.079193115234375 0.0257568359375 0.113983154296875
0 0.1429443359375 0.308837890625 0.021820068359375 0.115966796875
0 0.359130859375 0.277557373046875 0.0269622802734375 0.1374053955078125
0 0.431396484375 0.1186370849609375 0.0197601318359375 0.098419189453125
0 0.53125 0.2740478515625 0.02508544921875 0.1297760009765625
0 0.65869140625 0.05283355712890625 0.0227203369140625 0.09918212890625
0 0.7080078125 0.1531219482421875 0.0165252685546875 0.097808837890625
0 0.8115234375 0.220947265625 0.0226287841796875 0.118255615234375
0 0.41943359375 0.26214599609375 0.026702880859375 0.119781494140625
0 0.1767578125 0.20538330078125 0.0201416015625 0.0972747802734375
0 0.625 0.086212158203125 0.027374267578125 0.1410675048828125
0 0.31494140625 0.242919921875 0.0285491943359375 0.138702392578125
0 0.236328125 0.092010498046875 0.017913818359375 0.095977783203125
0 0.1314697265625 0.1221466064453125 0.0210418701171875 0.104217529296875
0 0.736328125 0.220489501953125 0.0235595703125 0.1177978515625
0 0.040771484375 0.28594970703125 0.0211181640625 0.1190948486328125
0 0.7392578125 0.0885772705078125 0.0185089111328125 0.0807952880859375
0 0.46484375 0.05664825439453125 0.0202484130859375 0.098419189453125
0 0.9443359375 0.3192138671875 0.0196380615234375 0.090484619140625
0 0.98095703125 0.22216796875 0.0188751220703125 0.08758544921875
0 0.0305023193359375 0.1470947265625 0.0162200927734375 0.092926025390625
0 0.0615234375 0.0577545166015625 0.0181884765625 0.0868988037109375
0 0.8701171875 0.1268768310546875 0.0192413330078125 0.0925445556640625
0 0.849609375 0.26123046875 0.0247039794921875 0.1325225830078125
0 0.96044921875 0.07450103759765625 0.0169219970703125 0.0921630859375
0 0.266357421875 0.07419586181640625 0.021575927734375 0.1003265380859375
0 0.5576171875 0.091705322265625 0.0197906494140625 0.089569091796875
0 0.033966064453125 0.7440185546875 0.033477783203125 0.1507568359375