0 0.264895 0.26747499999999996 0.01964 0.11055
0 0.609375 0.169525 0.020065000000000003 0.10765000000000001
0 0.94824 0.28535 0.02124 0.09995
0 0.069275 0.23575 0.02208 0.11664999999999999
0 0.46094 0.06795 0.018265 0.0908
0 0.44385 0.3099 0.020065000000000003 0.10125
0 0.970705 0.0901 0.021285000000000002 0.1017
0 0.37085 0.19745000000000001 0.027524999999999997 0.1419
0 0.510255 0.21515 0.02089 0.133275
0 0.432615 0.123525 0.0159 0.0901
0 0.22888 0.08789999999999999 0.02533 0.12587500000000001
0 0.567385 0.11315 0.022719999999999997 0.0908
0 0.22131499999999998 0.26899999999999996 0.023375 0.11664999999999999
0 0.773925 0.21682500000000002 0.018875 0.11185
0 0.7299800000000001 0.14404999999999998 0.019164999999999998 0.088875
0 0.67041 0.13955 0.018510000000000002 0.0908
0 0.54883 0.2327 0.02646 0.12442500000000001
0 0.16894499999999998 0.120475 0.019059999999999997 0.1017
0 0.337645 0.310525 0.015075 0.1313
0 0.35351499999999997 0.048125 0.017855 0.09625
0 0.84668 0.2568 0.023954999999999997 0.131
0 0.9101549999999999 0.204175 0.022155 0.10605
0 0.7368150000000001 0.281675 0.025515 0.107875
0 0.13501 0.06485 0.019195 0.09117499999999999
0 0.14928999999999998 0.254975 0.023864999999999997 0.1142
0 0.8686499999999999 0.12587500000000001 0.019010000000000003 0.0956
0 0.810545 0.204175 0.02133 0.091325
0 0.02931 0.275575 0.023469999999999998 0.1097
0 0.031435 0.12710000000000002 0.01834 0.0882
0 0.033659999999999995 0.7397499999999999 0.02057 0.204175
0 0.640625 0.068975 0.0195 0.087575