0 0.837890625 0.06816864013671875 0.020294189453125 0.092010498046875
0 0.469482421875 0.079803466796875 0.0190582275390625 0.091705322265625
0 0.1412353515625 0.0646209716796875 0.0169830322265625 0.0814056396484375
0 0.1707763671875 0.1161956787109375 0.0212860107421875 0.106048583984375
0 0.2734375 0.2630615234375 0.020721435546875 0.0926971435546875
0 0.97021484375 0.087890625 0.0205230712890625 0.06870269775390625
0 0.95703125 0.294952392578125 0.01953125 0.09185791015625
0 0.367431640625 0.0676727294921875 0.020965576171875 0.099945068359375
0 0.1378173828125 0.26123046875 0.020294189453125 0.102081298828125
0 0.845703125 0.2838134765625 0.0215301513671875 0.1032257080078125
0 0.66845703125 0.1348114013671875 0.01763916015625 0.0811004638671875
0 0.7353515625 0.27801513671875 0.0290374755859375 0.1427459716796875
0 0.053985595703125 0.05645751953125 0.021484375 0.107421875
0 0.2325439453125 0.1142120361328125 0.017852783203125 0.091705322265625
0 0.413818359375 0.264129638671875 0.0224609375 0.097808837890625
0 0.434814453125 0.072784423828125 0.0224151611328125 0.1070404052734375
0 0.263427734375 0.0705718994140625 0.0181884765625 0.0934600830078125
0 0.33203125 0.0836181640625 0.0192718505859375 0.097808837890625
0 0.572265625 0.2520751953125 0.019378662109375 0.09674072265625
0 0.7724609375 0.24658203125 0.0184326171875 0.12420654296875
0 0.52978515625 0.108489990234375 0.0207672119140625 0.1064300537109375
0 0.935546875 0.097503662109375 0.0228424072265625 0.0771331787109375
0 0.040771484375 0.266571044921875 0.023651123046875 0.104827880859375
0 0.75830078125 0.04688262939453125 0.01953125 0.0914764404296875
0 0.072509765625 0.235443115234375 0.0242767333984375 0.118865966796875
0 0.64111328125 0.05687713623046875 0.0196075439453125 0.0955963134765625
0 0.5595703125 0.05123138427734375 0.0167236328125 0.09765625
0 0.3623046875 0.2801513671875 0.0204925537109375 0.118255615234375
0 0.60888671875 0.1410675048828125 0.0179901123046875 0.0902557373046875
0 0.8095703125 0.198974609375 0.019989013671875 0.106658935546875
0 0.0345458984375 0.753173828125 0.0224151611328125 0.199737548828125