0 0.95556640625 0.052642822265625 0.0165863037109375 0.0921630859375
0 0.37109375 0.1190948486328125 0.021453857421875 0.1038360595703125
0 0.2105712890625 0.206146240234375 0.0225372314453125 0.107269287109375
0 0.63916015625 0.07770538330078125 0.0197906494140625 0.06313323974609375
0 0.64208984375 0.2838134765625 0.01763916015625 0.0817108154296875
0 0.77099609375 0.106201171875 0.0197601318359375 0.0872039794921875
0 0.57080078125 0.125885009765625 0.0229339599609375 0.06816864013671875
0 0.137451171875 0.085906982421875 0.0197906494140625 0.0902557373046875
0 0.60986328125 0.20538330078125 0.0217437744140625 0.1186370849609375
0 0.06829833984375 0.1190948486328125 0.02056884765625 0.093994140625
0 0.541015625 0.1064300537109375 0.01934814453125 0.1007080078125
0 0.71044921875 0.174713134765625 0.0200958251953125 0.092010498046875
0 0.34033203125 0.1032257080078125 0.0189056396484375 0.0817108154296875
0 0.169677734375 0.1384735107421875 0.0190887451171875 0.066375732421875
0 0.4580078125 0.05889892578125 0.0205230712890625 0.1032257080078125
0 0.7392578125 0.0958251953125 0.01312255859375 0.07770538330078125
0 0.30859375 0.194854736328125 0.018646240234375 0.0963592529296875
0 0.14794921875 0.277099609375 0.0196075439453125 0.0926971435546875
0 0.94189453125 0.31280517578125 0.0182647705078125 0.0921630859375
0 0.2371826171875 0.097808837890625 0.018798828125 0.0829315185546875
0 0.4306640625 0.145416259765625 0.01560211181640625 0.114898681640625
0 0.83056640625 0.30548095703125 0.0169219970703125 0.142974853515625
0 0.034027099609375 0.048370361328125 0.019195556640625 0.08758544921875
0 0.5078125 0.185546875 0.015777587890625 0.086212158203125
0 0.27001953125 0.09490966796875 0.021453857421875 0.101470947265625
0 0.82666015625 0.085906982421875 0.01678466796875 0.1103973388671875
0 0.00919342041015625 0.1873779296875 0.019012451171875 0.1244354248046875
0 0.85791015625 0.0600433349609375 0.022369384765625 0.11077880859375
0 0.43701171875 0.274505615234375 0.020172119140625 0.1190948486328125
0 0.033721923828125 0.74951171875 0.03302001953125 0.1605224609375
0 0.9287109375 0.111846923828125 0.0165863037109375 0.1093292236328125