0 0.87158203125 0.102996826171875 0.0185089111328125 0.0925445556640625
0 0.061187744140625 0.06740570068359375 0.0182952880859375 0.0943756103515625
0 0.533203125 0.055999755859375 0.020843505859375 0.1010894775390625
0 0.64013671875 0.0771331787109375 0.017303466796875 0.0739288330078125
0 0.9453125 0.2740478515625 0.019989013671875 0.1068115234375
0 0.97509765625 0.23406982421875 0.0184783935546875 0.0952911376953125
0 0.041534423828125 0.31524658203125 0.0197906494140625 0.0965118408203125
0 0.1693115234375 0.084228515625 0.0200958251953125 0.098419189453125
0 0.51123046875 0.235443115234375 0.021331787109375 0.1081085205078125
0 0.03253173828125 0.1184844970703125 0.0177764892578125 0.089263916015625
0 0.42431640625 0.30548095703125 0.0215301513671875 0.099945068359375
0 0.5439453125 0.22979736328125 0.0235137939453125 0.1142120361328125
0 0.11517333984375 0.265045166015625 0.021087646484375 0.0962066650390625
0 0.1343994140625 0.070037841796875 0.0193023681640625 0.0943756103515625
0 0.371337890625 0.18768310546875 0.023773193359375 0.1235198974609375
0 0.468505859375 0.07595062255859375 0.01898193359375 0.08331298828125
0 0.6103515625 0.21514892578125 0.016021728515625 0.079803466796875
0 0.767578125 0.1116180419921875 0.0203704833984375 0.0971221923828125
0 0.328369140625 0.148773193359375 0.01406097412109375 0.113983154296875
0 0.433349609375 0.0995635986328125 0.021575927734375 0.1070404052734375
0 0.2401123046875 0.04909515380859375 0.0170440673828125 0.08331298828125
0 0.931640625 0.11688232421875 0.0203399658203125 0.097503662109375
0 0.2093505859375 0.1448822021484375 0.018341064453125 0.09674072265625
0 0.67138671875 0.12420654296875 0.020721435546875 0.096893310546875
0 0.8544921875 0.30487060546875 0.021575927734375 0.105438232421875
0 0.033905029296875 0.738525390625 0.034088134765625 0.16387939453125
0 0.75 0.247955322265625 0.0215301513671875 0.1297760009765625
0 0.2685546875 0.1358795166015625 0.0182342529296875 0.086517333984375
0 0.8095703125 0.25543212890625 0.0154266357421875 0.086212158203125
0 0.73193359375 0.05474090576171875 0.018768310546875 0.09063720703125
0 0.336669921875 0.267486572265625 0.0252227783203125 0.1239776611328125