0 0.443115234375 0.2362060546875 0.02447509765625 0.1230621337890625
0 0.376708984375 0.21881103515625 0.01983642578125 0.09918212890625
0 0.410888671875 0.22674560546875 0.0214080810546875 0.1087188720703125
0 0.2303466796875 0.1136016845703125 0.022369384765625 0.1044464111328125
0 0.6689453125 0.12420654296875 0.0180206298828125 0.089263916015625
0 0.25830078125 0.0946807861328125 0.01953125 0.0826263427734375
0 0.966796875 0.070037841796875 0.0177154541015625 0.0823211669921875
0 0.96875 0.2630615234375 0.02276611328125 0.11077880859375
0 0.74462890625 0.27801513671875 0.022369384765625 0.1105499267578125
0 0.6376953125 0.07335662841796875 0.017181396484375 0.0945281982421875
0 0.73876953125 0.1110076904296875 0.0164642333984375 0.0963592529296875
0 0.810546875 0.20965576171875 0.020294189453125 0.1093292236328125
0 0.83984375 0.06412506103515625 0.020294189453125 0.094146728515625
0 0.53271484375 0.086517333984375 0.020172119140625 0.108489990234375
0 0.84033203125 0.22796630859375 0.0215301513671875 0.1058197021484375
0 0.139404296875 0.2447509765625 0.021331787109375 0.1116180419921875
0 0.038818359375 0.097503662109375 0.0182647705078125 0.0921630859375
0 0.0706787109375 0.09490966796875 0.01666259765625 0.0955963134765625
0 0.360595703125 0.06412506103515625 0.0180206298828125 0.09185791015625
0 0.51611328125 0.2484130859375 0.0216217041015625 0.109710693359375
0 0.46875 0.0817108154296875 0.0186920166015625 0.0988006591796875
0 0.60986328125 0.211944580078125 0.0169830322265625 0.1190948486328125
0 0.93212890625 0.13763427734375 0.0182647705078125 0.0888824462890625
0 0.010257720947265625 0.18218994140625 0.02051544189453125 0.1055908203125
0 0.14111328125 0.109710693359375 0.0167236328125 0.079193115234375
0 0.7109375 0.22552490234375 0.021820068359375 0.106048583984375
0 0.170654296875 0.12237548828125 0.021820068359375 0.104217529296875
0 0.33203125 0.149383544921875 0.0174407958984375 0.0855255126953125
0 0.5576171875 0.291748046875 0.0211639404296875 0.106658935546875
0 0.240234375 0.27557373046875 0.02288818359375 0.111236572265625
0 0.0336654738607577 0.7524259208960191 0.03904120314740004 0.17651412500483685