0 0.2349853515625 0.0705718994140625 0.0192413330078125 0.0855255126953125
0 0.85302734375 0.057525634765625 0.0184783935546875 0.1082611083984375
0 0.6337890625 0.102081298828125 0.0191650390625 0.092010498046875
0 0.45947265625 0.061187744140625 0.0177764892578125 0.0962066650390625
0 0.65185546875 0.239715576171875 0.020965576171875 0.107421875
0 0.73388671875 0.1313018798828125 0.0165252685546875 0.0814056396484375
0 0.47509765625 0.204620361328125 0.0207977294921875 0.102996826171875
0 0.333984375 0.097503662109375 0.0182952880859375 0.0849151611328125
0 0.1416015625 0.26214599609375 0.0236053466796875 0.1202392578125
0 0.2137451171875 0.236663818359375 0.024932861328125 0.12664794921875
0 0.9375 0.106048583984375 0.0200958251953125 0.102081298828125
0 0.56787109375 0.204620361328125 0.0199432373046875 0.1261138916015625
0 0.5556640625 0.05390167236328125 0.0225067138671875 0.1076507568359375
0 0.1561279296875 0.0909423828125 0.020599365234375 0.107879638671875
0 0.44140625 0.3076171875 0.0218658447265625 0.105438232421875
0 0.2685546875 0.1175689697265625 0.0191650390625 0.0885772705078125
0 0.0390625 0.1093292236328125 0.01751708984375 0.089569091796875
0 0.53515625 0.307159423828125 0.020965576171875 0.124969482421875
0 0.1737060546875 0.1971435546875 0.0217437744140625 0.1275634765625
0 0.875 0.22552490234375 0.0221099853515625 0.11444091796875
0 0.74853515625 0.294952392578125 0.02276611328125 0.1166534423828125
0 0.77783203125 0.24200439453125 0.01763916015625 0.092010498046875
0 0.9716796875 0.0997161865234375 0.019866943359375 0.1004791259765625
0 0.321533203125 0.28228759765625 0.02386474609375 0.12115478515625
0 0.361083984375 0.301055908203125 0.0196075439453125 0.0909423828125
0 0.94921875 0.2685546875 0.0225372314453125 0.1093292236328125
0 0.61181640625 0.228424072265625 0.02288818359375 0.1277923583984375
0 0.046478271484375 0.2655029296875 0.023956298828125 0.091705322265625
0 0.07147216796875 0.109100341796875 0.0207977294921875 0.1070404052734375
0 0.033599853515625 0.74951171875 0.0343017578125 0.17608642578125
0 0.84228515625 0.26214599609375 0.0274810791015625 0.140533447265625