0 0.313232421875 0.2410888671875 0.0247039794921875 0.113983154296875
0 0.46630859375 0.282745361328125 0.0216217041015625 0.0965118408203125
0 0.2294921875 0.13458251953125 0.021820068359375 0.097503662109375
0 0.54296875 0.247955322265625 0.0247039794921875 0.1125335693359375
0 0.67041015625 0.0868988037109375 0.0203704833984375 0.0921630859375
0 0.266845703125 0.226287841796875 0.02484130859375 0.1366424560546875
0 0.509765625 0.184478759765625 0.01983642578125 0.1076507568359375
0 0.85546875 0.0586700439453125 0.02191162109375 0.101470947265625
0 0.0775146484375 0.233154296875 0.019561767578125 0.086212158203125
0 0.42626953125 0.281219482421875 0.02447509765625 0.116424560546875
0 0.36962890625 0.1275634765625 0.0190582275390625 0.0963592529296875
0 0.431640625 0.0921630859375 0.0185089111328125 0.0958251953125
0 0.049774169921875 0.277099609375 0.0210418701171875 0.0921630859375
0 0.7275390625 0.1309967041015625 0.018646240234375 0.1064300537109375
0 0.53955078125 0.099945068359375 0.01812744140625 0.0826263427734375
0 0.033843994140625 0.133056640625 0.01812744140625 0.0965118408203125
0 0.953125 0.237579345703125 0.0217437744140625 0.116424560546875
0 0.837890625 0.25970458984375 0.023284912109375 0.1213836669921875
0 0.16455078125 0.05889892578125 0.0243377685546875 0.104217529296875
0 0.76806640625 0.20263671875 0.0258026123046875 0.118865966796875
0 0.33642578125 0.085906982421875 0.0194549560546875 0.0829315185546875
0 0.114990234375 0.271453857421875 0.0237274169921875 0.1123046875
0 0.61181640625 0.239410400390625 0.022247314453125 0.1290130615234375
0 0.63623046875 0.106201171875 0.0188751220703125 0.078582763671875
0 0.227783203125 0.27099609375 0.025421142578125 0.1166534423828125
0 0.1287841796875 0.0586700439453125 0.0189361572265625 0.1004791259765625
0 0.830078125 0.1462554931640625 0.021331787109375 0.0962066650390625
0 0.75732421875 0.0551605224609375 0.0210113525390625 0.104217529296875
0 0.034027099609375 0.7379150390625 0.03790283203125 0.177001953125
0 0.93212890625 0.1081085205078125 0.018768310546875 0.087890625
0 0.91357421875 0.232391357421875 0.026702880859375 0.1275634765625