0 0.73681640625 0.279693603515625 0.0208892822265625 0.1129150390625
0 0.4404296875 0.263519287109375 0.0207977294921875 0.095977783203125
0 0.86962890625 0.115509033203125 0.020721435546875 0.0823211669921875
0 0.56982421875 0.1171112060546875 0.020172119140625 0.0852203369140625
0 0.6484375 0.28533935546875 0.021942138671875 0.1114654541015625
0 0.7314453125 0.1099395751953125 0.019561767578125 0.0963592529296875
0 0.409423828125 0.167694091796875 0.0212860107421875 0.1110076904296875
0 0.84228515625 0.06977081298828125 0.01422882080078125 0.0923919677734375
0 0.46923828125 0.09185791015625 0.0182342529296875 0.092926025390625
0 0.509765625 0.16510009765625 0.0161590576171875 0.106048583984375
0 0.272216796875 0.191192626953125 0.0236968994140625 0.13427734375
0 0.349609375 0.286407470703125 0.021575927734375 0.111846923828125
0 0.53857421875 0.25970458984375 0.0192413330078125 0.0855255126953125
0 0.335693359375 0.07251739501953125 0.02056884765625 0.0963592529296875
0 0.03607177734375 0.303192138671875 0.0225830078125 0.1285552978515625
0 0.810546875 0.1934814453125 0.017242431640625 0.0804901123046875
0 0.03338623046875 0.7476806640625 0.033203125 0.162353515625
0 0.3701171875 0.0846099853515625 0.0194549560546875 0.09490966796875
0 0.142822265625 0.2734375 0.0233306884765625 0.1202392578125
0 0.95751953125 0.0506591796875 0.01898193359375 0.0963592529296875
0 0.2286376953125 0.149383544921875 0.022674560546875 0.0783538818359375
0 0.92626953125 0.09765625 0.028656005859375 0.095977783203125
0 0.6767578125 0.232391357421875 0.018157958984375 0.089569091796875
0 0.931640625 0.305938720703125 0.019561767578125 0.1157379150390625
0 0.6337890625 0.1280975341796875 0.0164642333984375 0.080108642578125
0 0.77197265625 0.258331298828125 0.020721435546875 0.0972747802734375
0 0.15771484375 0.05184173583984375 0.0160980224609375 0.0909423828125
0 0.173828125 0.240631103515625 0.0211181640625 0.11016845703125
0 0.05419921875 0.054931640625 0.0206451416015625 0.108489990234375
0 0.2398681640625 0.2606201171875 0.022796630859375 0.1204681396484375
0 0.06817626953125 0.211944580078125 0.0202178955078125 0.1114654541015625