0 0.6474609375 0.256805419921875 0.0257568359375 0.1093292236328125
0 0.364501953125 0.28167724609375 0.0224609375 0.10345458984375
0 0.6123046875 0.247955322265625 0.0192413330078125 0.09857177734375
0 0.53955078125 0.2740478515625 0.019683837890625 0.0901031494140625
0 0.1502685546875 0.265960693359375 0.0213623046875 0.1016998291015625
0 0.9306640625 0.1422119140625 0.018829345703125 0.090789794921875
0 0.324462890625 0.276031494140625 0.025177001953125 0.1230621337890625
0 0.6708984375 0.0925445556640625 0.0189361572265625 0.0868988037109375
0 0.1708984375 0.1007080078125 0.02203369140625 0.1045989990234375
0 0.229248046875 0.1120758056640625 0.016021728515625 0.100860595703125
0 0.01107025146484375 0.235443115234375 0.0202484130859375 0.102081298828125
0 0.93896484375 0.2679443359375 0.02215576171875 0.0989532470703125
0 0.958984375 0.05245208740234375 0.0192718505859375 0.1003265380859375
0 0.411865234375 0.249786376953125 0.0224151611328125 0.113983154296875
0 0.77099609375 0.19561767578125 0.0219879150390625 0.1263427734375
0 0.43115234375 0.05245208740234375 0.0209197998046875 0.0923919677734375
0 0.7294921875 0.1470947265625 0.0167236328125 0.1064300537109375
0 0.2451171875 0.260162353515625 0.02447509765625 0.114898681640625
0 0.0703125 0.1358795166015625 0.017852783203125 0.0768280029296875
0 0.85791015625 0.2911376953125 0.021087646484375 0.095977783203125
0 0.57080078125 0.1157379150390625 0.0185089111328125 0.07537841796875
0 0.5419921875 0.0826263427734375 0.0185089111328125 0.089569091796875
0 0.36572265625 0.0579833984375 0.0182647705078125 0.089263916015625
0 0.11376953125 0.254974365234375 0.020843505859375 0.106048583984375
0 0.869140625 0.0888824462890625 0.020721435546875 0.093994140625
0 0.447021484375 0.238037109375 0.024383544921875 0.1275634765625
0 0.25634765625 0.08331298828125 0.0184783935546875 0.089263916015625
0 0.818359375 0.25543212890625 0.022247314453125 0.1076507568359375
0 0.05059814453125 0.2740478515625 0.0232391357421875 0.1123046875
0 0.7373046875 0.254058837890625 0.021575927734375 0.118865966796875
0 0.036834716796875 0.7366943359375 0.03607177734375 0.1922607421875