0 0.437745 0.23055 0.023559999999999998 0.107275
0 0.96289 0.052024999999999995 0.020370000000000003 0.09505000000000001
0 0.811035 0.204925 0.02246 0.10955
0 0.75293 0.2559 0.023649999999999997 0.12635
0 0.768555 0.11055 0.018690000000000002 0.09095
0 0.927735 0.0731 0.02504 0.10125
0 0.213255 0.2298 0.02162 0.12635
0 0.560545 0.047275 0.0195 0.0882
0 0.25195500000000004 0.25635 0.021865 0.10742499999999999
0 0.30907999999999997 0.145175 0.02022 0.10400000000000001
0 0.9555650000000001 0.2832 0.022795000000000003 0.10994999999999999
0 0.341555 0.09269999999999999 0.017775 0.084225
0 0.17041 0.264125 0.02022 0.10032500000000001
0 0.13318000000000002 0.27405 0.023329999999999997 0.113975
0 0.8706050000000001 0.088575 0.02104 0.094
0 0.06131 0.06434999999999999 0.015130000000000001 0.08262499999999999
0 0.67871 0.1941 0.018125 0.09415
0 0.4104 0.19592500000000002 0.02034 0.08994999999999999
0 0.7143550000000001 0.23010000000000003 0.02194 0.104225
0 0.042725 0.31555 0.019945 0.09307499999999999
0 0.529295 0.1313 0.020415 0.092
0 0.131105 0.10545 0.020415 0.10300000000000001
0 0.632325 0.15685000000000002 0.016665 0.0859
0 0.5664049999999999 0.22719999999999999 0.02461 0.12635
0 0.658205 0.06585 0.018095 0.08994999999999999
0 0.23596 0.10605 0.01744 0.08522500000000001
0 0.033205 0.7434000000000001 0.034945 0.178675
0 0.441405 0.064625 0.017105000000000002 0.078575
0 0.03314 0.124675 0.0184 0.0917
0 0.36865 0.0949 0.017855 0.084225
0 0.83825 0.10244999999999999 0.01977 0.103675