0 0.362548828125 0.0952911376953125 0.018341064453125 0.0901031494140625
0 0.2313232421875 0.0820159912109375 0.0200653076171875 0.099334716796875
0 0.67041015625 0.1465606689453125 0.018096923828125 0.0914764404296875
0 0.76708984375 0.246124267578125 0.0234222412109375 0.1184844970703125
0 0.5673828125 0.251617431640625 0.024749755859375 0.1126861572265625
0 0.6376953125 0.216827392578125 0.0252227783203125 0.1050567626953125
0 0.41015625 0.19927978515625 0.021484375 0.1018524169921875
0 0.97412109375 0.228424072265625 0.021331787109375 0.1018524169921875
0 0.033966064453125 0.7476806640625 0.03021240234375 0.1505279541015625
0 0.436767578125 0.0962066650390625 0.019012451171875 0.084228515625
0 0.11029052734375 0.175018310546875 0.0214080810546875 0.1120758056640625
0 0.14111328125 0.2685546875 0.021240234375 0.1058197021484375
0 0.36865234375 0.2362060546875 0.02386474609375 0.1110076904296875
0 0.0330810546875 0.1068115234375 0.023101806640625 0.0934600830078125
0 0.72802734375 0.305938720703125 0.0232391357421875 0.107421875
0 0.1387939453125 0.05245208740234375 0.0190887451171875 0.079193115234375
0 0.0261993408203125 0.3192138671875 0.02069091796875 0.1024627685546875
0 0.52783203125 0.31280517578125 0.0216522216796875 0.1055908203125
0 0.2216796875 0.28961181640625 0.020416259765625 0.11016845703125
0 0.64208984375 0.06511688232421875 0.0180206298828125 0.0914764404296875
0 0.329833984375 0.27862548828125 0.02685546875 0.1230621337890625
0 0.447265625 0.250701904296875 0.0258026123046875 0.1146697998046875
0 0.8291015625 0.05474090576171875 0.0216217041015625 0.100860595703125
0 0.943359375 0.2630615234375 0.0238189697265625 0.1204681396484375
0 0.06756591796875 0.269012451171875 0.0230712890625 0.1055908203125
0 0.85400390625 0.27801513671875 0.026702880859375 0.1305389404296875
0 0.73046875 0.094146728515625 0.0189056396484375 0.1026153564453125
0 0.86279296875 0.06740570068359375 0.0253753662109375 0.1180267333984375
0 0.26123046875 0.252532958984375 0.024658203125 0.11444091796875
0 0.9541015625 0.057525634765625 0.0222930908203125 0.1088714599609375
0 0.53173828125 0.096893310546875 0.0188751220703125 0.0971221923828125