0 0.64111328125 0.05428314208984375 0.017242431640625 0.0836181640625
0 0.8642578125 0.06977081298828125 0.0201416015625 0.09765625
0 0.034942626953125 0.7470703125 0.038116455078125 0.18524169921875
0 0.76025390625 0.06740570068359375 0.0154266357421875 0.07801055908203125
0 0.96337890625 0.063629150390625 0.0212860107421875 0.1032257080078125
0 0.83203125 0.107879638671875 0.01751708984375 0.089569091796875
0 0.568359375 0.1313018798828125 0.0191192626953125 0.0911712646484375
0 0.06597900390625 0.084228515625 0.0194244384765625 0.0988006591796875
0 0.46875 0.1381683349609375 0.0182647705078125 0.08758544921875
0 0.54296875 0.0823211669921875 0.0154876708984375 0.0885772705078125
0 0.953125 0.28594970703125 0.0256195068359375 0.1204681396484375
0 0.37158203125 0.262603759765625 0.02288818359375 0.1114654541015625
0 0.441650390625 0.06664276123046875 0.0196380615234375 0.095977783203125
0 0.2314453125 0.115966796875 0.02056884765625 0.0995635986328125
0 0.63818359375 0.25360107421875 0.019866943359375 0.1064300537109375
0 0.264892578125 0.06191253662109375 0.0225372314453125 0.106658935546875
0 0.9296875 0.06740570068359375 0.024566650390625 0.1032257080078125
0 0.12890625 0.277099609375 0.0248870849609375 0.0997161865234375
0 0.87060546875 0.269012451171875 0.0205230712890625 0.093231201171875
0 0.2178955078125 0.2520751953125 0.0241851806640625 0.1081085205078125
0 0.74853515625 0.3082275390625 0.0194244384765625 0.09765625
0 0.16455078125 0.10009765625 0.017242431640625 0.0899505615234375
0 0.033203125 0.1332855224609375 0.017852783203125 0.0872039794921875
0 0.1328125 0.1010894775390625 0.0197906494140625 0.104217529296875
0 0.7802734375 0.212860107421875 0.0210113525390625 0.094146728515625
0 0.0289764404296875 0.29449462890625 0.0205230712890625 0.09857177734375
0 0.60986328125 0.1513671875 0.021087646484375 0.101470947265625
0 0.51025390625 0.20263671875 0.018157958984375 0.08758544921875
0 0.331298828125 0.295562744140625 0.0211181640625 0.10284423828125
0 0.364501953125 0.1024627685546875 0.017303466796875 0.0708770751953125
0 0.409423828125 0.169830322265625 0.01953125 0.086212158203125