0 0.438720703125 0.255889892578125 0.0224609375 0.1068115234375
0 0.509765625 0.191650390625 0.01971435546875 0.0902557373046875
0 0.042083740234375 0.265045166015625 0.0210113525390625 0.09918212890625
0 0.8125 0.250701904296875 0.021209716796875 0.0965118408203125
0 0.74658203125 0.3167724609375 0.0173797607421875 0.0852203369140625
0 0.1104736328125 0.225067138671875 0.021209716796875 0.0963592529296875
0 0.73388671875 0.132293701171875 0.0165252685546875 0.080108642578125
0 0.609375 0.17608642578125 0.0196075439453125 0.105438232421875
0 0.93017578125 0.0923919677734375 0.0210418701171875 0.101470947265625
0 0.87060546875 0.09185791015625 0.019012451171875 0.0888824462890625
0 0.314208984375 0.264129638671875 0.023284912109375 0.11016845703125
0 0.6689453125 0.1244354248046875 0.018157958984375 0.0846099853515625
0 0.83740234375 0.0804901123046875 0.0212860107421875 0.106048583984375
0 0.035888671875 0.045623779296875 0.0200958251953125 0.086517333984375
0 0.76123046875 0.07537841796875 0.018341064453125 0.0925445556640625
0 0.2315673828125 0.1277923583984375 0.017242431640625 0.0774383544921875
0 0.96484375 0.0591278076171875 0.01812744140625 0.09918212890625
0 0.13720703125 0.053253173828125 0.0194244384765625 0.08758544921875
0 0.06732177734375 0.0846099853515625 0.0230255126953125 0.09674072265625
0 0.92822265625 0.30426025390625 0.018402099609375 0.09918212890625
0 0.46923828125 0.09857177734375 0.0190887451171875 0.0855255126953125
0 0.63720703125 0.0506591796875 0.0186920166015625 0.085906982421875
0 0.351806640625 0.240631103515625 0.02532958984375 0.104827880859375
0 0.332763671875 0.06870269775390625 0.021240234375 0.106658935546875
0 0.144287109375 0.236663818359375 0.0243377685546875 0.11383056640625
0 0.409912109375 0.1580810546875 0.0210418701171875 0.1007080078125
0 0.2310791015625 0.28533935546875 0.0260009765625 0.114898681640625
0 0.53857421875 0.04581451416015625 0.018798828125 0.084228515625
0 0.271240234375 0.231475830078125 0.0225372314453125 0.1131439208984375
0 0.56787109375 0.092010498046875 0.0203704833984375 0.097808837890625
0 0.037109375 0.74951171875 0.04217529296875 0.208892822265625