0 0.6435546875 0.233612060546875 0.0244293212890625 0.1153564453125
0 0.51123046875 0.219268798828125 0.0238189697265625 0.11016845703125
0 0.53125 0.101470947265625 0.020172119140625 0.0954437255859375
0 0.1341552734375 0.070037841796875 0.0197906494140625 0.093841552734375
0 0.072509765625 0.211639404296875 0.029083251953125 0.1285552978515625
0 0.60986328125 0.18768310546875 0.0207672119140625 0.1123046875
0 0.845703125 0.263519287109375 0.0201416015625 0.0955963134765625
0 0.75 0.250244140625 0.0221099853515625 0.1058197021484375
0 0.63623046875 0.0934600830078125 0.01861572265625 0.0872039794921875
0 0.45849609375 0.085906982421875 0.01812744140625 0.080108642578125
0 0.935546875 0.06168365478515625 0.0185089111328125 0.0868988037109375
0 0.2091064453125 0.21514892578125 0.017852783203125 0.090789794921875
0 0.712890625 0.25115966796875 0.0210418701171875 0.1093292236328125
0 0.439697265625 0.277557373046875 0.0272216796875 0.1180267333984375
0 0.039703369140625 0.31219482421875 0.0252227783203125 0.109100341796875
0 0.370849609375 0.0914764404296875 0.018096923828125 0.08819580078125
0 0.42919921875 0.10955810546875 0.0212860107421875 0.104827880859375
0 0.55078125 0.241546630859375 0.0261077880859375 0.1202392578125
0 0.94921875 0.24932861328125 0.0247039794921875 0.11688232421875
0 0.1531982421875 0.2587890625 0.0236053466796875 0.1142120361328125
0 0.77001953125 0.085906982421875 0.02203369140625 0.1093292236328125
0 0.2381591796875 0.1081085205078125 0.016845703125 0.08331298828125
0 0.270751953125 0.1126861572265625 0.019989013671875 0.092010498046875
0 0.837890625 0.079803466796875 0.0196380615234375 0.092926025390625
0 0.33544921875 0.1087188720703125 0.0180511474609375 0.0852203369140625
0 0.912109375 0.247039794921875 0.0211181640625 0.0981903076171875
0 0.034759521484375 0.7476806640625 0.0333251953125 0.173797607421875
0 0.312744140625 0.239715576171875 0.022674560546875 0.1087188720703125
0 0.056121826171875 0.05390167236328125 0.018341064453125 0.0914764404296875
0 0.86962890625 0.1313018798828125 0.0194244384765625 0.0943756103515625
0 0.1683349609375 0.1157379150390625 0.0177154541015625 0.0899505615234375