0 0.54248046875 0.28594970703125 0.0222015380859375 0.09918212890625
0 0.414306640625 0.252532958984375 0.0282135009765625 0.1366424560546875
0 0.6279296875 0.07114410400390625 0.0231475830078125 0.1003265380859375
0 0.869140625 0.0826263427734375 0.0191192626953125 0.093994140625
0 0.10992431640625 0.210418701171875 0.021575927734375 0.1082611083984375
0 0.5703125 0.1039886474609375 0.0177154541015625 0.102081298828125
0 0.61376953125 0.25299072265625 0.02838134765625 0.125885009765625
0 0.6650390625 0.0989532470703125 0.01971435546875 0.0934600830078125
0 0.9306640625 0.1044464111328125 0.01751708984375 0.0872039794921875
0 0.1676025390625 0.11383056640625 0.019561767578125 0.094146728515625
0 0.037384033203125 0.242919921875 0.0235137939453125 0.1263427734375
0 0.0082550048828125 0.17974853515625 0.0164031982421875 0.0955963134765625
0 0.133056640625 0.0646209716796875 0.02276611328125 0.1044464111328125
0 0.36572265625 0.09918212890625 0.0192718505859375 0.0934600830078125
0 0.7451171875 0.2734375 0.02337646484375 0.1136016845703125
0 0.97412109375 0.23101806640625 0.02276611328125 0.1116180419921875
0 0.2335205078125 0.114898681640625 0.0170440673828125 0.0923919677734375
0 0.5390625 0.0719451904296875 0.01837158203125 0.0952911376953125
0 0.7568359375 0.0926971435546875 0.018157958984375 0.086212158203125
0 0.46337890625 0.09918212890625 0.021942138671875 0.1003265380859375
0 0.77685546875 0.20233154296875 0.023468017578125 0.099945068359375
0 0.26904296875 0.08331298828125 0.021087646484375 0.1012420654296875
0 0.35986328125 0.24749755859375 0.0258636474609375 0.1055908203125
0 0.330810546875 0.07335662841796875 0.0182952880859375 0.092926025390625
0 0.8447265625 0.2734375 0.0220794677734375 0.099334716796875
0 0.426025390625 0.0658416748046875 0.0235595703125 0.11077880859375
0 0.06927490234375 0.149383544921875 0.0177154541015625 0.0885772705078125
0 0.2587890625 0.262603759765625 0.0234222412109375 0.1007080078125
0 0.8359375 0.06145477294921875 0.0207977294921875 0.0971221923828125
0 0.93798828125 0.31524658203125 0.022369384765625 0.1039886474609375
0 0.03790283203125 0.7489013671875 0.03314208984375 0.200042724609375