0 0.96337890625 0.0676727294921875 0.0237274169921875 0.10345458984375
0 0.53271484375 0.06977081298828125 0.014556884765625 0.084228515625
0 0.6103515625 0.213165283203125 0.0202484130859375 0.1024627685546875
0 0.4326171875 0.11932373046875 0.01666259765625 0.0872039794921875
0 0.55419921875 0.297698974609375 0.020294189453125 0.1016998291015625
0 0.669921875 0.106201171875 0.0165252685546875 0.10009765625
0 0.9599609375 0.27252197265625 0.023284912109375 0.111846923828125
0 0.9287109375 0.07625579833984375 0.021575927734375 0.0980377197265625
0 0.477783203125 0.212860107421875 0.0224151611328125 0.0981903076171875
0 0.76953125 0.0872039794921875 0.01953125 0.09490966796875
0 0.73828125 0.093841552734375 0.018585205078125 0.094146728515625
0 0.84716796875 0.2685546875 0.0192413330078125 0.12237548828125
0 0.70947265625 0.178680419921875 0.0199432373046875 0.1136016845703125
0 0.8125 0.236663818359375 0.0240020751953125 0.11016845703125
0 0.2093505859375 0.1580810546875 0.019500732421875 0.101470947265625
0 0.5693359375 0.0888824462890625 0.0170440673828125 0.09490966796875
0 0.375732421875 0.242919921875 0.0192718505859375 0.092010498046875
0 0.1295166015625 0.142974853515625 0.022247314453125 0.09674072265625
0 0.054901123046875 0.250244140625 0.0279541015625 0.1202392578125
0 0.34521484375 0.28533935546875 0.0201416015625 0.096893310546875
0 0.131591796875 0.280609130859375 0.0258026123046875 0.1151275634765625
0 0.63916015625 0.111236572265625 0.0177154541015625 0.089263916015625
0 0.24169921875 0.0638580322265625 0.0191192626953125 0.0820159912109375
0 0.0129241943359375 0.2349853515625 0.021820068359375 0.1226043701171875
0 0.86962890625 0.1392364501953125 0.020965576171875 0.0926971435546875
0 0.332763671875 0.1268768310546875 0.0188751220703125 0.089569091796875
0 0.444580078125 0.311126708984375 0.0202178955078125 0.093994140625
0 0.06610107421875 0.1064300537109375 0.020965576171875 0.0849151611328125
0 0.2393798828125 0.26214599609375 0.0214080810546875 0.0855255126953125
0 0.16943359375 0.213623046875 0.0201416015625 0.137939453125
0 0.03192138671875 0.7476806640625 0.037200927734375 0.0972747802734375