0 0.439697265625 0.0852203369140625 0.0200653076171875 0.0989532470703125
0 0.25537109375 0.052642822265625 0.0162200927734375 0.1093292236328125
0 0.161865234375 0.07366180419921875 0.0185394287109375 0.098419189453125
0 0.66455078125 0.244293212890625 0.024383544921875 0.13031005859375
0 0.336669921875 0.090484619140625 0.020294189453125 0.0814056396484375
0 0.9365234375 0.06435394287109375 0.021453857421875 0.0981903076171875
0 0.86376953125 0.0562286376953125 0.0173797607421875 0.1044464111328125
0 0.3720703125 0.1126861572265625 0.0177764892578125 0.0836181640625
0 0.0279083251953125 0.2838134765625 0.024383544921875 0.1151275634765625
0 0.75439453125 0.256805419921875 0.0240478515625 0.1157379150390625
0 0.227783203125 0.1055908203125 0.016845703125 0.1024627685546875
0 0.63037109375 0.0836181640625 0.019500732421875 0.1024627685546875
0 0.8291015625 0.0626373291015625 0.0229339599609375 0.1012420654296875
0 0.62548828125 0.301055908203125 0.021453857421875 0.0989532470703125
0 0.51171875 0.22430419921875 0.0220794677734375 0.1110076904296875
0 0.470458984375 0.1557159423828125 0.0181884765625 0.0836181640625
0 0.53955078125 0.0823211669921875 0.017303466796875 0.0888824462890625
0 0.734375 0.07419586181640625 0.0200958251953125 0.1050567626953125
0 0.97021484375 0.11688232421875 0.0163421630859375 0.079193115234375
0 0.313720703125 0.266571044921875 0.021942138671875 0.07625579833984375
0 0.408447265625 0.1953125 0.0184326171875 0.0980377197265625
0 0.1322021484375 0.1531219482421875 0.0164031982421875 0.0849151611328125
0 0.85302734375 0.279693603515625 0.0272216796875 0.1320648193359375
0 0.273193359375 0.235443115234375 0.02191162109375 0.0995635986328125
0 0.03179931640625 0.1268768310546875 0.0177154541015625 0.08758544921875
0 0.7685546875 0.1171112060546875 0.0188751220703125 0.090484619140625
0 0.06829833984375 0.247039794921875 0.0215301513671875 0.101470947265625
0 0.1790771484375 0.221405029296875 0.01812744140625 0.0911712646484375
0 0.90966796875 0.19378662109375 0.0205230712890625 0.10009765625
0 0.54296875 0.254974365234375 0.0202178955078125 0.0708770751953125
0 0.035064697265625 0.7427978515625 0.033721923828125 0.1290130615234375