0 0.23974609375 0.282745361328125 0.0196380615234375 0.097503662109375
0 0.315185546875 0.235443115234375 0.0274810791015625 0.1256561279296875
0 0.751953125 0.269927978515625 0.0256195068359375 0.0901031494140625
0 0.36669921875 0.1050567626953125 0.0171051025390625 0.09918212890625
0 0.261474609375 0.0945281982421875 0.01678466796875 0.0852203369140625
0 0.461181640625 0.089569091796875 0.0156707763671875 0.0943756103515625
0 0.036895751953125 0.2197265625 0.024383544921875 0.1082611083984375
0 0.66796875 0.215606689453125 0.0243377685546875 0.1277923583984375
0 0.71142578125 0.22796630859375 0.020172119140625 0.09490966796875
0 0.275634765625 0.2288818359375 0.0232391357421875 0.1120758056640625
0 0.17626953125 0.24383544921875 0.0194549560546875 0.0914764404296875
0 0.80859375 0.191192626953125 0.0185089111328125 0.11444091796875
0 0.55810546875 0.04779815673828125 0.0142822265625 0.0995635986328125
0 0.472412109375 0.22796630859375 0.0211639404296875 0.121917724609375
0 0.65771484375 0.05664825439453125 0.015960693359375 0.1171112060546875
0 0.83544921875 0.0980377197265625 0.0174407958984375 0.0980377197265625
0 0.97021484375 0.1235198974609375 0.0217437744140625 0.11077880859375
0 0.33056640625 0.06561279296875 0.017852783203125 0.104827880859375
0 0.06878662109375 0.133819580078125 0.018402099609375 0.087890625
0 0.5283203125 0.299835205078125 0.0252685546875 0.13275146484375
0 0.90966796875 0.20660400390625 0.01953125 0.07450103759765625
0 0.434814453125 0.281219482421875 0.0229339599609375 0.116424560546875
0 0.845703125 0.232696533203125 0.02655029296875 0.1184844970703125
0 0.6298828125 0.3076171875 0.0279541015625 0.1416778564453125
0 0.1461181640625 0.28533935546875 0.022247314453125 0.1082611083984375
0 0.52490234375 0.093231201171875 0.01450347900390625 0.149078369140625
0 0.03948974609375 0.04985809326171875 0.017578125 0.08392333984375
0 0.1328125 0.1216888427734375 0.017181396484375 0.0872039794921875
0 0.9404296875 0.0774383544921875 0.017303466796875 0.0626373291015625
0 0.73681640625 0.108489990234375 0.0201416015625 0.0658416748046875
0 0.033599853515625 0.7476806640625 0.037322998046875 0.186309814453125