0 0.94873046875 0.232696533203125 0.022979736328125 0.1131439208984375
0 0.5380859375 0.29327392578125 0.02337646484375 0.1161956787109375
0 0.147705078125 0.28533935546875 0.0219879150390625 0.1038360595703125
0 0.72021484375 0.29937744140625 0.02001953125 0.0958251953125
0 0.76904296875 0.0913238525390625 0.01934814453125 0.0849151611328125
0 0.1368408203125 0.0714111328125 0.0188751220703125 0.08758544921875
0 0.0567626953125 0.286407470703125 0.023651123046875 0.1120758056640625
0 0.66748046875 0.1142120361328125 0.018402099609375 0.0914764404296875
0 0.83984375 0.103607177734375 0.01953125 0.080108642578125
0 0.63330078125 0.066375732421875 0.021240234375 0.103607177734375
0 0.030853271484375 0.070037841796875 0.02001953125 0.11016845703125
0 0.232666015625 0.28228759765625 0.0257568359375 0.1422119140625
0 0.35498046875 0.280609130859375 0.025665283203125 0.1007080078125
0 0.313720703125 0.2520751953125 0.021942138671875 0.1055908203125
0 0.9326171875 0.062408447265625 0.0208892822265625 0.1039886474609375
0 0.5732421875 0.25634765625 0.0196380615234375 0.1003265380859375
0 0.43017578125 0.11016845703125 0.016021728515625 0.1004791259765625
0 0.84228515625 0.251617431640625 0.0236968994140625 0.107879638671875
0 0.5322265625 0.1105499267578125 0.0177764892578125 0.0823211669921875
0 0.2232666015625 0.1123046875 0.0212860107421875 0.1038360595703125
0 0.73291015625 0.0936126708984375 0.0203704833984375 0.0962066650390625
0 0.4755859375 0.229339599609375 0.020721435546875 0.107421875
0 0.335205078125 0.1136016845703125 0.0182952880859375 0.0925445556640625
0 0.110107421875 0.207366943359375 0.0222015380859375 0.1088714599609375
0 0.456787109375 0.0628662109375 0.018829345703125 0.10223388671875
0 0.96728515625 0.116424560546875 0.020416259765625 0.089569091796875
0 0.8701171875 0.0988006591796875 0.01861572265625 0.085906982421875
0 0.258056640625 0.08819580078125 0.0141754150390625 0.106658935546875
0 0.60986328125 0.218048095703125 0.0200653076171875 0.1125335693359375
0 0.01363372802734375 0.238037109375 0.0222015380859375 0.1190948486328125
0 0.03448486328125 0.7470703125 0.03302001953125 0.1708984375