0 0.308837890625 0.20233154296875 0.0197601318359375 0.091705322265625
0 0.73291015625 0.07801055908203125 0.0212860107421875 0.1064300537109375
0 0.83544921875 0.0605010986328125 0.01751708984375 0.0921630859375
0 0.669921875 0.0855255126953125 0.0208892822265625 0.1045989990234375
0 0.96044921875 0.05306243896484375 0.017578125 0.09063720703125
0 0.06756591796875 0.0954437255859375 0.0203704833984375 0.095062255859375
0 0.9296875 0.1068115234375 0.01812744140625 0.1045989990234375
0 0.339111328125 0.078887939453125 0.0185394287109375 0.09857177734375
0 0.137939453125 0.04779815673828125 0.018096923828125 0.0826263427734375
0 0.93701171875 0.309906005859375 0.0206451416015625 0.1093292236328125
0 0.2078857421875 0.170440673828125 0.0171051025390625 0.0943756103515625
0 0.10894775390625 0.1654052734375 0.019866943359375 0.1064300537109375
0 0.140380859375 0.259246826171875 0.021331787109375 0.1045989990234375
0 0.46142578125 0.250701904296875 0.0197906494140625 0.1003265380859375
0 0.5283203125 0.1355743408203125 0.0234222412109375 0.1070404052734375
0 0.370849609375 0.1413726806640625 0.0217437744140625 0.0638580322265625
0 0.235595703125 0.260162353515625 0.0165252685546875 0.079803466796875
0 0.24169921875 0.0872039794921875 0.0169830322265625 0.06191253662109375
0 0.869140625 0.119781494140625 0.0193023681640625 0.0899505615234375
0 0.466796875 0.0708770751953125 0.02191162109375 0.1110076904296875
0 0.634765625 0.0722503662109375 0.0192413330078125 0.089263916015625
0 0.767578125 0.1093292236328125 0.0184326171875 0.09185791015625
0 0.55908203125 0.2276611328125 0.019683837890625 0.1403045654296875
0 0.040374755859375 0.09307861328125 0.0180511474609375 0.08392333984375
0 0.420654296875 0.28961181640625 0.0211181640625 0.104827880859375
0 0.560546875 0.055599212646484375 0.0177154541015625 0.11119842529296875
0 0.65380859375 0.29388427734375 0.0217742919921875 0.0943756103515625
0 0.71533203125 0.233612060546875 0.021575927734375 0.1114654541015625
0 0.03314208984375 0.7208251953125 0.042388916015625 0.263519287109375
0 0.84912109375 0.24749755859375 0.02532958984375 0.11383056640625
0 0.03604203294552461 0.20431854796877666 0.022902964079095908 0.10487146709901815