0 0.732421875 0.06168365478515625 0.0224151611328125 0.104217529296875
0 0.95458984375 0.2484130859375 0.02752685546875 0.1202392578125
0 0.060638427734375 0.0628662109375 0.0225830078125 0.102996826171875
0 0.1708984375 0.20538330078125 0.024932861328125 0.1239776611328125
0 0.240234375 0.27099609375 0.0197601318359375 0.0804901123046875
0 0.478271484375 0.236663818359375 0.023101806640625 0.109710693359375
0 0.0306243896484375 0.1320648193359375 0.0192413330078125 0.089263916015625
0 0.43310546875 0.12115478515625 0.017913818359375 0.084228515625
0 0.20947265625 0.179443359375 0.01983642578125 0.105438232421875
0 0.7490234375 0.24200439453125 0.0247039794921875 0.1126861572265625
0 0.552734375 0.28594970703125 0.024383544921875 0.1131439208984375
0 0.85986328125 0.287933349609375 0.02532958984375 0.1099395751953125
0 0.356201171875 0.250701904296875 0.0217437744140625 0.115966796875
0 0.15673828125 0.086517333984375 0.0202178955078125 0.106658935546875
0 0.23974609375 0.0722503662109375 0.01751708984375 0.0911712646484375
0 0.861328125 0.06816864013671875 0.0230712890625 0.1114654541015625
0 0.367919921875 0.106658935546875 0.0193023681640625 0.085906982421875
0 0.5126953125 0.24200439453125 0.020599365234375 0.1003265380859375
0 0.93408203125 0.106658935546875 0.0203704833984375 0.0926971435546875
0 0.0328369140625 0.280609130859375 0.0234222412109375 0.11383056640625
0 0.12322998046875 0.1200103759765625 0.022674560546875 0.1052093505859375
0 0.8173828125 0.250244140625 0.0240478515625 0.119781494140625
0 0.45947265625 0.1018524169921875 0.01812744140625 0.097503662109375
0 0.3154296875 0.24749755859375 0.0257568359375 0.12237548828125
0 0.6435546875 0.2606201171875 0.0205230712890625 0.0965118408203125
0 0.60888671875 0.1971435546875 0.0190887451171875 0.109710693359375
0 0.91357421875 0.234527587890625 0.023773193359375 0.108489990234375
0 0.712890625 0.2630615234375 0.0232391357421875 0.115966796875
0 0.63916015625 0.097503662109375 0.0182952880859375 0.085906982421875
0 0.036224365234375 0.7666015625 0.033660888671875 0.17120361328125
0 0.56689453125 0.1239776611328125 0.01467132568359375 0.0997161865234375