0 0.66162109375 0.05245208740234375 0.02001953125 0.0934600830078125
0 0.265380859375 0.06923675537109375 0.020294189453125 0.09918212890625
0 0.765625 0.0577545166015625 0.0192718505859375 0.096893310546875
0 0.040771484375 0.1058197021484375 0.01837158203125 0.079803466796875
0 0.52783203125 0.1010894775390625 0.02191162109375 0.11383056640625
0 0.441162109375 0.236663818359375 0.021942138671875 0.124969482421875
0 0.31201171875 0.22979736328125 0.0243377685546875 0.117340087890625
0 0.5693359375 0.26458740234375 0.0214080810546875 0.111236572265625
0 0.6279296875 0.274505615234375 0.027008056640625 0.12664794921875
0 0.9599609375 0.0911712646484375 0.017913818359375 0.0872039794921875
0 0.330810546875 0.073089599609375 0.022674560546875 0.1045989990234375
0 0.8447265625 0.22979736328125 0.0243377685546875 0.1180267333984375
0 0.46923828125 0.135040283203125 0.01953125 0.097808837890625
0 0.86767578125 0.1161956787109375 0.021331787109375 0.094146728515625
0 0.55859375 0.05558013916015625 0.0229339599609375 0.102996826171875
0 0.2288818359375 0.283203125 0.0230255126953125 0.1093292236328125
0 0.0411376953125 0.245208740234375 0.0240936279296875 0.100860595703125
0 0.9306640625 0.107269287109375 0.0185394287109375 0.093841552734375
0 0.1326904296875 0.1204681396484375 0.0177154541015625 0.092926025390625
0 0.9375 0.287933349609375 0.025909423828125 0.1235198974609375
0 0.1397705078125 0.31982421875 0.021575927734375 0.0868988037109375
0 0.76025390625 0.252532958984375 0.0252227783203125 0.128326416015625
0 0.439208984375 0.0695037841796875 0.020294189453125 0.099945068359375
0 0.63037109375 0.13763427734375 0.0225372314453125 0.1105499267578125
0 0.810546875 0.210113525390625 0.0225830078125 0.124969482421875
0 0.36669921875 0.1088714599609375 0.02044677734375 0.089263916015625
0 0.7314453125 0.118865966796875 0.0211181640625 0.096893310546875
0 0.162353515625 0.06870269775390625 0.018646240234375 0.0902557373046875
0 0.0703125 0.0955963134765625 0.01953125 0.087890625
0 0.03204345703125 0.7415771484375 0.0374755859375 0.194854736328125
0 0.268798828125 0.2801513671875 0.0177154541015625 0.0826263427734375