0 0.263671875 0.24566650390625 0.029205322265625 0.13427734375
0 0.359130859375 0.25634765625 0.024932861328125 0.1268768310546875
0 0.8369140625 0.07114410400390625 0.018829345703125 0.1004791259765625
0 0.45703125 0.05123138427734375 0.02215576171875 0.10223388671875
0 0.93701171875 0.0872039794921875 0.0199432373046875 0.1004791259765625
0 0.46728515625 0.21728515625 0.0256195068359375 0.124664306640625
0 0.9501953125 0.272979736328125 0.021942138671875 0.11077880859375
0 0.65771484375 0.24017333984375 0.029754638671875 0.13153076171875
0 0.5302734375 0.2740478515625 0.0221099853515625 0.117340087890625
0 0.1285400390625 0.0765228271484375 0.0241851806640625 0.1082611083984375
0 0.91259765625 0.250701904296875 0.0197906494140625 0.0962066650390625
0 0.8505859375 0.28533935546875 0.020721435546875 0.102081298828125
0 0.73046875 0.06214141845703125 0.0200958251953125 0.0965118408203125
0 0.0328369140625 0.052642822265625 0.0230712890625 0.0958251953125
0 0.22802734375 0.078887939453125 0.020965576171875 0.099945068359375
0 0.87060546875 0.0913238525390625 0.01953125 0.103607177734375
0 0.62548828125 0.0804901123046875 0.025909423828125 0.1300048828125
0 0.318115234375 0.250701904296875 0.0231475830078125 0.111846923828125
0 0.568359375 0.229339599609375 0.024993896484375 0.1186370849609375
0 0.66259765625 0.0943756103515625 0.02056884765625 0.1052093505859375
0 0.366455078125 0.103607177734375 0.0204925537109375 0.091705322265625
0 0.01094818115234375 0.238037109375 0.0224609375 0.113372802734375
0 0.767578125 0.10284423828125 0.0190582275390625 0.09765625
0 0.5625 0.0962066650390625 0.0207977294921875 0.0997161865234375
0 0.7138671875 0.233154296875 0.024749755859375 0.1277923583984375
0 0.1644287109375 0.0958251953125 0.019561767578125 0.0988006591796875
0 0.262939453125 0.098419189453125 0.020294189453125 0.1026153564453125
0 0.159423828125 0.240631103515625 0.0287628173828125 0.1263427734375
0 0.06817626953125 0.06870269775390625 0.0200653076171875 0.097503662109375
0 0.03662109375 0.74951171875 0.038604736328125 0.198974609375
0 0.43408203125 0.29327392578125 0.0247039794921875 0.11688232421875