0 0.14453125 0.309906005859375 0.020599365234375 0.100860595703125
0 0.54638671875 0.279083251953125 0.018585205078125 0.097808837890625
0 0.64404296875 0.298309326171875 0.0225372314453125 0.09765625
0 0.45263671875 0.2874755859375 0.02288818359375 0.1120758056640625
0 0.76953125 0.146026611328125 0.0182952880859375 0.08331298828125
0 0.35595703125 0.232696533203125 0.0252227783203125 0.116424560546875
0 0.708984375 0.153656005859375 0.0167236328125 0.099945068359375
0 0.2330322265625 0.27099609375 0.02508544921875 0.1226043701171875
0 0.433837890625 0.06977081298828125 0.0199432373046875 0.1038360595703125
0 0.06951904296875 0.133819580078125 0.0191650390625 0.090789794921875
0 0.363525390625 0.05664825439453125 0.0231475830078125 0.1105499267578125
0 0.9375 0.0646209716796875 0.0182952880859375 0.0914764404296875
0 0.318359375 0.286865234375 0.0206451416015625 0.127105712890625
0 0.271240234375 0.216064453125 0.02276611328125 0.1157379150390625
0 0.0101318359375 0.20965576171875 0.0203704833984375 0.106048583984375
0 0.912109375 0.235443115234375 0.019989013671875 0.09674072265625
0 0.5595703125 0.067138671875 0.01763916015625 0.0936126708984375
0 0.837890625 0.0502777099609375 0.0189056396484375 0.086212158203125
0 0.6728515625 0.1849365234375 0.022247314453125 0.118865966796875
0 0.177978515625 0.211944580078125 0.0215301513671875 0.09918212890625
0 0.04779052734375 0.2587890625 0.0242767333984375 0.102996826171875
0 0.7412109375 0.06435394287109375 0.018829345703125 0.09918212890625
0 0.6259765625 0.1099395751953125 0.01395416259765625 0.1068115234375
0 0.86865234375 0.089569091796875 0.0207977294921875 0.1003265380859375
0 0.97021484375 0.097503662109375 0.019561767578125 0.1010894775390625
0 0.46923828125 0.0771331787109375 0.0190887451171875 0.0955963134765625
0 0.26123046875 0.089569091796875 0.0169219970703125 0.0963592529296875
0 0.53173828125 0.1531219482421875 0.01751708984375 0.085906982421875
0 0.132568359375 0.1202392578125 0.017181396484375 0.084228515625
0 0.033660888671875 0.74951171875 0.0321044921875 0.190582275390625
0 0.84228515625 0.2630615234375 0.02203369140625 0.107269287109375