0 0.361572265625 0.2911376953125 0.0189361572265625 0.0885772705078125
0 0.9716796875 0.10223388671875 0.017913818359375 0.0988006591796875
0 0.032958984375 0.05283355712890625 0.02056884765625 0.08819580078125
0 0.109130859375 0.177459716796875 0.0197906494140625 0.10223388671875
0 0.333984375 0.0988006591796875 0.0199432373046875 0.1129150390625
0 0.63330078125 0.113372802734375 0.01953125 0.0971221923828125
0 0.732421875 0.06313323974609375 0.023468017578125 0.103607177734375
0 0.7685546875 0.11016845703125 0.0186920166015625 0.09063720703125
0 0.468505859375 0.119781494140625 0.0199127197265625 0.090789794921875
0 0.04681396484375 0.240631103515625 0.0256195068359375 0.1261138916015625
0 0.41015625 0.1959228515625 0.0229339599609375 0.1190948486328125
0 0.1395263671875 0.06610870361328125 0.0217742919921875 0.0852203369140625
0 0.6591796875 0.249786376953125 0.0230712890625 0.111236572265625
0 0.8720703125 0.254058837890625 0.0229339599609375 0.107879638671875
0 0.4443359375 0.233154296875 0.0225372314453125 0.1151275634765625
0 0.265869140625 0.07625579833984375 0.017852783203125 0.092926025390625
0 0.368408203125 0.07801055908203125 0.0206451416015625 0.0807952880859375
0 0.5576171875 0.27862548828125 0.0196075439453125 0.113983154296875
0 0.7109375 0.21881103515625 0.0226287841796875 0.111236572265625
0 0.5283203125 0.0771331787109375 0.0232391357421875 0.124664306640625
0 0.90966796875 0.20843505859375 0.0196380615234375 0.1116180419921875
0 0.56298828125 0.05306243896484375 0.0190887451171875 0.0980377197265625
0 0.229736328125 0.3192138671875 0.0222930908203125 0.0980377197265625
0 0.06793212890625 0.11383056640625 0.019866943359375 0.0955963134765625
0 0.032470703125 0.755615234375 0.0297088623046875 0.159912109375
0 0.2325439453125 0.10955810546875 0.0225067138671875 0.0902557373046875
0 0.93896484375 0.11016845703125 0.0191650390625 0.0868988037109375
0 0.82958984375 0.109710693359375 0.0208892822265625 0.1099395751953125
0 0.61572265625 0.257720947265625 0.0214080810546875 0.12664794921875
0 0.14223946112280617 0.2778491168542951 0.02217971258186131 0.11451482039547954
0 0.8370430661328526 0.27905453601635277 0.024108383241153546 0.12174733536782562