0 0.939453125 0.06740570068359375 0.0185394287109375 0.0807952880859375
0 0.2314453125 0.309906005859375 0.02337646484375 0.10284423828125
0 0.75830078125 0.05245208740234375 0.0211639404296875 0.1055908203125
0 0.0345458984375 0.7525634765625 0.0196075439453125 0.18768310546875
0 0.5400390625 0.27252197265625 0.0235595703125 0.0965118408203125
0 0.83349609375 0.1340484619140625 0.017181396484375 0.0872039794921875
0 0.2271728515625 0.1003265380859375 0.021209716796875 0.0963592529296875
0 0.57568359375 0.21240234375 0.022979736328125 0.1186370849609375
0 0.7392578125 0.3094482421875 0.01666259765625 0.1325225830078125
0 0.72802734375 0.1007080078125 0.020294189453125 0.097808837890625
0 0.63623046875 0.246124267578125 0.021453857421875 0.1082611083984375
0 0.06878662109375 0.078887939453125 0.016845703125 0.0852203369140625
0 0.135986328125 0.2008056640625 0.022979736328125 0.1007080078125
0 0.369873046875 0.125885009765625 0.0191650390625 0.0888824462890625
0 0.857421875 0.09307861328125 0.0154876708984375 0.07770538330078125
0 0.337158203125 0.06313323974609375 0.019561767578125 0.094146728515625
0 0.4345703125 0.08758544921875 0.0173797607421875 0.0823211669921875
0 0.14111328125 0.0936126708984375 0.018585205078125 0.084228515625
0 0.61083984375 0.207672119140625 0.0171051025390625 0.0823211669921875
0 0.8798828125 0.214080810546875 0.020599365234375 0.086212158203125
0 0.97021484375 0.103607177734375 0.02288818359375 0.0820159912109375
0 0.26904296875 0.22674560546875 0.0224151611328125 0.1381683349609375
0 0.0224151611328125 0.300445556640625 0.0222930908203125 0.087890625
0 0.45361328125 0.266571044921875 0.024383544921875 0.107421875
0 0.53173828125 0.145416259765625 0.0154876708984375 0.09765625
0 0.94384765625 0.279083251953125 0.01971435546875 0.0914764404296875
0 0.16845703125 0.0989532470703125 0.0190582275390625 0.0923919677734375
0 0.06268310546875 0.260162353515625 0.0247955322265625 0.1116180419921875
0 0.66943359375 0.1273345947265625 0.0205230712890625 0.0722503662109375
0 0.309326171875 0.18768310546875 0.021453857421875 0.0971221923828125
0 0.416015625 0.27862548828125 0.0189056396484375 0.0708770751953125