0 0.7744140625 0.2484130859375 0.018157958984375 0.0981903076171875
0 0.336669921875 0.059814453125 0.0194244384765625 0.09063720703125
0 0.96826171875 0.13763427734375 0.0177764892578125 0.0820159912109375
0 0.12188720703125 0.261688232421875 0.025177001953125 0.1087188720703125
0 0.3701171875 0.089569091796875 0.021575927734375 0.0995635986328125
0 0.7314453125 0.11016845703125 0.0184326171875 0.0868988037109375
0 0.2398681640625 0.25726318359375 0.021087646484375 0.092926025390625
0 0.9091796875 0.15167236328125 0.0201416015625 0.1012420654296875
0 0.034027099609375 0.1332855224609375 0.0180511474609375 0.08819580078125
0 0.080078125 0.219268798828125 0.01861572265625 0.0921630859375
0 0.346923828125 0.27801513671875 0.0205230712890625 0.089263916015625
0 0.44970703125 0.2911376953125 0.0224609375 0.0965118408203125
0 0.9404296875 0.05123138427734375 0.0177154541015625 0.0849151611328125
0 0.56640625 0.10009765625 0.018341064453125 0.0852203369140625
0 0.6298828125 0.05733489990234375 0.018829345703125 0.0963592529296875
0 0.1649169921875 0.091705322265625 0.0189056396484375 0.087890625
0 0.23876953125 0.04909515380859375 0.0182952880859375 0.0823211669921875
0 0.53271484375 0.0888824462890625 0.018829345703125 0.09490966796875
0 0.059417724609375 0.09857177734375 0.0154266357421875 0.0722503662109375
0 0.64990234375 0.246124267578125 0.02532958984375 0.1320648193359375
0 0.830078125 0.145416259765625 0.01861572265625 0.08758544921875
0 0.4716796875 0.1007080078125 0.0169219970703125 0.0817108154296875
0 0.208984375 0.16326904296875 0.01983642578125 0.1110076904296875
0 0.1298828125 0.08758544921875 0.0222015380859375 0.1081085205078125
0 0.66650390625 0.098419189453125 0.0192413330078125 0.085906982421875
0 0.74072265625 0.28961181640625 0.0251312255859375 0.1125335693359375
0 0.5224609375 0.27252197265625 0.02386474609375 0.1261138916015625
0 0.857421875 0.04634857177734375 0.0169830322265625 0.0855255126953125
0 0.8388671875 0.2764892578125 0.025909423828125 0.123748779296875
0 0.437255859375 0.0885772705078125 0.0191650390625 0.08758544921875
0 0.0333251953125 0.7470703125 0.03277587890625 0.15838623046875