0 0.52880859375 0.0997161865234375 0.02069091796875 0.1039886474609375
0 0.81103515625 0.2008056640625 0.0223236083984375 0.1010894775390625
0 0.03839111328125 0.251617431640625 0.0216217041015625 0.090789794921875
0 0.927734375 0.281219482421875 0.02484130859375 0.1131439208984375
0 0.83837890625 0.2276611328125 0.0223236083984375 0.1116180419921875
0 0.11065673828125 0.218505859375 0.0200653076171875 0.0988006591796875
0 0.96533203125 0.0963592529296875 0.018646240234375 0.0902557373046875
0 0.55810546875 0.0496673583984375 0.0179901123046875 0.09063720703125
0 0.841796875 0.0591278076171875 0.017242431640625 0.080108642578125
0 0.9677734375 0.24566650390625 0.0202178955078125 0.0995635986328125
0 0.2269287109375 0.302581787109375 0.0247039794921875 0.1126861572265625
0 0.73583984375 0.0872039794921875 0.0185394287109375 0.0955963134765625
0 0.33056640625 0.0826263427734375 0.0218658447265625 0.115966796875
0 0.65234375 0.274505615234375 0.0236053466796875 0.0901031494140625
0 0.6708984375 0.1070404052734375 0.0174407958984375 0.0888824462890625
0 0.1387939453125 0.06816864013671875 0.0226287841796875 0.08819580078125
0 0.318603515625 0.251617431640625 0.02191162109375 0.1216888427734375
0 0.77197265625 0.102996826171875 0.0141754150390625 0.1044464111328125
0 0.4375 0.2484130859375 0.02191162109375 0.0846099853515625
0 0.470947265625 0.1313018798828125 0.015838623046875 0.078582763671875
0 0.75146484375 0.301513671875 0.0190887451171875 0.0899505615234375
0 0.2271728515625 0.0958251953125 0.0255584716796875 0.096893310546875
0 0.170654296875 0.0943756103515625 0.019195556640625 0.0814056396484375
0 0.010009765625 0.15899658203125 0.019500732421875 0.1116180419921875
0 0.039703369140625 0.05146026611328125 0.0177764892578125 0.0846099853515625
0 0.36474609375 0.103607177734375 0.0196380615234375 0.092010498046875
0 0.63623046875 0.114898681640625 0.0186920166015625 0.07537841796875
0 0.26123046875 0.05390167236328125 0.0190887451171875 0.10223388671875
0 0.44140625 0.107879638671875 0.0182647705078125 0.06610870361328125
0 0.0321044921875 0.7562255859375 0.038543701171875 0.178680419921875
0 0.537591542664823 0.3157191261884709 0.018405131228083623 0.11424159710350423