0 0.310305 0.2394 0.019945 0.1085
0 0.24524 0.2597 0.025665 0.115975
0 0.5273450000000001 0.281225 0.02571 0.121375
0 0.737305 0.305475 0.024885 0.12564999999999998
0 0.345215 0.26215 0.017715 0.09362500000000001
0 0.6293949999999999 0.11825 0.01758 0.11862500000000001
0 0.61963 0.266575 0.029755 0.1525
0 0.37085 0.118025 0.020765000000000002 0.10247500000000001
0 0.6606449999999999 0.23055 0.024385 0.12710000000000002
0 0.754885 0.059125 0.019350000000000003 0.098575
0 0.27124000000000004 0.0965 0.018725000000000002 0.086525
0 0.83301 0.114675 0.018935 0.09727499999999999
0 0.44922 0.28015 0.021165 0.10285
0 0.01142 0.21285 0.02284 0.086525
0 0.81836 0.25635 0.021865 0.1001
0 0.15869 0.287475 0.021455 0.10032500000000001
0 0.46948 0.1104 0.02092 0.111225
0 0.72412 0.104225 0.019864999999999997 0.102225
0 0.23779499999999998 0.09995 0.018645 0.098425
0 0.976565 0.2214 0.018690000000000002 0.099175
0 0.117555 0.2626 0.02533 0.11779999999999999
0 0.070315 0.09255000000000001 0.018875 0.0969
0 0.56543 0.063125 0.01834 0.094675
0 0.412355 0.2568 0.022109999999999998 0.06715
0 0.13440000000000002 0.0862 0.019835000000000002 0.08789999999999999
0 0.932615 0.1519 0.016985 0.082925
0 0.03781 0.10505 0.0193 0.07625
0 0.53174 0.13 0.018935 0.09362500000000001
0 0.86719 0.077125 0.021775 0.107275
0 0.03418 0.7507250000000001 0.03705 0.10545
0 0.943 0.294725 0.025795000000000002 0.1121