0 0.669921875 0.091705322265625 0.018768310546875 0.0943756103515625
0 0.5634765625 0.0902557373046875 0.021697998046875 0.10284423828125
0 0.6435546875 0.235443115234375 0.0240936279296875 0.1216888427734375
0 0.875 0.2008056640625 0.023193359375 0.111236572265625
0 0.45458984375 0.242919921875 0.0276947021484375 0.127105712890625
0 0.560546875 0.236663818359375 0.0296478271484375 0.1273345947265625
0 0.033477783203125 0.1202392578125 0.0214080810546875 0.089569091796875
0 0.22119140625 0.259246826171875 0.0230712890625 0.1082611083984375
0 0.3359375 0.107421875 0.0174407958984375 0.092926025390625
0 0.417236328125 0.28228759765625 0.0258026123046875 0.1180267333984375
0 0.137939453125 0.0638580322265625 0.0209197998046875 0.1058197021484375
0 0.2310791015625 0.086517333984375 0.0210113525390625 0.11077880859375
0 0.1444091796875 0.277099609375 0.02191162109375 0.0945281982421875
0 0.036834716796875 0.3204345703125 0.0236053466796875 0.0972747802734375
0 0.10992431640625 0.18798828125 0.019989013671875 0.10009765625
0 0.72119140625 0.2801513671875 0.023468017578125 0.1018524169921875
0 0.06396484375 0.06977081298828125 0.0169830322265625 0.086212158203125
0 0.265380859375 0.0995635986328125 0.0187225341796875 0.091705322265625
0 0.638671875 0.09674072265625 0.017181396484375 0.0885772705078125
0 0.931640625 0.277099609375 0.0272674560546875 0.129547119140625
0 0.370361328125 0.0868988037109375 0.0200653076171875 0.096893310546875
0 0.9296875 0.14007568359375 0.0202178955078125 0.0980377197265625
0 0.4638671875 0.06511688232421875 0.023773193359375 0.1032257080078125
0 0.313232421875 0.233612060546875 0.0202484130859375 0.1016998291015625
0 0.85693359375 0.05283355712890625 0.019561767578125 0.086212158203125
0 0.9599609375 0.05390167236328125 0.0187225341796875 0.095062255859375
0 0.76123046875 0.27557373046875 0.0264129638671875 0.124969482421875
0 0.830078125 0.1525115966796875 0.0192413330078125 0.0954437255859375
0 0.76708984375 0.1105499267578125 0.019683837890625 0.095977783203125
0 0.5185546875 0.261688232421875 0.0263519287109375 0.127105712890625
0 0.03314208984375 0.75439453125 0.037384033203125 0.19195556640625