0 0.96435546875 0.230560302734375 0.0305633544921875 0.13458251953125
0 0.81005859375 0.21240234375 0.019195556640625 0.107269287109375
0 0.8486328125 0.284271240234375 0.02069091796875 0.1012420654296875
0 0.010650634765625 0.247039794921875 0.01763916015625 0.105438232421875
0 0.137451171875 0.299835205078125 0.0202484130859375 0.0971221923828125
0 0.47607421875 0.194854736328125 0.020416259765625 0.0971221923828125
0 0.76806640625 0.13763427734375 0.018829345703125 0.08758544921875
0 0.3310546875 0.1239776611328125 0.018585205078125 0.092926025390625
0 0.86962890625 0.0945281982421875 0.0224609375 0.1082611083984375
0 0.17431640625 0.245208740234375 0.022369384765625 0.1171112060546875
0 0.6689453125 0.1039886474609375 0.01898193359375 0.0981903076171875
0 0.63720703125 0.210113525390625 0.02191162109375 0.107879638671875
0 0.60986328125 0.191650390625 0.0177764892578125 0.09307861328125
0 0.36669921875 0.23712158203125 0.021820068359375 0.111846923828125
0 0.92724609375 0.13153076171875 0.021453857421875 0.1087188720703125
0 0.509765625 0.211181640625 0.018646240234375 0.0923919677734375
0 0.325439453125 0.2764892578125 0.02630615234375 0.1300048828125
0 0.279052734375 0.20050048828125 0.0192718505859375 0.1038360595703125
0 0.5400390625 0.0820159912109375 0.01433563232421875 0.079498291015625
0 0.73974609375 0.04856109619140625 0.017303466796875 0.0817108154296875
0 0.046630859375 0.25970458984375 0.0225372314453125 0.1093292236328125
0 0.9272460937499999 0.27144671891800026 0.024398753363177886 0.14286685881983602
0 0.24560546875 0.3076171875 0.021575927734375 0.09765625
0 0.1617431640625 0.0965118408203125 0.0163421630859375 0.0855255126953125
0 0.03704833984375 0.08392333984375 0.020172119140625 0.10284423828125
0 0.537109375 0.245208740234375 0.0190887451171875 0.0926971435546875
0 0.70849609375 0.14404296875 0.018096923828125 0.10223388671875
0 0.033538818359375 0.75927734375 0.04046630859375 0.20263671875
0 0.457275390625 0.0600433349609375 0.01763916015625 0.0852203369140625
0 0.2587890625 0.0600433349609375 0.015716552734375 0.0814056396484375
0 0.43212890625 0.1519012451171875 0.0169830322265625 0.09063720703125