0 0.91162109375 0.220947265625 0.02215576171875 0.106048583984375
0 0.96875 0.0817108154296875 0.0208892822265625 0.10284423828125
0 0.1412353515625 0.0958251953125 0.019012451171875 0.089263916015625
0 0.0374755859375 0.096893310546875 0.01763916015625 0.08819580078125
0 0.4541015625 0.0981903076171875 0.0211181640625 0.0988006591796875
0 0.5712890625 0.096893310546875 0.0210418701171875 0.1016998291015625
0 0.10968017578125 0.15960693359375 0.020599365234375 0.1055908203125
0 0.23779296875 0.107421875 0.01763916015625 0.10284423828125
0 0.07122802734375 0.0899505615234375 0.0184783935546875 0.0902557373046875
0 0.314697265625 0.249786376953125 0.0323486328125 0.170440673828125
0 0.7314453125 0.118865966796875 0.019378662109375 0.101470947265625
0 0.2113037109375 0.222625732421875 0.0218658447265625 0.0872039794921875
0 0.54296875 0.2734375 0.0211181640625 0.0855255126953125
0 0.169189453125 0.0945281982421875 0.018096923828125 0.08331298828125
0 0.95166015625 0.284271240234375 0.0211181640625 0.1012420654296875
0 0.74560546875 0.274505615234375 0.0224609375 0.0902557373046875
0 0.01036834716796875 0.204620361328125 0.0212860107421875 0.11688232421875
0 0.25 0.269012451171875 0.023956298828125 0.1126861572265625
0 0.53955078125 0.0695037841796875 0.020416259765625 0.0988006591796875
0 0.8701171875 0.1038360595703125 0.020843505859375 0.1058197021484375
0 0.364501953125 0.09185791015625 0.0211181640625 0.09063720703125
0 0.80859375 0.1502227783203125 0.0179901123046875 0.1012420654296875
0 0.3525390625 0.241546630859375 0.0248870849609375 0.1230621337890625
0 0.6103515625 0.191650390625 0.019989013671875 0.09490966796875
0 0.841796875 0.0958251953125 0.01953125 0.0826263427734375
0 0.43798828125 0.271453857421875 0.031982421875 0.104827880859375
0 0.66943359375 0.0943756103515625 0.0177154541015625 0.0971221923828125
0 0.640625 0.05664825439453125 0.020416259765625 0.0972747802734375
0 0.034759521484375 0.748291015625 0.039642333984375 0.198516845703125
0 0.426513671875 0.0997161865234375 0.0200653076171875 0.10009765625
0 0.75830078125 0.0926971435546875 0.0174407958984375 0.0823211669921875