0 0.11932373046875 0.269927978515625 0.02386474609375 0.107269287109375
0 0.7421875 0.295562744140625 0.0217742919921875 0.0958251953125
0 0.06890869140625 0.0925445556640625 0.020599365234375 0.098419189453125
0 0.31103515625 0.206146240234375 0.021575927734375 0.0852203369140625
0 0.338623046875 0.231475830078125 0.0221099853515625 0.1052093505859375
0 0.86669921875 0.27099609375 0.0209197998046875 0.10009765625
0 0.56982421875 0.1557159423828125 0.018157958984375 0.0605010986328125
0 0.429443359375 0.265960693359375 0.02447509765625 0.1235198974609375
0 0.6083984375 0.16204833984375 0.0184783935546875 0.1123046875
0 0.039276123046875 0.093231201171875 0.018341064453125 0.086517333984375
0 0.828125 0.270538330078125 0.0241851806640625 0.1110076904296875
0 0.732421875 0.148773193359375 0.01554107666015625 0.09063720703125
0 0.86376953125 0.06145477294921875 0.0189361572265625 0.1087188720703125
0 0.77783203125 0.24017333984375 0.0235137939453125 0.1184844970703125
0 0.428955078125 0.0988006591796875 0.021575927734375 0.099945068359375
0 0.2398681640625 0.25634765625 0.0228424072265625 0.106048583984375
0 0.462158203125 0.094146728515625 0.0192718505859375 0.092926025390625
0 0.93505859375 0.27801513671875 0.0262603759765625 0.11016845703125
0 0.66748046875 0.08392333984375 0.0189361572265625 0.0902557373046875
0 0.5087890625 0.178375244140625 0.019012451171875 0.06687164306640625
0 0.341064453125 0.0605010986328125 0.019378662109375 0.07450103759765625
0 0.00841522216796875 0.16265869140625 0.0174407958984375 0.1003265380859375
0 0.9287109375 0.1482391357421875 0.017242431640625 0.08819580078125
0 0.54052734375 0.0807952880859375 0.0153045654296875 0.0820159912109375
0 0.1328125 0.08331298828125 0.0188751220703125 0.0914764404296875
0 0.2379150390625 0.0489044189453125 0.018829345703125 0.08758544921875
0 0.97216796875 0.2081298828125 0.0187225341796875 0.132293701171875
0 0.1668701171875 0.108489990234375 0.0174407958984375 0.0926971435546875
0 0.6396484375 0.2606201171875 0.0206451416015625 0.1044464111328125
0 0.2088623046875 0.15899658203125 0.0187225341796875 0.109100341796875
0 0.03216552734375 0.7562255859375 0.0247039794921875 0.196380615234375