0 0.411376953125 0.21881103515625 0.0203704833984375 0.1088714599609375
0 0.66748046875 0.1120758056640625 0.018096923828125 0.0765228271484375
0 0.22119140625 0.295562744140625 0.02288818359375 0.1123046875
0 0.54638671875 0.2630615234375 0.02203369140625 0.0989532470703125
0 0.442626953125 0.256805419921875 0.0231475830078125 0.1195526123046875
0 0.93896484375 0.256805419921875 0.02337646484375 0.1010894775390625
0 0.37158203125 0.220947265625 0.021331787109375 0.108489990234375
0 0.6318359375 0.0934600830078125 0.0154266357421875 0.0872039794921875
0 0.471435546875 0.1116180419921875 0.018646240234375 0.09185791015625
0 0.57080078125 0.13763427734375 0.0186920166015625 0.0914764404296875
0 0.0330810546875 0.755615234375 0.038604736328125 0.1505279541015625
0 0.26123046875 0.25726318359375 0.0224609375 0.1105499267578125
0 0.7666015625 0.1052093505859375 0.01751708984375 0.0901031494140625
0 0.71826171875 0.256805419921875 0.0255584716796875 0.124664306640625
0 0.6201171875 0.274505615234375 0.023651123046875 0.1126861572265625
0 0.9677734375 0.091705322265625 0.0224609375 0.09765625
0 0.53662109375 0.0852203369140625 0.01934814453125 0.0836181640625
0 0.7578125 0.24658203125 0.0204925537109375 0.106201171875
0 0.33056640625 0.133819580078125 0.02069091796875 0.093841552734375
0 0.2325439453125 0.0888824462890625 0.020599365234375 0.099945068359375
0 0.04840087890625 0.244293212890625 0.022674560546875 0.1068115234375
0 0.85791015625 0.097503662109375 0.024383544921875 0.0820159912109375
0 0.11676025390625 0.254058837890625 0.0246124267578125 0.124969482421875
0 0.158203125 0.254058837890625 0.021942138671875 0.09765625
0 0.335205078125 0.2734375 0.026611328125 0.1275634765625
0 0.01094818115234375 0.2197265625 0.022247314453125 0.1216888427734375
0 0.06927490234375 0.119781494140625 0.01861572265625 0.0921630859375
0 0.134765625 0.1116180419921875 0.0180511474609375 0.086517333984375
0 0.82421875 0.099945068359375 0.0283355712890625 0.139007568359375
0 0.83056640625 0.259246826171875 0.02655029296875 0.132293701171875
0 0.90771484375 0.1513671875 0.017181396484375 0.1012420654296875