0 0.61181640625 0.232696533203125 0.0238189697265625 0.118255615234375
0 0.348388671875 0.2874755859375 0.0217742919921875 0.111236572265625
0 0.263427734375 0.255889892578125 0.0211639404296875 0.10345458984375
0 0.8583984375 0.05474090576171875 0.0218658447265625 0.1045989990234375
0 0.8701171875 0.25543212890625 0.023193359375 0.09857177734375
0 0.65478515625 0.276031494140625 0.0182342529296875 0.135345458984375
0 0.1424560546875 0.26123046875 0.0197601318359375 0.0868988037109375
0 0.5400390625 0.269927978515625 0.0191650390625 0.0972747802734375
0 0.451171875 0.246124267578125 0.0271148681640625 0.1251983642578125
0 0.02801513671875 0.147705078125 0.0230712890625 0.1244354248046875
0 0.06927490234375 0.203094482421875 0.0240478515625 0.1216888427734375
0 0.466796875 0.06336212158203125 0.0206451416015625 0.0962066650390625
0 0.2213134765625 0.269012451171875 0.02423095703125 0.1200103759765625
0 0.43408203125 0.1010894775390625 0.0197601318359375 0.0925445556640625
0 0.5107421875 0.168609619140625 0.02288818359375 0.1058197021484375
0 0.7744140625 0.220489501953125 0.0226287841796875 0.1177978515625
0 0.73779296875 0.31280517578125 0.0234222412109375 0.1093292236328125
0 0.9306640625 0.269927978515625 0.0212860107421875 0.1110076904296875
0 0.359130859375 0.06511688232421875 0.015899658203125 0.0836181640625
0 0.76025390625 0.0534820556640625 0.017181396484375 0.08819580078125
0 0.033203125 0.751953125 0.035888671875 0.191192626953125
0 0.6279296875 0.0684356689453125 0.023773193359375 0.102081298828125
0 0.54052734375 0.064849853515625 0.01763916015625 0.0823211669921875
0 0.9296875 0.098419189453125 0.021697998046875 0.1087188720703125
0 0.16943359375 0.1422119140625 0.015777587890625 0.078887939453125
0 0.1397705078125 0.078887939453125 0.0209197998046875 0.08392333984375
0 0.96142578125 0.09185791015625 0.018768310546875 0.09063720703125
0 0.82763671875 0.093841552734375 0.0225830078125 0.099334716796875
0 0.33251953125 0.153961181640625 0.017852783203125 0.0817108154296875
0 0.26724142822818747 0.10246062877490272 0.020492125754980578 0.10125520961284504
0 0.03411336228623232 0.2657949252337183 0.019045622760511336 0.14585571860897922