0 0.73974609375 0.05084991455078125 0.017242431640625 0.0811004638671875
0 0.5400390625 0.07537841796875 0.017303466796875 0.1038360595703125
0 0.427490234375 0.1263427734375 0.027740478515625 0.113372802734375
0 0.32958984375 0.135040283203125 0.019866943359375 0.0971221923828125
0 0.04376220703125 0.24932861328125 0.0223236083984375 0.108489990234375
0 0.4453125 0.28594970703125 0.0236968994140625 0.118255615234375
0 0.22900390625 0.07537841796875 0.02069091796875 0.0989532470703125
0 0.1319580078125 0.1273345947265625 0.0197601318359375 0.094146728515625
0 0.359619140625 0.05428314208984375 0.0225372314453125 0.10955810546875
0 0.2176513671875 0.260162353515625 0.0276336669921875 0.1403045654296875
0 0.76953125 0.1384735107421875 0.0190582275390625 0.0868988037109375
0 0.47314453125 0.18798828125 0.0201416015625 0.09765625
0 0.260498046875 0.2801513671875 0.02423095703125 0.12420654296875
0 0.166259765625 0.25634765625 0.02386474609375 0.1204681396484375
0 0.7373046875 0.216827392578125 0.023956298828125 0.123291015625
0 0.51025390625 0.186309814453125 0.021575927734375 0.0954437255859375
0 0.67041015625 0.20965576171875 0.0257110595703125 0.1177978515625
0 0.53857421875 0.2685546875 0.0189056396484375 0.0921630859375
0 0.0100555419921875 0.2276611328125 0.020172119140625 0.115966796875
0 0.9677734375 0.1209259033203125 0.0205230712890625 0.1038360595703125
0 0.0386962890625 0.06816864013671875 0.0196075439453125 0.097808837890625
0 0.81689453125 0.247955322265625 0.02276611328125 0.1153564453125
0 0.63232421875 0.279693603515625 0.0272674560546875 0.12542724609375
0 0.035064697265625 0.7464599609375 0.033966064453125 0.177001953125
0 0.66015625 0.09674072265625 0.020965576171875 0.113372802734375
0 0.125244140625 0.2801513671875 0.0211639404296875 0.11016845703125
0 0.95166015625 0.25634765625 0.02386474609375 0.10345458984375
0 0.8583984375 0.2520751953125 0.0258026123046875 0.116424560546875
0 0.93505859375 0.06977081298828125 0.019561767578125 0.097503662109375
0 0.86669921875 0.1044464111328125 0.0191650390625 0.0872039794921875
0 0.370849609375 0.223388671875 0.019012451171875 0.089263916015625