0 0.55322265625 0.2874755859375 0.025177001953125 0.1202392578125
0 0.65576171875 0.2655029296875 0.0235595703125 0.1161956787109375
0 0.2384033203125 0.25634765625 0.0201416015625 0.0989532470703125
0 0.76318359375 0.242462158203125 0.0258636474609375 0.1277923583984375
0 0.34033203125 0.100860595703125 0.0169219970703125 0.07770538330078125
0 0.859375 0.05687713623046875 0.0211181640625 0.09918212890625
0 0.9677734375 0.1064300537109375 0.01934814453125 0.0885772705078125
0 0.66845703125 0.11932373046875 0.019683837890625 0.107421875
0 0.369384765625 0.1305389404296875 0.0194549560546875 0.093994140625
0 0.12188720703125 0.267486572265625 0.0217742919921875 0.1003265380859375
0 0.8623046875 0.282745361328125 0.0237274169921875 0.1131439208984375
0 0.5107421875 0.226287841796875 0.0219879150390625 0.1251983642578125
0 0.3388671875 0.239715576171875 0.0227203369140625 0.1007080078125
0 0.41064453125 0.254974365234375 0.015777587890625 0.1131439208984375
0 0.72412109375 0.263519287109375 0.025177001953125 0.1230621337890625
0 0.93212890625 0.0823211669921875 0.0184326171875 0.09307861328125
0 0.26904296875 0.0936126708984375 0.0191650390625 0.090789794921875
0 0.82177734375 0.26702880859375 0.028167724609375 0.1277923583984375
0 0.16650390625 0.102996826171875 0.01812744140625 0.0888824462890625
0 0.76171875 0.0914764404296875 0.0197601318359375 0.0958251953125
0 0.434326171875 0.0902557373046875 0.0179901123046875 0.089569091796875
0 0.63525390625 0.0868988037109375 0.017303466796875 0.089569091796875
0 0.529296875 0.06561279296875 0.022369384765625 0.106048583984375
0 0.1326904296875 0.0946807861328125 0.021575927734375 0.1038360595703125
0 0.03216552734375 0.0783538818359375 0.018157958984375 0.0936126708984375
0 0.92041015625 0.26458740234375 0.026153564453125 0.121917724609375
0 0.2091064453125 0.15777587890625 0.0199127197265625 0.1123046875
0 0.468994140625 0.1180267333984375 0.0169830322265625 0.0820159912109375
0 0.059967041015625 0.257720947265625 0.02386474609375 0.11932373046875
0 0.0204925537109375 0.290679931640625 0.0224151611328125 0.107269287109375
0 0.0322265625 0.7464599609375 0.043121337890625 0.242919921875