0 0.71240234375 0.229339599609375 0.0203704833984375 0.1052093505859375
0 0.51220703125 0.22674560546875 0.021697998046875 0.1088714599609375
0 0.73681640625 0.086517333984375 0.022796630859375 0.103607177734375
0 0.83056640625 0.1166534423828125 0.0190887451171875 0.096893310546875
0 0.76953125 0.129547119140625 0.01934814453125 0.07770538330078125
0 0.66259765625 0.218505859375 0.0287017822265625 0.1363372802734375
0 0.86279296875 0.05664825439453125 0.0194244384765625 0.1116180419921875
0 0.626953125 0.3082275390625 0.027587890625 0.140533447265625
0 0.2347412109375 0.1088714599609375 0.0184783935546875 0.086212158203125
0 0.1656494140625 0.0626373291015625 0.0185089111328125 0.0988006591796875
0 0.461669921875 0.28961181640625 0.0211181640625 0.109710693359375
0 0.2548828125 0.25970458984375 0.022979736328125 0.1068115234375
0 0.43212890625 0.090789794921875 0.0214080810546875 0.1082611083984375
0 0.3466796875 0.288543701171875 0.0235595703125 0.111846923828125
0 0.310302734375 0.2081298828125 0.0202178955078125 0.10009765625
0 0.06927490234375 0.1052093505859375 0.0185089111328125 0.0826263427734375
0 0.371337890625 0.0988006591796875 0.0213623046875 0.10009765625
0 0.95361328125 0.240631103515625 0.025909423828125 0.117340087890625
0 0.86279296875 0.232391357421875 0.024749755859375 0.1202392578125
0 0.1561279296875 0.2801513671875 0.021697998046875 0.1116180419921875
0 0.037109375 0.22003173828125 0.0229339599609375 0.1088714599609375
0 0.26953125 0.092926025390625 0.02191162109375 0.104217529296875
0 0.96630859375 0.1016998291015625 0.020294189453125 0.098419189453125
0 0.420166015625 0.263519287109375 0.0233306884765625 0.1052093505859375
0 0.042633056640625 0.0995635986328125 0.0162811279296875 0.08392333984375
0 0.9111328125 0.227203369140625 0.021331787109375 0.11932373046875
0 0.1319580078125 0.070037841796875 0.0229339599609375 0.108489990234375
0 0.65869140625 0.04669189453125 0.019989013671875 0.0921630859375
0 0.55419921875 0.257720947265625 0.02655029296875 0.124969482421875
0 0.568359375 0.1142120361328125 0.018646240234375 0.089263916015625
0 0.0330810546875 0.748291015625 0.0283355712890625 0.164794921875