0 0.13037109375 0.1244354248046875 0.0209197998046875 0.1004791259765625
0 0.2088623046875 0.147705078125 0.0182647705078125 0.097808837890625
0 0.350830078125 0.25726318359375 0.0211639404296875 0.1110076904296875
0 0.541015625 0.052032470703125 0.0194549560546875 0.0849151611328125
0 0.74658203125 0.31280517578125 0.01934814453125 0.0872039794921875
0 0.830078125 0.2685546875 0.028594970703125 0.1422119140625
0 0.85888671875 0.0814056396484375 0.0207977294921875 0.09490966796875
0 0.65771484375 0.244293212890625 0.024383544921875 0.1146697998046875
0 0.966796875 0.070037841796875 0.0173797607421875 0.1012420654296875
0 0.93212890625 0.0600433349609375 0.021942138671875 0.099945068359375
0 0.1246337890625 0.2679443359375 0.0201416015625 0.1190948486328125
0 0.457275390625 0.25634765625 0.0235595703125 0.1151275634765625
0 0.034820556640625 0.0989532470703125 0.02044677734375 0.0952911376953125
0 0.63330078125 0.1087188720703125 0.020721435546875 0.087890625
0 0.2410888671875 0.0946807861328125 0.017913818359375 0.0722503662109375
0 0.04840087890625 0.245208740234375 0.0256195068359375 0.1209259033203125
0 0.61474609375 0.239715576171875 0.022369384765625 0.1114654541015625
0 0.94677734375 0.277099609375 0.0248870849609375 0.1161956787109375
0 0.1634521484375 0.0626373291015625 0.0223236083984375 0.10223388671875
0 0.73486328125 0.133056640625 0.0177154541015625 0.0926971435546875
0 0.53662109375 0.21881103515625 0.0257568359375 0.13275146484375
0 0.76123046875 0.0676727294921875 0.0169219970703125 0.07595062255859375
0 0.23681640625 0.211944580078125 0.0237274169921875 0.107269287109375
0 0.433837890625 0.109710693359375 0.017913818359375 0.085906982421875
0 0.336669921875 0.07167816162109375 0.0209197998046875 0.0963592529296875
0 0.56884765625 0.137176513671875 0.0182647705078125 0.0829315185546875
0 0.01049041748046875 0.211181640625 0.0209197998046875 0.114898681640625
0 0.03314208984375 0.7476806640625 0.0439453125 0.216827392578125
0 0.3128062725539678 0.25434344319417035 0.022902964079095908 0.094022694640499
0 0.4157490689936936 0.24891905696491076 0.02242079641427284 0.11933649704371029
0 0.8679017966815288 0.21998899707552647 0.02266188024668429 0.13380152698840236