0 0.5400390625 0.2960205078125 0.022369384765625 0.1088714599609375
0 0.6708984375 0.2197265625 0.02630615234375 0.119781494140625
0 0.439697265625 0.277099609375 0.0203704833984375 0.1052093505859375
0 0.471435546875 0.12542724609375 0.019195556640625 0.0925445556640625
0 0.337646484375 0.26123046875 0.0205230712890625 0.09918212890625
0 0.5615234375 0.0988006591796875 0.017242431640625 0.0852203369140625
0 0.96142578125 0.0902557373046875 0.01898193359375 0.0817108154296875
0 0.65673828125 0.045623779296875 0.0192413330078125 0.089569091796875
0 0.048852478645188435 0.2474746326493365 0.02168567018100186 0.11416618424398546
0 0.309814453125 0.172119140625 0.020965576171875 0.1007080078125
0 0.1348876953125 0.058441162109375 0.017852783203125 0.092010498046875
0 0.011688232421875 0.25634765625 0.02001953125 0.1018524169921875
0 0.11083984375 0.203399658203125 0.0225830078125 0.113372802734375
0 0.53271484375 0.1204681396484375 0.0174407958984375 0.0868988037109375
0 0.734375 0.0646209716796875 0.02069091796875 0.095977783203125
0 0.75048828125 0.242462158203125 0.0232391357421875 0.1038360595703125
0 0.2093505859375 0.17242431640625 0.0197906494140625 0.1105499267578125
0 0.408447265625 0.188446044921875 0.0190887451171875 0.0849151611328125
0 0.270263671875 0.0914764404296875 0.0184783935546875 0.090484619140625
0 0.71240234375 0.260162353515625 0.019012451171875 0.1099395751953125
0 0.9306640625 0.1087188720703125 0.0197601318359375 0.106658935546875
0 0.1693115234375 0.1200103759765625 0.0193023681640625 0.0885772705078125
0 0.83447265625 0.057525634765625 0.0207977294921875 0.099334716796875
0 0.06964111328125 0.087890625 0.021240234375 0.1082611083984375
0 0.93505859375 0.281219482421875 0.0240936279296875 0.09765625
0 0.3701171875 0.1142120361328125 0.0194244384765625 0.0817108154296875
0 0.86865234375 0.1213836669921875 0.021209716796875 0.089263916015625
0 0.034820556640625 0.7513427734375 0.03228759765625 0.1641845703125
0 0.24180708390877048 0.27061660188194897 0.022179712581861282 0.11210398207136421
0 0.6294698864265201 0.1380204940556043 0.019768874257745893 0.10487146709901808
0 0.8440344972727871 0.23204318869610327 0.023626215576330538 0.11692565871959487