0 0.95654296875 0.058441162109375 0.016021728515625 0.1114654541015625
0 0.6689453125 0.2587890625 0.0219879150390625 0.1110076904296875
0 0.034088134765625 0.108489990234375 0.0210113525390625 0.095062255859375
0 0.06854248046875 0.0804901123046875 0.0164031982421875 0.0852203369140625
0 0.74072265625 0.0774383544921875 0.020172119140625 0.09063720703125
0 0.87939453125 0.233154296875 0.0221099853515625 0.103607177734375
0 0.92578125 0.263519287109375 0.02423095703125 0.135345458984375
0 0.74169921875 0.248870849609375 0.01953125 0.09490966796875
0 0.83251953125 0.1513671875 0.0160980224609375 0.0771331787109375
0 0.11419677734375 0.274505615234375 0.0217437744140625 0.11688232421875
0 0.62890625 0.08758544921875 0.0225372314453125 0.114898681640625
0 0.27294921875 0.21240234375 0.0256195068359375 0.1293182373046875
0 0.340576171875 0.09765625 0.018096923828125 0.0817108154296875
0 0.169921875 0.1004791259765625 0.021820068359375 0.1068115234375
0 0.447998046875 0.247039794921875 0.0243377685546875 0.09674072265625
0 0.966796875 0.265045166015625 0.024383544921875 0.1200103759765625
0 0.309326171875 0.1715087890625 0.0199127197265625 0.0989532470703125
0 0.76953125 0.1403045654296875 0.0216522216796875 0.062408447265625
0 0.8447265625 0.292205810546875 0.0204925537109375 0.1004791259765625
0 0.6572265625 0.05184173583984375 0.0221099853515625 0.1070404052734375
0 0.1361083984375 0.0872039794921875 0.0207672119140625 0.06561279296875
0 0.37060546875 0.1004791259765625 0.01983642578125 0.095977783203125
0 0.258056640625 0.0522613525390625 0.0196380615234375 0.09490966796875
0 0.53515625 0.06923675537109375 0.0197906494140625 0.094146728515625
0 0.2398681640625 0.301513671875 0.0232391357421875 0.1116180419921875
0 0.5693359375 0.093231201171875 0.021453857421875 0.11016845703125
0 0.436767578125 0.10284423828125 0.0193023681640625 0.0989532470703125
0 0.41064453125 0.211181640625 0.023193359375 0.1157379150390625
0 0.5517578125 0.286407470703125 0.0190887451171875 0.0774383544921875
0 0.025177001953125 0.3094482421875 0.021820068359375 0.073089599609375
0 0.034820556640625 0.7501220703125 0.0283355712890625 0.20843505859375