0 0.86376953125 0.06923675537109375 0.0194244384765625 0.095977783203125
0 0.8310546875 0.1110076904296875 0.013427734375 0.0814056396484375
0 0.433349609375 0.106658935546875 0.02056884765625 0.1016998291015625
0 0.325927734375 0.265960693359375 0.029541015625 0.1305389404296875
0 0.62109375 0.2587890625 0.023193359375 0.1146697998046875
0 0.5703125 0.1505279541015625 0.0182952880859375 0.093994140625
0 0.1663818359375 0.0829315185546875 0.0204925537109375 0.109710693359375
0 0.73291015625 0.1007080078125 0.020721435546875 0.104217529296875
0 0.14208984375 0.26947021484375 0.021820068359375 0.1039886474609375
0 0.8369140625 0.32196044921875 0.021240234375 0.090484619140625
0 0.42822265625 0.31402587890625 0.0216522216796875 0.1093292236328125
0 0.328369140625 0.13427734375 0.021484375 0.099945068359375
0 0.467041015625 0.0722503662109375 0.0182342529296875 0.093841552734375
0 0.767578125 0.255889892578125 0.0220794677734375 0.0909423828125
0 0.509765625 0.1528167724609375 0.019866943359375 0.0846099853515625
0 0.6611328125 0.05733489990234375 0.0247955322265625 0.1146697998046875
0 0.96533203125 0.055999755859375 0.0203704833984375 0.0988006591796875
0 0.275390625 0.206146240234375 0.021942138671875 0.1026153564453125
0 0.5419921875 0.07030487060546875 0.0192413330078125 0.098419189453125
0 0.93017578125 0.0771331787109375 0.0245208740234375 0.1166534423828125
0 0.259521484375 0.0605010986328125 0.0208892822265625 0.0962066650390625
0 0.03955078125 0.0638580322265625 0.0196380615234375 0.0980377197265625
0 0.134765625 0.050048828125 0.01983642578125 0.0913238525390625
0 0.630859375 0.124969482421875 0.023284912109375 0.0888824462890625
0 0.3662109375 0.235443115234375 0.0293121337890625 0.1081085205078125
0 0.919921875 0.28961181640625 0.027008056640625 0.104827880859375
0 0.2305908203125 0.1502227783203125 0.0193023681640625 0.09307861328125
0 0.009342193603515625 0.17303466796875 0.01868438720703125 0.1004791259765625
0 0.06964111328125 0.132293701171875 0.01971435546875 0.0945281982421875
0 0.7275390625 0.31524658203125 0.0240478515625 0.1099395751953125
0 0.03281696938903553 0.7497170452945285 0.03602011395630396 0.2158063879265679