0 0.77392578125 0.222930908203125 0.0179901123046875 0.0997161865234375
0 0.2705078125 0.251617431640625 0.021820068359375 0.102996826171875
0 0.73046875 0.135040283203125 0.0189361572265625 0.089263916015625
0 0.42919921875 0.2801513671875 0.027801513671875 0.13275146484375
0 0.1458740234375 0.30548095703125 0.020294189453125 0.104217529296875
0 0.327392578125 0.3021240234375 0.029815673828125 0.1268768310546875
0 0.058563232421875 0.290679931640625 0.022674560546875 0.111846923828125
0 0.5751953125 0.196380615234375 0.0237274169921875 0.119781494140625
0 0.81103515625 0.190887451171875 0.021453857421875 0.1093292236328125
0 0.46826171875 0.230560302734375 0.0235137939453125 0.118255615234375
0 0.362548828125 0.22979736328125 0.0264129638671875 0.1513671875
0 0.869140625 0.0855255126953125 0.019500732421875 0.0962066650390625
0 0.54296875 0.30426025390625 0.0197906494140625 0.11077880859375
0 0.7333984375 0.28167724609375 0.024139404296875 0.1325225830078125
0 0.66796875 0.250701904296875 0.0220794677734375 0.1039886474609375
0 0.92626953125 0.31402587890625 0.019195556640625 0.1012420654296875
0 0.96826171875 0.265045166015625 0.0217742919921875 0.09185791015625
0 0.06927490234375 0.0885772705078125 0.0217437744140625 0.100860595703125
0 0.2310791015625 0.31280517578125 0.022369384765625 0.091705322265625
0 0.3271484375 0.0817108154296875 0.017242431640625 0.121917724609375
0 0.66455078125 0.1003265380859375 0.0177764892578125 0.093994140625
0 0.84423828125 0.276031494140625 0.021820068359375 0.1088714599609375
0 0.63134765625 0.102081298828125 0.019989013671875 0.108489990234375
0 0.033721923828125 0.0820159912109375 0.0196380615234375 0.0955963134765625
0 0.9677734375 0.0846099853515625 0.021209716796875 0.11016845703125
0 0.1783447265625 0.20050048828125 0.0191650390625 0.09490966796875
0 0.1588134765625 0.06664276123046875 0.0182342529296875 0.0971221923828125
0 0.430419921875 0.1332855224609375 0.0190887451171875 0.099334716796875
0 0.265380859375 0.07419586181640625 0.0193023681640625 0.0954437255859375
0 0.034088134765625 0.740966796875 0.033203125 0.1413726806640625
0 0.5283203125 0.115509033203125 0.0223236083984375 0.1082611083984375