0 0.5595703125 0.07625579833984375 0.01666259765625 0.1026153564453125
0 0.62548828125 0.099334716796875 0.01384735107421875 0.1110076904296875
0 0.931640625 0.1268768310546875 0.0169219970703125 0.092010498046875
0 0.26953125 0.1202392578125 0.01953125 0.087890625
0 0.4208984375 0.274505615234375 0.0221099853515625 0.1018524169921875
0 0.252685546875 0.254974365234375 0.0224609375 0.115509033203125
0 0.375244140625 0.19012451171875 0.0239105224609375 0.120697021484375
0 0.57666015625 0.2520751953125 0.0189361572265625 0.0926971435546875
0 0.2342529296875 0.0765228271484375 0.019989013671875 0.1082611083984375
0 0.9677734375 0.07419586181640625 0.020599365234375 0.0958251953125
0 0.328125 0.1175689697265625 0.0224151611328125 0.0902557373046875
0 0.1094970703125 0.173797607421875 0.017852783203125 0.0946807861328125
0 0.85546875 0.09857177734375 0.017242431640625 0.089263916015625
0 0.1396484375 0.2447509765625 0.023956298828125 0.1136016845703125
0 0.87646484375 0.1849365234375 0.0205230712890625 0.104827880859375
0 0.712890625 0.22674560546875 0.0222015380859375 0.107421875
0 0.671875 0.209197998046875 0.027374267578125 0.1142120361328125
0 0.43359375 0.1226043701171875 0.0193023681640625 0.0846099853515625
0 0.1689453125 0.1374053955078125 0.0189056396484375 0.0849151611328125
0 0.029205322265625 0.1438140869140625 0.021453857421875 0.093994140625
0 0.830078125 0.111236572265625 0.0231475830078125 0.104827880859375
0 0.4677734375 0.079193115234375 0.021331787109375 0.103607177734375
0 0.03192138671875 0.279693603515625 0.025909423828125 0.1120758056640625
0 0.356201171875 0.0836181640625 0.020294189453125 0.0971221923828125
0 0.734375 0.1032257080078125 0.0189056396484375 0.09490966796875
0 0.96630859375 0.250244140625 0.0214080810546875 0.0946807861328125
0 0.63916015625 0.3167724609375 0.0255584716796875 0.1103973388671875
0 0.75341796875 0.250701904296875 0.0264129638671875 0.122833251953125
0 0.06927490234375 0.215606689453125 0.0193023681640625 0.1317596435546875
0 0.54541015625 0.28961181640625 0.0194244384765625 0.1016998291015625
0 0.034820556640625 0.743408203125 0.037200927734375 0.1824951171875