0 0.650390625 0.27252197265625 0.02288818359375 0.1114654541015625
0 0.156494140625 0.292205810546875 0.0221099853515625 0.1058197021484375
0 0.5712890625 0.1166534423828125 0.020294189453125 0.095977783203125
0 0.1343994140625 0.078582763671875 0.0189361572265625 0.099334716796875
0 0.4619140625 0.26702880859375 0.02423095703125 0.1280975341796875
0 0.32470703125 0.272979736328125 0.02288818359375 0.1105499267578125
0 0.74267578125 0.2349853515625 0.023468017578125 0.108489990234375
0 0.0235595703125 0.0739288330078125 0.0197601318359375 0.1026153564453125
0 0.06243896484375 0.2734375 0.0211639404296875 0.1300048828125
0 0.36474609375 0.286865234375 0.0216217041015625 0.0945281982421875
0 0.061187744140625 0.05889892578125 0.0268096923828125 0.115966796875
0 0.265380859375 0.270538330078125 0.0224609375 0.10955810546875
0 0.61376953125 0.266571044921875 0.020294189453125 0.114898681640625
0 0.63623046875 0.08331298828125 0.0225067138671875 0.086517333984375
0 0.96533203125 0.24383544921875 0.0259552001953125 0.116424560546875
0 0.2286376953125 0.0868988037109375 0.021942138671875 0.1157379150390625
0 0.83251953125 0.1226043701171875 0.01837158203125 0.0989532470703125
0 0.73828125 0.0980377197265625 0.018768310546875 0.0914764404296875
0 0.5419921875 0.2447509765625 0.017852783203125 0.0872039794921875
0 0.420166015625 0.29327392578125 0.0186920166015625 0.0997161865234375
0 0.93115234375 0.12664794921875 0.019378662109375 0.0936126708984375
0 0.5400390625 0.099334716796875 0.0180511474609375 0.0820159912109375
0 0.9248046875 0.269012451171875 0.02191162109375 0.107421875
0 0.262939453125 0.052032470703125 0.0222015380859375 0.091705322265625
0 0.433349609375 0.0852203369140625 0.0194549560546875 0.084228515625
0 0.87548828125 0.247039794921875 0.0204925537109375 0.093231201171875
0 0.84423828125 0.284881591796875 0.020721435546875 0.100860595703125
0 0.366455078125 0.07167816162109375 0.0212860107421875 0.0980377197265625
0 0.11578369140625 0.254058837890625 0.0240478515625 0.123291015625
0 0.7099609375 0.18280029296875 0.0222930908203125 0.1142120361328125
0 0.034881591796875 0.7464599609375 0.0391845703125 0.136871337890625