0 0.272705078125 0.232391357421875 0.0212860107421875 0.1007080078125
0 0.447021484375 0.239715576171875 0.027069091796875 0.13153076171875
0 0.537109375 0.23193359375 0.0236968994140625 0.0972747802734375
0 0.85302734375 0.297088623046875 0.021087646484375 0.0911712646484375
0 0.1683349609375 0.12542724609375 0.018585205078125 0.090789794921875
0 0.310791015625 0.198974609375 0.0203399658203125 0.093841552734375
0 0.9326171875 0.104217529296875 0.0189056396484375 0.097503662109375
0 0.409912109375 0.214385986328125 0.0224151611328125 0.12664794921875
0 0.6484375 0.241546630859375 0.02386474609375 0.1055908203125
0 0.2315673828125 0.108489990234375 0.02001953125 0.1050567626953125
0 0.03143310546875 0.31982421875 0.023468017578125 0.0814056396484375
0 0.46630859375 0.1070404052734375 0.0230255126953125 0.1058197021484375
0 0.033966064453125 0.1064300537109375 0.019561767578125 0.0855255126953125
0 0.96826171875 0.0750732421875 0.0201416015625 0.08819580078125
0 0.712890625 0.24200439453125 0.0258636474609375 0.132293701171875
0 0.369140625 0.0888824462890625 0.019012451171875 0.09063720703125
0 0.75439453125 0.243377685546875 0.021453857421875 0.12115478515625
0 0.2337646484375 0.3155517578125 0.0196075439453125 0.1004791259765625
0 0.5703125 0.121917724609375 0.0200958251953125 0.099334716796875
0 0.1405029296875 0.22003173828125 0.02215576171875 0.107879638671875
0 0.6689453125 0.1261138916015625 0.0212860107421875 0.0885772705078125
0 0.76611328125 0.1024627685546875 0.0188751220703125 0.0899505615234375
0 0.136474609375 0.05535125732421875 0.021240234375 0.10284423828125
0 0.3388671875 0.22216796875 0.024932861328125 0.12115478515625
0 0.60986328125 0.20660400390625 0.0207672119140625 0.1068115234375
0 0.035491943359375 0.7666015625 0.041473388671875 0.1641845703125
0 0.06549072265625 0.0722503662109375 0.0199432373046875 0.092010498046875
0 0.81298828125 0.254058837890625 0.0241851806640625 0.1221466064453125
0 0.541015625 0.0945281982421875 0.0174407958984375 0.0804901123046875
0 0.83642578125 0.0914764404296875 0.018768310546875 0.072784423828125
0 0.9659023745568185 0.2886978893128141 0.020974293419803645 0.09522811380255668