0 0.83447265625 0.096893310546875 0.0190887451171875 0.10009765625
0 0.81005859375 0.212860107421875 0.0224609375 0.13275146484375
0 0.64208984375 0.238494873046875 0.01898193359375 0.11444091796875
0 0.53076171875 0.27557373046875 0.025177001953125 0.102081298828125
0 0.13525390625 0.07114410400390625 0.0213623046875 0.1068115234375
0 0.432373046875 0.0923919677734375 0.0215301513671875 0.103607177734375
0 0.8662109375 0.063629150390625 0.0164642333984375 0.0963592529296875
0 0.970703125 0.0913238525390625 0.0177154541015625 0.0989532470703125
0 0.75927734375 0.09674072265625 0.0173797607421875 0.08331298828125
0 0.35009765625 0.28228759765625 0.021331787109375 0.1287841796875
0 0.0615234375 0.05710601806640625 0.0190887451171875 0.111236572265625
0 0.2152099609375 0.24749755859375 0.0261077880859375 0.1052093505859375
0 0.466064453125 0.1024627685546875 0.018096923828125 0.0909423828125
0 0.46533203125 0.247955322265625 0.0221099853515625 0.1038360595703125
0 0.748046875 0.2838134765625 0.022979736328125 0.1093292236328125
0 0.1121826171875 0.220489501953125 0.0233306884765625 0.1076507568359375
0 0.60986328125 0.17578125 0.019500732421875 0.1032257080078125
0 0.94970703125 0.28228759765625 0.022247314453125 0.0981903076171875
0 0.779296875 0.210418701171875 0.019683837890625 0.093841552734375
0 0.2342529296875 0.07419586181640625 0.0193023681640625 0.0954437255859375
0 0.15185546875 0.29388427734375 0.0199127197265625 0.1175689697265625
0 0.55908203125 0.086517333984375 0.014556884765625 0.105438232421875
0 0.669921875 0.1384735107421875 0.0192718505859375 0.07537841796875
0 0.371826171875 0.1087188720703125 0.02001953125 0.06923675537109375
0 0.26904296875 0.1184844970703125 0.0209197998046875 0.0765228271484375
0 0.0306243896484375 0.13153076171875 0.0162811279296875 0.099334716796875
0 0.030853271484375 0.271453857421875 0.0199127197265625 0.1184844970703125
0 0.91259765625 0.230560302734375 0.0194244384765625 0.124664306640625
0 0.33740234375 0.1129150390625 0.01306915283203125 0.091705322265625
0 0.037200927734375 0.7354736328125 0.03314208984375 0.167388916015625
0 0.5681140510777843 0.23927570366844933 0.02868897605697282 0.13380152698840234