0 0.9765625 0.2276611328125 0.02276611328125 0.10345458984375
0 0.666015625 0.0708770751953125 0.01837158203125 0.109710693359375
0 0.33203125 0.097808837890625 0.0202484130859375 0.1044464111328125
0 0.72119140625 0.25726318359375 0.0241851806640625 0.1175689697265625
0 0.76318359375 0.229339599609375 0.02484130859375 0.120697021484375
0 0.45947265625 0.277099609375 0.0211639404296875 0.100860595703125
0 0.6318359375 0.1275634765625 0.01934814453125 0.09307861328125
0 0.434814453125 0.0981903076171875 0.017242431640625 0.1125335693359375
0 0.6259765625 0.2764892578125 0.0221099853515625 0.111236572265625
0 0.931640625 0.1468658447265625 0.0163421630859375 0.0807952880859375
0 0.8359375 0.0579833984375 0.01751708984375 0.089569091796875
0 0.94140625 0.28961181640625 0.0187225341796875 0.1007080078125
0 0.7626953125 0.0946807861328125 0.0170440673828125 0.106048583984375
0 0.53173828125 0.118255615234375 0.0162811279296875 0.0955963134765625
0 0.034820556640625 0.7452392578125 0.033905029296875 0.16021728515625
0 0.468505859375 0.114898681640625 0.018157958984375 0.0817108154296875
0 0.27587890625 0.183868408203125 0.02001953125 0.103607177734375
0 0.5576171875 0.066375732421875 0.018402099609375 0.0989532470703125
0 0.36669921875 0.0689697265625 0.017181396484375 0.0988006591796875
0 0.232177734375 0.1528167724609375 0.018798828125 0.0989532470703125
0 0.1304931640625 0.1161956787109375 0.02276611328125 0.0814056396484375
0 0.051544189453125 0.2838134765625 0.02203369140625 0.1070404052734375
0 0.156005859375 0.2447509765625 0.027069091796875 0.1309967041015625
0 0.36474609375 0.281219482421875 0.0206451416015625 0.102996826171875
0 0.869140625 0.086212158203125 0.02215576171875 0.10284423828125
0 0.03448486328125 0.06610870361328125 0.0196380615234375 0.0958251953125
0 0.06890869140625 0.080108642578125 0.0216217041015625 0.097503662109375
0 0.84716796875 0.276031494140625 0.021575927734375 0.1007080078125
0 0.256591796875 0.060272216796875 0.01751708984375 0.1016998291015625
0 0.11517333984375 0.242462158203125 0.02215576171875 0.135040283203125
0 0.5467911395948556 0.3015977336711828 0.021804683700913402 0.08921023334122817