0 0.24181999999999998 0.29495 0.023605 0.11710000000000001
0 0.524415 0.2655 0.024565 0.118025
0 0.82959 0.299825 0.02284 0.11185
0 0.640625 0.266575 0.020965 0.10185000000000001
0 0.6694349999999999 0.0953 0.01848 0.099175
0 0.86719 0.07745 0.017855 0.0862
0 0.33716 0.25925 0.019760000000000003 0.1052
0 0.9623999999999999 0.059125 0.017855 0.09095
0 0.7333999999999999 0.1348 0.016785 0.082925
0 0.5664049999999999 0.26747499999999996 0.025755 0.10679999999999999
0 0.274415 0.253 0.018539999999999997 0.09385
0 0.16565000000000002 0.068975 0.02307 0.10032500000000001
0 0.52588 0.084225 0.02434 0.114675
0 0.311035 0.17915 0.02182 0.10147500000000001
0 0.930665 0.1091 0.01964 0.09880000000000001
0 0.37036 0.121925 0.016985 0.083325
0 0.426025 0.08689999999999999 0.02191 0.10705
0 0.42553500000000005 0.2588 0.029585 0.125425
0 0.609865 0.1674 0.020295 0.10955
0 0.9365249999999999 0.31525 0.02194 0.09995
0 0.03711 0.07769999999999999 0.021165 0.09675
0 0.46118000000000003 0.0859 0.01964 0.09727499999999999
0 0.7666000000000001 0.26855 0.021165 0.10665
0 0.071045 0.0901 0.019559999999999998 0.0924
0 0.7680650000000001 0.088575 0.020495 0.10445
0 0.13244499999999998 0.1056 0.02141 0.09820000000000001
0 0.23266499999999998 0.115975 0.01834 0.087575
0 0.012525 0.25635 0.02034 0.099325
0 0.03549 0.7458499999999999 0.032775 0.172425
0 0.868165 0.290075 0.02072 0.10085000000000001
0 0.15574000000000002 0.241675 0.025075 0.1121