0 0.75634765625 0.27801513671875 0.0258636474609375 0.137176513671875
0 0.377685546875 0.201873779296875 0.0210418701171875 0.11016845703125
0 0.66748046875 0.246124267578125 0.0251312255859375 0.124664306640625
0 0.6279296875 0.308837890625 0.0206451416015625 0.107421875
0 0.2476806640625 0.266571044921875 0.0191192626953125 0.106201171875
0 0.33251953125 0.1216888427734375 0.01666259765625 0.0923919677734375
0 0.859375 0.296630859375 0.0230255126953125 0.11444091796875
0 0.833984375 0.079498291015625 0.01953125 0.0945281982421875
0 0.17333984375 0.186614990234375 0.0174407958984375 0.1204681396484375
0 0.1385498046875 0.267486572265625 0.027801513671875 0.1519012451171875
0 0.347900390625 0.303192138671875 0.020721435546875 0.09674072265625
0 0.630859375 0.0936126708984375 0.0193023681640625 0.10009765625
0 0.2384033203125 0.1052093505859375 0.0184326171875 0.06561279296875
0 0.452880859375 0.2874755859375 0.021575927734375 0.1186370849609375
0 0.06915283203125 0.119781494140625 0.0190887451171875 0.0958251953125
0 0.56884765625 0.1465606689453125 0.0164642333984375 0.090789794921875
0 0.970703125 0.1012420654296875 0.016845703125 0.0954437255859375
0 0.010528564453125 0.20263671875 0.0216522216796875 0.104217529296875
0 0.50927734375 0.15106201171875 0.0201416015625 0.0946807861328125
0 0.86865234375 0.086212158203125 0.0216522216796875 0.09857177734375
0 0.1285400390625 0.146026611328125 0.0226287841796875 0.1129150390625
0 0.9453125 0.259246826171875 0.0230712890625 0.10284423828125
0 0.5419921875 0.0646209716796875 0.0212860107421875 0.10345458984375
0 0.91162109375 0.23193359375 0.0215301513671875 0.0771331787109375
0 0.047943115234375 0.25115966796875 0.0252227783203125 0.1116180419921875
0 0.271484375 0.109100341796875 0.0207977294921875 0.090484619140625
0 0.71484375 0.247955322265625 0.02215576171875 0.1557159423828125
0 0.76123046875 0.05474090576171875 0.0186920166015625 0.097503662109375
0 0.467529296875 0.0750732421875 0.021331787109375 0.106048583984375
0 0.432373046875 0.06313323974609375 0.0189056396484375 0.094146728515625
0 0.033782958984375 0.74951171875 0.04083251953125 0.20660400390625