0 0.63232421875 0.05580902099609375 0.0225830078125 0.0981903076171875
0 0.54150390625 0.31158447265625 0.02001953125 0.1045989990234375
0 0.362548828125 0.2447509765625 0.0250396728515625 0.1142120361328125
0 0.2391357421875 0.095977783203125 0.0174407958984375 0.0872039794921875
0 0.6669921875 0.1190948486328125 0.021331787109375 0.098419189453125
0 0.7431640625 0.232391357421875 0.0224609375 0.1116180419921875
0 0.43701171875 0.295562744140625 0.0210418701171875 0.10284423828125
0 0.576171875 0.210418701171875 0.0224609375 0.108489990234375
0 0.040008544921875 0.0765228271484375 0.0167236328125 0.1018524169921875
0 0.11260986328125 0.245208740234375 0.01971435546875 0.095977783203125
0 0.1685791015625 0.1076507568359375 0.021240234375 0.1275634765625
0 0.330078125 0.07564544677734375 0.019866943359375 0.1018524169921875
0 0.3642578125 0.1007080078125 0.01983642578125 0.103607177734375
0 0.76953125 0.0913238525390625 0.0217742919921875 0.111236572265625
0 0.474365234375 0.246124267578125 0.02276611328125 0.1161956787109375
0 0.20947265625 0.17913818359375 0.020416259765625 0.1142120361328125
0 0.80908203125 0.173492431640625 0.02044677734375 0.106048583984375
0 0.60888671875 0.196685791015625 0.0189056396484375 0.1151275634765625
0 0.73876953125 0.09918212890625 0.01763916015625 0.0899505615234375
0 0.93994140625 0.093231201171875 0.0177764892578125 0.08758544921875
0 0.5595703125 0.05558013916015625 0.019500732421875 0.0943756103515625
0 0.87158203125 0.1093292236328125 0.01934814453125 0.0826263427734375
0 0.27001953125 0.095977783203125 0.01934814453125 0.0995635986328125
0 0.153076171875 0.309906005859375 0.0213623046875 0.0980377197265625
0 0.90771484375 0.1522064208984375 0.017578125 0.0962066650390625
0 0.010650634765625 0.1873779296875 0.0215301513671875 0.0925445556640625
0 0.46240234375 0.098419189453125 0.0169219970703125 0.092010498046875
0 0.83984375 0.269012451171875 0.0232391357421875 0.1146697998046875
0 0.0341796875 0.7489013671875 0.037689208984375 0.186614990234375
0 0.03839111328125 0.269012451171875 0.018798828125 0.0888824462890625
0 0.93701171875 0.21728515625 0.024139404296875 0.116424560546875