0 0.169677734375 0.1204681396484375 0.018157958984375 0.090484619140625
0 0.04400634765625 0.272064208984375 0.0216217041015625 0.1026153564453125
0 0.06964111328125 0.0902557373046875 0.0211181640625 0.098419189453125
0 0.861328125 0.284271240234375 0.0231475830078125 0.11444091796875
0 0.95068359375 0.0577545166015625 0.02044677734375 0.0921630859375
0 0.65087890625 0.23193359375 0.022979736328125 0.1105499267578125
0 0.371826171875 0.258331298828125 0.023101806640625 0.0946807861328125
0 0.82861328125 0.07770538330078125 0.021240234375 0.1012420654296875
0 0.1343994140625 0.07770538330078125 0.02001953125 0.09918212890625
0 0.82080078125 0.2587890625 0.0262603759765625 0.1290130615234375
0 0.443359375 0.292816162109375 0.0202178955078125 0.086212158203125
0 0.93994140625 0.31280517578125 0.0230712890625 0.1290130615234375
0 0.5361328125 0.0888824462890625 0.0206451416015625 0.0914764404296875
0 0.73486328125 0.0980377197265625 0.0214080810546875 0.0943756103515625
0 0.61083984375 0.233612060546875 0.022674560546875 0.1320648193359375
0 0.2386474609375 0.057525634765625 0.0180206298828125 0.085906982421875
0 0.767578125 0.07450103759765625 0.0221099853515625 0.102081298828125
0 0.2413330078125 0.277099609375 0.020294189453125 0.0926971435546875
0 0.74560546875 0.230560302734375 0.024993896484375 0.1081085205078125
0 0.63232421875 0.107879638671875 0.0239105224609375 0.096893310546875
0 0.360107421875 0.05046844482421875 0.01751708984375 0.086517333984375
0 0.43212890625 0.15167236328125 0.0177764892578125 0.0823211669921875
0 0.270263671875 0.1044464111328125 0.0228424072265625 0.1116180419921875
0 0.037261962890625 0.05367279052734375 0.0190887451171875 0.087890625
0 0.4775390625 0.22430419921875 0.022796630859375 0.1099395751953125
0 0.56787109375 0.0811004638671875 0.020965576171875 0.106201171875
0 0.11297607421875 0.235748291015625 0.021820068359375 0.1018524169921875
0 0.328857421875 0.116424560546875 0.023284912109375 0.1123046875
0 0.50927734375 0.1971435546875 0.019683837890625 0.097808837890625
0 0.03448486328125 0.7415771484375 0.0293731689453125 0.140838623046875
0 0.9250386649630632 0.127774431178114 0.029412227554207335 0.13500694615046005