0 0.370605 0.1207 0.021455 0.1036
0 0.158935 0.05165 0.019915 0.088875
0 0.543945 0.25925 0.023695 0.1081
0 0.21032499999999998 0.219725 0.021775 0.116425
0 0.737305 0.2188 0.024385 0.117575
0 0.33911 0.23575 0.01979 0.0882
0 0.2334 0.099575 0.021485 0.0859
0 0.026809999999999997 0.082025 0.022324999999999998 0.099325
0 0.8618150000000001 0.051449999999999996 0.017915 0.09415
0 0.6157250000000001 0.24795 0.025225 0.12587500000000001
0 0.76758 0.082325 0.018125 0.087575
0 0.70996 0.20157499999999998 0.019425 0.095825
0 0.445315 0.24932500000000002 0.025665 0.1142
0 0.96826 0.118025 0.01927 0.08994999999999999
0 0.266355 0.06715 0.0217 0.10147500000000001
0 0.831055 0.1207 0.019945 0.09292500000000001
0 0.570315 0.137625 0.01848 0.0862
0 0.6586900000000001 0.271 0.02298 0.127325
0 0.034365 0.7507250000000001 0.038115 0.21484999999999999
0 0.862305 0.234525 0.02443 0.133275
0 0.935545 0.05535 0.02124 0.09452500000000001
0 0.5092749999999999 0.19592500000000002 0.01924 0.09452500000000001
0 0.13904 0.3099 0.020415 0.103225
0 0.469725 0.13 0.018690000000000002 0.083925
0 0.062685 0.09025 0.019350000000000003 0.094375
0 0.6626000000000001 0.057325 0.024274999999999998 0.112525
0 0.34204 0.107875 0.02092 0.10400000000000001
0 0.4375 0.06005 0.018690000000000002 0.08927500000000001
0 0.17346 0.21559999999999999 0.02646 0.1303
0 0.06311 0.237575 0.03021 0.142975
0 0.9440850000000001 0.229625 0.025555 0.128975