0 0.01107025146484375 0.211181640625 0.0226287841796875 0.1026153564453125
0 0.2218017578125 0.260162353515625 0.0262603759765625 0.11016845703125
0 0.410400390625 0.210418701171875 0.022674560546875 0.119781494140625
0 0.609375 0.194549560546875 0.0182952880859375 0.099945068359375
0 0.1591796875 0.283203125 0.0240478515625 0.11932373046875
0 0.94677734375 0.292816162109375 0.0187225341796875 0.0868988037109375
0 0.46826171875 0.113983154296875 0.0199432373046875 0.09490966796875
0 0.74951171875 0.26458740234375 0.0224151611328125 0.111236572265625
0 0.06964111328125 0.12664794921875 0.018798828125 0.085906982421875
0 0.6396484375 0.0849151611328125 0.0177154541015625 0.090484619140625
0 0.91015625 0.22003173828125 0.018829345703125 0.0914764404296875
0 0.370849609375 0.26214599609375 0.0223236083984375 0.09765625
0 0.7705078125 0.1226043701171875 0.0187225341796875 0.073089599609375
0 0.330322265625 0.096893310546875 0.0199432373046875 0.089569091796875
0 0.57763671875 0.21484375 0.02044677734375 0.09857177734375
0 0.64111328125 0.272064208984375 0.018768310546875 0.0855255126953125
0 0.2298583984375 0.1204681396484375 0.0211181640625 0.0965118408203125
0 0.037200927734375 0.07030487060546875 0.017242431640625 0.085906982421875
0 0.263671875 0.0600433349609375 0.020294189453125 0.1105499267578125
0 0.12939453125 0.07595062255859375 0.0237274169921875 0.1024627685546875
0 0.970703125 0.1103973388671875 0.022369384765625 0.0768280029296875
0 0.560546875 0.0658416748046875 0.0182647705078125 0.09307861328125
0 0.36181640625 0.0582122802734375 0.0201416015625 0.1076507568359375
0 0.114990234375 0.24200439453125 0.023651123046875 0.123291015625
0 0.44775390625 0.238494873046875 0.0216217041015625 0.111846923828125
0 0.736328125 0.0722503662109375 0.018585205078125 0.0899505615234375
0 0.5322265625 0.1513671875 0.017242431640625 0.0829315185546875
0 0.8681640625 0.0823211669921875 0.0206451416015625 0.095977783203125
0 0.8193359375 0.2655029296875 0.0213623046875 0.102081298828125
0 0.0343017578125 0.7489013671875 0.033660888671875 0.1502227783203125
0 0.83544921875 0.1126861572265625 0.012481689453125 0.059814453125