0 0.250732421875 0.286865234375 0.0205230712890625 0.1131439208984375
0 0.32958984375 0.31158447265625 0.0222930908203125 0.1004791259765625
0 0.6484375 0.2764892578125 0.0226287841796875 0.111846923828125
0 0.7236328125 0.1116180419921875 0.0208892822265625 0.10223388671875
0 0.53271484375 0.1202392578125 0.01751708984375 0.09185791015625
0 0.1456298828125 0.298309326171875 0.02685546875 0.1230621337890625
0 0.96728515625 0.25726318359375 0.021942138671875 0.09918212890625
0 0.63232421875 0.1213836669921875 0.0170440673828125 0.0911712646484375
0 0.1278076171875 0.1184844970703125 0.0255584716796875 0.123291015625
0 0.73583984375 0.2764892578125 0.0310211181640625 0.1340484619140625
0 0.5673828125 0.06793975830078125 0.018768310546875 0.096893310546875
0 0.369384765625 0.254058837890625 0.022247314453125 0.1209259033203125
0 0.457275390625 0.266571044921875 0.0217437744140625 0.1290130615234375
0 0.46875 0.1105499267578125 0.019866943359375 0.08819580078125
0 0.931640625 0.1317596435546875 0.0165252685546875 0.092926025390625
0 0.010013580322265625 0.186309814453125 0.02002716064453125 0.1032257080078125
0 0.8701171875 0.1004791259765625 0.0186920166015625 0.097503662109375
0 0.84033203125 0.0609588623046875 0.018768310546875 0.0997161865234375
0 0.966796875 0.078582763671875 0.020599365234375 0.1010894775390625
0 0.042388916015625 0.242919921875 0.024566650390625 0.1200103759765625
0 0.2122802734375 0.22216796875 0.023651123046875 0.1136016845703125
0 0.0391845703125 0.10009765625 0.0177764892578125 0.0914764404296875
0 0.270263671875 0.0820159912109375 0.0191192626953125 0.100860595703125
0 0.03533935546875 0.7452392578125 0.03204345703125 0.1666259765625
0 0.83984375 0.2630615234375 0.0211181640625 0.1177978515625
0 0.7568359375 0.089569091796875 0.0182342529296875 0.087890625
0 0.6572265625 0.093994140625 0.0169219970703125 0.079803466796875
0 0.56298828125 0.260162353515625 0.023956298828125 0.115966796875
0 0.1533203125 0.05535125732421875 0.0196380615234375 0.07114410400390625
0 0.416015625 0.24932861328125 0.0203399658203125 0.10284423828125
0 0.33221352106309643 0.10426875751798928 0.01976887425774595 0.10246062877490275