0 0.44873046875 0.2801513671875 0.0223236083984375 0.099945068359375
0 0.47705078125 0.232696533203125 0.01751708984375 0.0899505615234375
0 0.62841796875 0.0945281982421875 0.01763916015625 0.133514404296875
0 0.3095703125 0.1551055908203125 0.0225372314453125 0.100860595703125
0 0.56494140625 0.28900146484375 0.0207672119140625 0.0914764404296875
0 0.6611328125 0.050945281982421875 0.0177154541015625 0.10189056396484375
0 0.95703125 0.048503875732421875 0.0199127197265625 0.09700775146484375
0 0.62890625 0.305938720703125 0.02215576171875 0.106658935546875
0 0.755859375 0.089263916015625 0.0180206298828125 0.1010894775390625
0 0.53271484375 0.099945068359375 0.0179901123046875 0.089569091796875
0 0.8701171875 0.1064300537109375 0.0205230712890625 0.0962066650390625
0 0.771484375 0.201568603515625 0.024993896484375 0.119781494140625
0 0.2216796875 0.270538330078125 0.0224609375 0.0946807861328125
0 0.36962890625 0.104217529296875 0.0184783935546875 0.089263916015625
0 0.268798828125 0.084228515625 0.0217437744140625 0.0972747802734375
0 0.92578125 0.26947021484375 0.0225067138671875 0.1531219482421875
0 0.059112548828125 0.256805419921875 0.02484130859375 0.121917724609375
0 0.34228515625 0.0980377197265625 0.0187225341796875 0.07770538330078125
0 0.06732177734375 0.1038360595703125 0.0182342529296875 0.080108642578125
0 0.83935546875 0.22216796875 0.0240936279296875 0.0902557373046875
0 0.5673828125 0.078582763671875 0.019866943359375 0.100860595703125
0 0.841796875 0.095977783203125 0.0189361572265625 0.0901031494140625
0 0.262451171875 0.28961181640625 0.023193359375 0.0911712646484375
0 0.73828125 0.265045166015625 0.022247314453125 0.1204681396484375
0 0.458984375 0.06336212158203125 0.015899658203125 0.079193115234375
0 0.1697998046875 0.1395416259765625 0.018157958984375 0.0817108154296875
0 0.110107421875 0.19927978515625 0.0218658447265625 0.0695037841796875
0 0.03265380859375 0.073089599609375 0.0184326171875 0.09185791015625
0 0.14306640625 0.2606201171875 0.021820068359375 0.101470947265625
0 0.966796875 0.26123046875 0.01406097412109375 0.14007568359375
0 0.034027099609375 0.748291015625 0.033660888671875 0.16571044921875