0 0.177001953125 0.224609375 0.0199432373046875 0.1003265380859375
0 0.25927734375 0.25299072265625 0.02606201171875 0.122833251953125
0 0.266845703125 0.1052093505859375 0.019561767578125 0.08819580078125
0 0.6328125 0.1239776611328125 0.01934814453125 0.10009765625
0 0.33349609375 0.1012420654296875 0.021331787109375 0.1026153564453125
0 0.67822265625 0.2081298828125 0.019500732421875 0.0952911376953125
0 0.7607421875 0.0646209716796875 0.0164031982421875 0.0823211669921875
0 0.217041015625 0.247039794921875 0.0221099853515625 0.1209259033203125
0 0.7451171875 0.308837890625 0.0206451416015625 0.093994140625
0 0.53271484375 0.048370361328125 0.02069091796875 0.09185791015625
0 0.36669921875 0.0719451904296875 0.025665283203125 0.09765625
0 0.456298828125 0.0902557373046875 0.0177154541015625 0.089569091796875
0 0.445068359375 0.24383544921875 0.0257110595703125 0.1129150390625
0 0.1322021484375 0.1482391357421875 0.017578125 0.087890625
0 0.011688232421875 0.228424072265625 0.0228424072265625 0.104827880859375
0 0.65869140625 0.0946807861328125 0.0162811279296875 0.0829315185546875
0 0.54443359375 0.236663818359375 0.03021240234375 0.124664306640625
0 0.047149658203125 0.262603759765625 0.0234222412109375 0.1016998291015625
0 0.7333984375 0.1300048828125 0.0177764892578125 0.099334716796875
0 0.35107421875 0.234527587890625 0.025177001953125 0.1126861572265625
0 0.96923828125 0.206146240234375 0.0269622802734375 0.1230621337890625
0 0.47314453125 0.191192626953125 0.0160980224609375 0.139007568359375
0 0.85498046875 0.052280426025390625 0.0237274169921875 0.10456085205078125
0 0.5107421875 0.239410400390625 0.0216522216796875 0.11383056640625
0 0.82958984375 0.122833251953125 0.0210418701171875 0.1018524169921875
0 0.038330078125 0.1038360595703125 0.0190887451171875 0.06534576416015625
0 0.1617431640625 0.0684356689453125 0.018157958984375 0.0972747802734375
0 0.9287109375 0.1366424560546875 0.01406097412109375 0.1103973388671875
0 0.93212890625 0.265045166015625 0.0255126953125 0.1305389404296875
0 0.8695022507486173 0.21625449570658606 0.028857175170977686 0.14922932072906162
0 0.033721923828125 0.7513427734375 0.040679931640625 0.203399658203125