0 0.7578125 0.0909423828125 0.0180511474609375 0.1064300537109375
0 0.12103271484375 0.266571044921875 0.02655029296875 0.1479339599609375
0 0.55517578125 0.089569091796875 0.0173797607421875 0.090789794921875
0 0.223876953125 0.258331298828125 0.029815673828125 0.1435089111328125
0 0.5302734375 0.1161956787109375 0.023468017578125 0.118865966796875
0 0.66845703125 0.213623046875 0.01983642578125 0.115509033203125
0 0.0330810546875 0.758056640625 0.0413818359375 0.1560211181640625
0 0.33251953125 0.079193115234375 0.021209716796875 0.103607177734375
0 0.06109619140625 0.067138671875 0.018646240234375 0.0952911376953125
0 0.73046875 0.26702880859375 0.0282135009765625 0.1348114013671875
0 0.1275634765625 0.07625579833984375 0.0210113525390625 0.1068115234375
0 0.873046875 0.238494873046875 0.0194549560546875 0.103607177734375
0 0.366943359375 0.106658935546875 0.0187225341796875 0.091705322265625
0 0.6357421875 0.311126708984375 0.021820068359375 0.1032257080078125
0 0.85888671875 0.05245208740234375 0.01490020751953125 0.0963592529296875
0 0.469482421875 0.105438232421875 0.0169219970703125 0.086517333984375
0 0.03253173828125 0.1184844970703125 0.0177764892578125 0.089263916015625
0 0.257568359375 0.052032470703125 0.0185089111328125 0.1050567626953125
0 0.164306640625 0.269012451171875 0.02423095703125 0.1216888427734375
0 0.72509765625 0.09674072265625 0.02386474609375 0.1239776611328125
0 0.357421875 0.247955322265625 0.0217437744140625 0.1081085205078125
0 0.2281494140625 0.1209259033203125 0.0206451416015625 0.095977783203125
0 0.44287109375 0.096893310546875 0.018768310546875 0.092010498046875
0 0.5458984375 0.265960693359375 0.0164031982421875 0.11383056640625
0 0.93994140625 0.086212158203125 0.01763916015625 0.0901031494140625
0 0.0416259765625 0.31524658203125 0.0202178955078125 0.097808837890625
0 0.6279296875 0.0981903076171875 0.0225067138671875 0.11932373046875
0 0.8291015625 0.106048583984375 0.023468017578125 0.1125335693359375
0 0.90966796875 0.21636962890625 0.019012451171875 0.09765625
0 0.96923828125 0.143280029296875 0.0197906494140625 0.06687164306640625
0 0.40966796875 0.153656005859375 0.0209197998046875 0.093994140625