0 0.5615234375 0.282745361328125 0.0220794677734375 0.0901031494140625
0 0.1654052734375 0.0609588623046875 0.0177764892578125 0.0872039794921875
0 0.037596127853705766 0.3076169357612018 0.019879145355849035 0.1251978607802161
0 0.0723876953125 0.21087646484375 0.0276947021484375 0.1361083984375
0 0.3115234375 0.2301025390625 0.02215576171875 0.13153076171875
0 0.533203125 0.08819580078125 0.0185089111328125 0.09307861328125
0 0.1680908203125 0.24658177951120183 0.02503967285156251 0.1277612869949565
0 0.474365234375 0.201873779296875 0.0242767333984375 0.1251983642578125
0 0.23193359375 0.13763427734375 0.0177154541015625 0.0899505615234375
0 0.056549072265625 0.049285888671875 0.01861572265625 0.09674072265625
0 0.266357421875 0.078582763671875 0.021453857421875 0.086212158203125
0 0.52099609375 0.269927978515625 0.0244293212890625 0.1230621337890625
0 0.351806640625 0.25726318359375 0.0256195068359375 0.123748779296875
0 0.669921875 0.085906982421875 0.0203704833984375 0.099334716796875
0 0.36572265625 0.1012420654296875 0.0185089111328125 0.1039886474609375
0 0.455810546875 0.086212158203125 0.015777587890625 0.08392333984375
0 0.1279296875 0.3076171875 0.021942138671875 0.107421875
0 0.611328125 0.244293212890625 0.0193023681640625 0.0972747802734375
0 0.2318115234375 0.29388427734375 0.02203369140625 0.08392333984375
0 0.63623046875 0.06664276123046875 0.0206451416015625 0.0989532470703125
0 0.9677734375 0.0739288330078125 0.01898193359375 0.089569091796875
0 0.033843994140625 0.7501220703125 0.030731201171875 0.203399658203125
0 0.83251953125 0.1129150390625 0.02044677734375 0.0980377197265625
0 0.443603515625 0.2655029296875 0.0185089111328125 0.1184844970703125
0 0.763671875 0.07114410400390625 0.0190582275390625 0.0972747802734375
0 0.9365234375 0.0952911376953125 0.0191650390625 0.0909423828125
0 0.91015625 0.20233154296875 0.0226287841796875 0.1184844970703125
0 0.865234375 0.06816864013671875 0.0177154541015625 0.0934600830078125
0 0.736328125 0.32501220703125 0.0206451416015625 0.0934600830078125
0 0.73291015625 0.1171112060546875 0.018157958984375 0.079803466796875
0 0.8310546875 0.32501220703125 0.021820068359375 0.11077880859375