0 0.03277587890625 0.7452392578125 0.030792236328125 0.16357421875
0 0.36083984375 0.0510406494140625 0.0187225341796875 0.0846099853515625
0 0.215576171875 0.247039794921875 0.0299835205078125 0.1256561279296875
0 0.57861328125 0.1959228515625 0.0222015380859375 0.1038360595703125
0 0.454345703125 0.2960205078125 0.0207672119140625 0.10284423828125
0 0.07708740234375 0.22430419921875 0.02001953125 0.097503662109375
0 0.7236328125 0.286865234375 0.0220794677734375 0.1190948486328125
0 0.3359375 0.3082275390625 0.023468017578125 0.1103973388671875
0 0.66650390625 0.102996826171875 0.0187225341796875 0.090484619140625
0 0.1322021484375 0.1026153564453125 0.019378662109375 0.093841552734375
0 0.1651611328125 0.0684356689453125 0.0190887451171875 0.0943756103515625
0 0.9560546875 0.231475830078125 0.023651123046875 0.1018524169921875
0 0.93115234375 0.0714111328125 0.0194244384765625 0.111846923828125
0 0.54833984375 0.26702880859375 0.0204925537109375 0.1012420654296875
0 0.469482421875 0.078582763671875 0.0182647705078125 0.0980377197265625
0 0.434814453125 0.079803466796875 0.021942138671875 0.106048583984375
0 0.8310546875 0.309906005859375 0.029876708984375 0.1470947265625
0 0.73388671875 0.1374053955078125 0.0179901123046875 0.08331298828125
0 0.65966796875 0.254058837890625 0.026153564453125 0.12420654296875
0 0.0618896484375 0.067138671875 0.018157958984375 0.0946807861328125
0 0.03216552734375 0.149383544921875 0.0177154541015625 0.089263916015625
0 0.53173828125 0.15625 0.0164642333984375 0.091705322265625
0 0.6171875 0.2484130859375 0.0222015380859375 0.1195526123046875
0 0.2305908203125 0.111236572265625 0.02337646484375 0.118255615234375
0 0.329833984375 0.107269287109375 0.0230255126953125 0.113983154296875
0 0.2587890625 0.235443115234375 0.0246124267578125 0.118255615234375
0 0.966796875 0.1007080078125 0.019195556640625 0.0885772705078125
0 0.86865234375 0.215606689453125 0.0240478515625 0.1146697998046875
0 0.82470703125 0.10009765625 0.0263519287109375 0.119781494140625
0 0.7658005641827981 0.28262308962458643 0.02587873003284118 0.1147304321788604
0 0.13006472758602358 0.3182306587832273 0.021456461084626698 0.10848772458519114