0 0.220703125 0.271453857421875 0.0235137939453125 0.1186370849609375
0 0.373046875 0.196685791015625 0.0240936279296875 0.1226043701171875
0 0.85107421875 0.2801513671875 0.0240936279296875 0.1110076904296875
0 0.445068359375 0.27557373046875 0.02288818359375 0.127105712890625
0 0.60986328125 0.201263427734375 0.0199432373046875 0.1003265380859375
0 0.341796875 0.3076171875 0.024658203125 0.1175689697265625
0 0.5107421875 0.210418701171875 0.0217742919921875 0.1110076904296875
0 0.2327880859375 0.0849151611328125 0.0184326171875 0.094146728515625
0 0.26123046875 0.287933349609375 0.020843505859375 0.1093292236328125
0 0.467041015625 0.079193115234375 0.01953125 0.11444091796875
0 0.32763671875 0.10955810546875 0.0194549560546875 0.09185791015625
0 0.5361328125 0.0719451904296875 0.022247314453125 0.0923919677734375
0 0.86767578125 0.0750732421875 0.0220794677734375 0.1052093505859375
0 0.04168701171875 0.0684356689453125 0.018096923828125 0.0936126708984375
0 0.638671875 0.1050567626953125 0.018402099609375 0.0885772705078125
0 0.10931396484375 0.177001953125 0.020843505859375 0.093841552734375
0 0.0386962890625 0.221405029296875 0.0247039794921875 0.086517333984375
0 0.169921875 0.1305389404296875 0.018646240234375 0.08331298828125
0 0.74169921875 0.06610870361328125 0.01861572265625 0.086212158203125
0 0.708984375 0.1666259765625 0.0196380615234375 0.1184844970703125
0 0.06951904296875 0.1424407958984375 0.016021728515625 0.0811004638671875
0 0.810546875 0.20965576171875 0.021453857421875 0.1131439208984375
0 0.9580078125 0.282745361328125 0.0229339599609375 0.1126861572265625
0 0.64404296875 0.247955322265625 0.021942138671875 0.105438232421875
0 0.1414794921875 0.23895263671875 0.024749755859375 0.121917724609375
0 0.432861328125 0.0506591796875 0.0205230712890625 0.0952911376953125
0 0.0341796875 0.7476806640625 0.036163330078125 0.18035888671875
0 0.548828125 0.28533935546875 0.023468017578125 0.10223388671875
0 0.92724609375 0.07366180419921875 0.0189056396484375 0.1361083984375
0 0.9150390625 0.2447509765625 0.0200958251953125 0.1410675048828125
0 0.7700217607224457 0.14284217070383498 0.020251041922569015 0.07594140720963378