0 0.45849609375 0.245208740234375 0.0222930908203125 0.1161956787109375
0 0.317138671875 0.258331298828125 0.0266571044921875 0.1287841796875
0 0.360107421875 0.23895263671875 0.025665283203125 0.1435089111328125
0 0.419921875 0.284271240234375 0.0227203369140625 0.1099395751953125
0 0.95068359375 0.27557373046875 0.0225830078125 0.09307861328125
0 0.6728515625 0.186614990234375 0.019378662109375 0.1076507568359375
0 0.65185546875 0.05664825439453125 0.019683837890625 0.1087188720703125
0 0.208984375 0.18218994140625 0.0192413330078125 0.0684356689453125
0 0.56298828125 0.0750732421875 0.019866943359375 0.0888824462890625
0 0.578125 0.242462158203125 0.01934814453125 0.0954437255859375
0 0.53173828125 0.15106201171875 0.0165863037109375 0.0914764404296875
0 0.73193359375 0.057525634765625 0.0221099853515625 0.10284423828125
0 0.0360107421875 0.098419189453125 0.0181884765625 0.0888824462890625
0 0.015899658203125 0.281219482421875 0.0200653076171875 0.1081085205078125
0 0.8447265625 0.271453857421875 0.0221099853515625 0.0995635986328125
0 0.7470703125 0.23193359375 0.023284912109375 0.115966796875
0 0.329345703125 0.11932373046875 0.0192413330078125 0.100860595703125
0 0.430419921875 0.0774383544921875 0.02203369140625 0.107421875
0 0.1697998046875 0.1305389404296875 0.0177764892578125 0.086517333984375
0 0.27001953125 0.1465606689453125 0.0182952880859375 0.0855255126953125
0 0.630859375 0.139007568359375 0.019866943359375 0.095062255859375
0 0.83642578125 0.0579833984375 0.02069091796875 0.0962066650390625
0 0.0574951171875 0.28228759765625 0.0258026123046875 0.0872039794921875
0 0.767578125 0.109100341796875 0.01751708984375 0.0988006591796875
0 0.137939453125 0.06561279296875 0.01983642578125 0.100860595703125
0 0.1446533203125 0.243377685546875 0.02276611328125 0.09674072265625
0 0.9697265625 0.1325225830078125 0.0192718505859375 0.06816864013671875
0 0.2398681640625 0.0783538818359375 0.01763916015625 0.101470947265625
0 0.9375 0.096893310546875 0.020294189453125 0.089263916015625
0 0.80908203125 0.18218994140625 0.0197601318359375 0.1039886474609375
0 0.034881591796875 0.740966796875 0.034942626953125 0.194549560546875