0 0.6259750000000001 0.1036 0.017105000000000002 0.09025
0 0.27075 0.26505 0.02298 0.11735
0 0.112185 0.24887499999999999 0.021485 0.107275
0 0.77246 0.1007 0.019915 0.1091
0 0.378905 0.22460000000000002 0.020095 0.094675
0 0.574705 0.22935 0.023329999999999997 0.1142
0 0.5376000000000001 0.31555 0.02194 0.10619999999999999
0 0.36157 0.07335 0.017715 0.088875
0 0.92969 0.10400000000000001 0.018875 0.103825
0 0.56299 0.060725 0.018234999999999998 0.09269999999999999
0 0.40967000000000003 0.17212499999999997 0.0208 0.103225
0 0.9365249999999999 0.30715 0.02382 0.10247500000000001
0 0.15393 0.301525 0.018234999999999998 0.108875
0 0.8667 0.290075 0.022035 0.10285
0 0.052825000000000004 0.290075 0.022109999999999998 0.111
0 0.83301 0.106425 0.01898 0.0965
0 0.46826 0.143275 0.016785 0.08109999999999999
0 0.069395 0.07745 0.018234999999999998 0.08689999999999999
0 0.751465 0.298775 0.020495 0.097125
0 0.034820000000000004 0.07335 0.020965 0.09880000000000001
0 0.33252 0.148775 0.01724 0.083925
0 0.43799 0.23895 0.021865 0.099575
0 0.9711900000000001 0.22935 0.025085 0.11710000000000001
0 0.23254499999999997 0.13505 0.017715 0.0814
0 0.86719 0.0805 0.017515 0.083625
0 0.134765 0.083625 0.019945 0.092
0 0.672365 0.20614999999999997 0.02759 0.14029999999999998
0 0.71094 0.22935 0.018539999999999997 0.10300000000000001
0 0.6381849999999999 0.319225 0.021865 0.122825
0 0.02948 0.747675 0.029145 0.18280000000000002
0 0.22784000000000001 0.286125 0.021015 0.10550000000000001