0 0.451904296875 0.286407470703125 0.023284912109375 0.1161956787109375
0 0.469970703125 0.0885772705078125 0.01983642578125 0.097808837890625
0 0.7109375 0.210418701171875 0.0212860107421875 0.11932373046875
0 0.2252197265625 0.1032257080078125 0.026763916015625 0.1256561279296875
0 0.033477783203125 0.745849609375 0.03607177734375 0.173797607421875
0 0.9697265625 0.0921630859375 0.0199127197265625 0.0888824462890625
0 0.86767578125 0.07595062255859375 0.021820068359375 0.10223388671875
0 0.11279296875 0.2447509765625 0.021087646484375 0.1012420654296875
0 0.332763671875 0.1325225830078125 0.016845703125 0.0846099853515625
0 0.1524658203125 0.294952392578125 0.0213623046875 0.1068115234375
0 0.51416015625 0.247039794921875 0.0240478515625 0.118865966796875
0 0.55517578125 0.2587890625 0.02215576171875 0.09490966796875
0 0.266357421875 0.20843505859375 0.0191650390625 0.0719451904296875
0 0.66064453125 0.0914764404296875 0.0185394287109375 0.0926971435546875
0 0.8330078125 0.0899505615234375 0.019500732421875 0.0913238525390625
0 0.06817626953125 0.07251739501953125 0.018585205078125 0.090484619140625
0 0.9345703125 0.1157379150390625 0.0170440673828125 0.08758544921875
0 0.435546875 0.07625579833984375 0.021484375 0.1003265380859375
0 0.25927734375 0.092010498046875 0.021484375 0.1151275634765625
0 0.53466796875 0.1087188720703125 0.0188751220703125 0.086517333984375
0 0.916015625 0.269927978515625 0.0252227783203125 0.0914764404296875
0 0.326904296875 0.295562744140625 0.022369384765625 0.0765228271484375
0 0.76904296875 0.07564544677734375 0.0200958251953125 0.093231201171875
0 0.736328125 0.0962066650390625 0.0187225341796875 0.092010498046875
0 0.6357421875 0.284881591796875 0.02532958984375 0.11383056640625
0 0.63037109375 0.1039886474609375 0.0184783935546875 0.0955963134765625
0 0.169677734375 0.10009765625 0.02044677734375 0.104217529296875
0 0.367431640625 0.08331298828125 0.01983642578125 0.0971221923828125
0 0.82470703125 0.307159423828125 0.021331787109375 0.087890625
0 0.03253173828125 0.1280975341796875 0.0192718505859375 0.090484619140625
0 0.06524658203125 0.265045166015625 0.0237274169921875 0.1068115234375