0 0.8408203125 0.281219482421875 0.0203704833984375 0.115509033203125
0 0.7294921875 0.14190673828125 0.017852783203125 0.0962066650390625
0 0.66748046875 0.2410888671875 0.0203399658203125 0.135040283203125
0 0.9404296875 0.23895263671875 0.0263519287109375 0.09857177734375
0 0.369384765625 0.1166534423828125 0.0190887451171875 0.0855255126953125
0 0.26904296875 0.08819580078125 0.0207672119140625 0.1012420654296875
0 0.03521728515625 0.04528045654296875 0.017913818359375 0.08758544921875
0 0.471923828125 0.1058197021484375 0.0188751220703125 0.0695037841796875
0 0.7734375 0.216827392578125 0.0225372314453125 0.124664306640625
0 0.51025390625 0.19012451171875 0.021453857421875 0.085906982421875
0 0.1380615234375 0.107879638671875 0.01763916015625 0.085906982421875
0 0.537109375 0.21728515625 0.0224609375 0.1116180419921875
0 0.41357421875 0.250244140625 0.0225067138671875 0.106201171875
0 0.2109375 0.210418701171875 0.0203704833984375 0.0936126708984375
0 0.87353515625 0.254974365234375 0.0197601318359375 0.1038360595703125
0 0.352294921875 0.2520751953125 0.027008056640625 0.1136016845703125
0 0.62744140625 0.0936126708984375 0.0199432373046875 0.0971221923828125
0 0.029754638671875 0.762939453125 0.0352783203125 0.18524169921875
0 0.541015625 0.050048828125 0.018341064453125 0.080108642578125
0 0.1463623046875 0.26123046875 0.02386474609375 0.0981903076171875
0 0.041534423828125 0.2655029296875 0.021331787109375 0.1082611083984375
0 0.76025390625 0.0496673583984375 0.0174407958984375 0.087890625
0 0.450927734375 0.286865234375 0.0236053466796875 0.1004791259765625
0 0.970703125 0.14434814453125 0.01971435546875 0.07801055908203125
0 0.33544921875 0.06664276123046875 0.0196380615234375 0.0936126708984375
0 0.240966796875 0.22216796875 0.0217437744140625 0.11016845703125
0 0.8310546875 0.1166534423828125 0.0189056396484375 0.09063720703125
0 0.9404296875 0.06561279296875 0.017578125 0.0836181640625
0 0.17138671875 0.104217529296875 0.023468017578125 0.0914764404296875
0 0.65283203125 0.055999755859375 0.020294189453125 0.115509033203125
0 0.06805419921875 0.0823211669921875 0.022247314453125 0.0988006591796875