0 0.033905029296875 0.75439453125 0.03753662109375 0.169219970703125
0 0.640625 0.261688232421875 0.0216522216796875 0.1045989990234375
0 0.83984375 0.04871368408203125 0.0185089111328125 0.0846099853515625
0 0.2109375 0.213623046875 0.0209197998046875 0.0934600830078125
0 0.83740234375 0.24932861328125 0.021087646484375 0.097808837890625
0 0.3408203125 0.10345458984375 0.0161590576171875 0.09918212890625
0 0.71484375 0.262603759765625 0.02838134765625 0.1413726806640625
0 0.309326171875 0.174713134765625 0.0169830322265625 0.1050567626953125
0 0.93212890625 0.279083251953125 0.0204925537109375 0.0981903076171875
0 0.51123046875 0.229339599609375 0.0240478515625 0.1263427734375
0 0.5693359375 0.079498291015625 0.0173797607421875 0.0989532470703125
0 0.66796875 0.0823211669921875 0.0196075439453125 0.0925445556640625
0 0.759765625 0.05474090576171875 0.0224151611328125 0.106048583984375
0 0.1610107421875 0.05306243896484375 0.0194549560546875 0.0921630859375
0 0.1300048828125 0.13458251953125 0.0194244384765625 0.0923919677734375
0 0.2470703125 0.294952392578125 0.021575927734375 0.093841552734375
0 0.2379150390625 0.0852203369140625 0.01495361328125 0.1039886474609375
0 0.9306640625 0.137176513671875 0.0162811279296875 0.0925445556640625
0 0.55126953125 0.288543701171875 0.0225372314453125 0.1177978515625
0 0.06982421875 0.12542724609375 0.02056884765625 0.0826263427734375
0 0.443603515625 0.243377685546875 0.026458740234375 0.10955810546875
0 0.342041015625 0.24383544921875 0.0234222412109375 0.116424560546875
0 0.440185546875 0.100860595703125 0.014617919921875 0.0962066650390625
0 0.470703125 0.1026153564453125 0.018829345703125 0.094146728515625
0 0.7275390625 0.1125335693359375 0.02069091796875 0.119781494140625
0 0.80859375 0.1513671875 0.0188751220703125 0.1105499267578125
0 0.010650634765625 0.233612060546875 0.0202178955078125 0.102996826171875
0 0.9716796875 0.23895263671875 0.0232391357421875 0.1131439208984375
0 0.1693115234375 0.23406982421875 0.0261993408203125 0.122833251953125
0 0.60888671875 0.167694091796875 0.0184783935546875 0.1093292236328125
0 0.0369873046875 0.0823211669921875 0.0187225341796875 0.09307861328125