0 0.96826171875 0.0954437255859375 0.0213623046875 0.09307861328125
0 0.5400390625 0.2960205078125 0.025909423828125 0.1103973388671875
0 0.2314453125 0.31341552734375 0.0199127197265625 0.101470947265625
0 0.452392578125 0.264129638671875 0.0250396728515625 0.117340087890625
0 0.0302734375 0.133514404296875 0.0200958251953125 0.093231201171875
0 0.94091796875 0.0909423828125 0.01763916015625 0.0807952880859375
0 0.333984375 0.105438232421875 0.018829345703125 0.0868988037109375
0 0.06280517578125 0.05733489990234375 0.017852783203125 0.105438232421875
0 0.470947265625 0.0899505615234375 0.0190582275390625 0.0768280029296875
0 0.8154296875 0.2655029296875 0.0197906494140625 0.10223388671875
0 0.1395263671875 0.09490966796875 0.019012451171875 0.0849151611328125
0 0.1702880859375 0.1016998291015625 0.02276611328125 0.089569091796875
0 0.634765625 0.28228759765625 0.0254669189453125 0.118865966796875
0 0.83544921875 0.0774383544921875 0.018768310546875 0.1038360595703125
0 0.5546875 0.052280426025390625 0.0209197998046875 0.10456085205078125
0 0.313232421875 0.232696533203125 0.02215576171875 0.11077880859375
0 0.368408203125 0.07625579833984375 0.022369384765625 0.10223388671875
0 0.263671875 0.06610870361328125 0.0196075439453125 0.0972747802734375
0 0.9365234375 0.20263671875 0.023193359375 0.103607177734375
0 0.06927490234375 0.2301025390625 0.022247314453125 0.099945068359375
0 0.2318115234375 0.102081298828125 0.01861572265625 0.0911712646484375
0 0.87060546875 0.0962066650390625 0.0206451416015625 0.098419189453125
0 0.73291015625 0.114898681640625 0.0181884765625 0.090789794921875
0 0.73486328125 0.301513671875 0.0231475830078125 0.1209259033203125
0 0.662109375 0.0534820556640625 0.0163421630859375 0.0955963134765625
0 0.630859375 0.1392364501953125 0.0200958251953125 0.1024627685546875
0 0.41359867309070775 0.2628781158821921 0.023696748370783487 0.11986436017751628
0 0.57080078125 0.201568603515625 0.0216522216796875 0.1184844970703125
0 0.1416015625 0.2301025390625 0.0216217041015625 0.106201171875
0 0.77099609375 0.27496337890625 0.02001953125 0.0888824462890625
0 0.033966064453125 0.7476806640625 0.0345458984375 0.1593017578125