0 0.64208984375 0.27252197265625 0.0218658447265625 0.1125335693359375
0 0.5751953125 0.23193359375 0.0197601318359375 0.1004791259765625
0 0.5576171875 0.0582122802734375 0.017578125 0.09918212890625
0 0.658203125 0.0577545166015625 0.020965576171875 0.104217529296875
0 0.7333984375 0.11444091796875 0.017578125 0.08392333984375
0 0.9677734375 0.11077880859375 0.0210418701171875 0.0913238525390625
0 0.46142578125 0.0646209716796875 0.018829345703125 0.093231201171875
0 0.75439453125 0.28533935546875 0.024383544921875 0.1161956787109375
0 0.853515625 0.25115966796875 0.0219879150390625 0.1070404052734375
0 0.833984375 0.0689697265625 0.0206451416015625 0.102081298828125
0 0.5302734375 0.1142120361328125 0.0161590576171875 0.1003265380859375
0 0.43994140625 0.282745361328125 0.022247314453125 0.105438232421875
0 0.81494140625 0.265045166015625 0.0225830078125 0.107879638671875
0 0.6748046875 0.238037109375 0.02056884765625 0.1016998291015625
0 0.951171875 0.2362060546875 0.0230712890625 0.1221466064453125
0 0.7705078125 0.1016998291015625 0.019866943359375 0.066375732421875
0 0.93310546875 0.06336212158203125 0.0212860107421875 0.1007080078125
0 0.3681640625 0.269927978515625 0.0224151611328125 0.109100341796875
0 0.325439453125 0.0958251953125 0.024932861328125 0.1213836669921875
0 0.431884765625 0.1485443115234375 0.0179901123046875 0.0946807861328125
0 0.32861328125 0.26458740234375 0.021575927734375 0.138702392578125
0 0.1693115234375 0.1200103759765625 0.017913818359375 0.0868988037109375
0 0.037689208984375 0.0914764404296875 0.0219879150390625 0.0836181640625
0 0.071044921875 0.10223388671875 0.0180206298828125 0.0888824462890625
0 0.11474609375 0.248870849609375 0.020416259765625 0.1003265380859375
0 0.2322998046875 0.1195526123046875 0.0185394287109375 0.089569091796875
0 0.15625 0.27099609375 0.023284912109375 0.1285552978515625
0 0.033966064453125 0.7427978515625 0.028167724609375 0.16357421875
0 0.0125732421875 0.257720947265625 0.020599365234375 0.07251739501953125
0 0.26708984375 0.0638580322265625 0.0188751220703125 0.0945281982421875
0 0.262939453125 0.25543212890625 0.0225372314453125 0.1142120361328125