0 0.57421875 0.193023681640625 0.0192413330078125 0.109100341796875
0 0.72900390625 0.1313018798828125 0.0199127197265625 0.100860595703125
0 0.52783203125 0.1213836669921875 0.0204925537109375 0.09857177734375
0 0.6455078125 0.2874755859375 0.0214080810546875 0.0997161865234375
0 0.330810546875 0.1309967041015625 0.0184326171875 0.0888824462890625
0 0.82666015625 0.078887939453125 0.02423095703125 0.1129150390625
0 0.0699462890625 0.0989532470703125 0.0197601318359375 0.1004791259765625
0 0.7578125 0.0600433349609375 0.0213623046875 0.1045989990234375
0 0.67919921875 0.22003173828125 0.020416259765625 0.1058197021484375
0 0.3681640625 0.239715576171875 0.021575927734375 0.103607177734375
0 0.55615234375 0.094146728515625 0.01666259765625 0.089263916015625
0 0.96826171875 0.0936126708984375 0.01837158203125 0.0946807861328125
0 0.44140625 0.0946807861328125 0.0174407958984375 0.0849151611328125
0 0.8232421875 0.3155517578125 0.0258026123046875 0.118255615234375
0 0.17041015625 0.254058837890625 0.02203369140625 0.1256561279296875
0 0.6318359375 0.153961181640625 0.0164031982421875 0.0814056396484375
0 0.408935546875 0.1525115966796875 0.019989013671875 0.102996826171875
0 0.2666015625 0.0774383544921875 0.021240234375 0.1064300537109375
0 0.93408203125 0.093841552734375 0.01678466796875 0.07801055908203125
0 0.364501953125 0.06534576416015625 0.0205230712890625 0.1055908203125
0 0.0379638671875 0.0989532470703125 0.0189361572265625 0.0945281982421875
0 0.24365234375 0.2362060546875 0.0257110595703125 0.1175689697265625
0 0.155029296875 0.04726409912109375 0.019500732421875 0.0945281982421875
0 0.46875 0.0955963134765625 0.0173797607421875 0.090484619140625
0 0.1224365234375 0.113983154296875 0.025909423828125 0.1230621337890625
0 0.04351806640625 0.24200439453125 0.0236053466796875 0.1088714599609375
0 0.2347412109375 0.096893310546875 0.019500732421875 0.0899505615234375
0 0.86181640625 0.226287841796875 0.024749755859375 0.1251983642578125
0 0.033966064453125 0.7476806640625 0.03424072265625 0.1629638671875
0 0.7236328125 0.29876708984375 0.0182952880859375 0.0722503662109375
0 0.9613217817409992 0.304368338419564 0.020974293419803645 0.10487146709901818