0 0.346923828125 0.232696533203125 0.023468017578125 0.114898681640625
0 0.572265625 0.235443115234375 0.023468017578125 0.117340087890625
0 0.810546875 0.189056396484375 0.0201416015625 0.101470947265625
0 0.40966796875 0.18951416015625 0.021942138671875 0.107879638671875
0 0.2734375 0.222625732421875 0.0216522216796875 0.1195526123046875
0 0.443115234375 0.239410400390625 0.0210418701171875 0.1003265380859375
0 0.63134765625 0.0855255126953125 0.021484375 0.106201171875
0 0.146728515625 0.2545166015625 0.024658203125 0.11444091796875
0 0.96826171875 0.089263916015625 0.0214080810546875 0.0981903076171875
0 0.0101318359375 0.198211669921875 0.020599365234375 0.0945281982421875
0 0.93798828125 0.044403076171875 0.0182342529296875 0.0814056396484375
0 0.1695556640625 0.1285552978515625 0.01983642578125 0.085906982421875
0 0.237060546875 0.272064208984375 0.0223236083984375 0.1064300537109375
0 0.070556640625 0.1297760009765625 0.0184326171875 0.0901031494140625
0 0.939453125 0.2545166015625 0.021087646484375 0.101470947265625
0 0.84423828125 0.2606201171875 0.024749755859375 0.10955810546875
0 0.52587890625 0.1105499267578125 0.0208892822265625 0.0971221923828125
0 0.8701171875 0.137176513671875 0.0189056396484375 0.07335662841796875
0 0.666015625 0.05645751953125 0.0192413330078125 0.0958251953125
0 0.03656005859375 0.06561279296875 0.019989013671875 0.099945068359375
0 0.309814453125 0.203094482421875 0.0217742919921875 0.1213836669921875
0 0.335205078125 0.0943756103515625 0.0202178955078125 0.087890625
0 0.775390625 0.184173583984375 0.0213623046875 0.10345458984375
0 0.43994140625 0.0962066650390625 0.0190582275390625 0.087890625
0 0.260498046875 0.0934600830078125 0.018096923828125 0.0868988037109375
0 0.11065673828125 0.198974609375 0.021484375 0.1068115234375
0 0.7568359375 0.086517333984375 0.019500732421875 0.0868988037109375
0 0.72900390625 0.1123046875 0.0190582275390625 0.10955810546875
0 0.6640625 0.2764892578125 0.0203399658203125 0.1110076904296875
0 0.556640625 0.04688262939453125 0.0202484130859375 0.0926971435546875
0 0.034820556640625 0.7464599609375 0.036346435546875 0.1849365234375