0 0.96533203125 0.0714111328125 0.0190887451171875 0.104827880859375
0 0.623046875 0.3094482421875 0.026153564453125 0.115966796875
0 0.277099609375 0.2349853515625 0.019683837890625 0.0926971435546875
0 0.310302734375 0.2301025390625 0.022369384765625 0.0980377197265625
0 0.44140625 0.26702880859375 0.022247314453125 0.1012420654296875
0 0.56640625 0.113983154296875 0.021087646484375 0.0899505615234375
0 0.92822265625 0.28167724609375 0.0207977294921875 0.090484619140625
0 0.029754638671875 0.11383056640625 0.023956298828125 0.0923919677734375
0 0.2314453125 0.1548004150390625 0.019561767578125 0.0823211669921875
0 0.1383056640625 0.24932861328125 0.0222930908203125 0.0888824462890625
0 0.26220703125 0.0719451904296875 0.0164642333984375 0.094146728515625
0 0.93212890625 0.1309967041015625 0.019378662109375 0.089263916015625
0 0.33447265625 0.0496673583984375 0.0205230712890625 0.0872039794921875
0 0.409423828125 0.172119140625 0.0203704833984375 0.098419189453125
0 0.141845703125 0.0714111328125 0.0162200927734375 0.0855255126953125
0 0.470947265625 0.104827880859375 0.019195556640625 0.09857177734375
0 0.73779296875 0.264129638671875 0.019378662109375 0.1018524169921875
0 0.66015625 0.06313323974609375 0.0247955322265625 0.1004791259765625
0 0.771484375 0.118865966796875 0.017242431640625 0.0846099853515625
0 0.06109619140625 0.0626373291015625 0.020843505859375 0.12420654296875
0 0.8330078125 0.058441162109375 0.0229339599609375 0.0980377197265625
0 0.341796875 0.234527587890625 0.025421142578125 0.132293701171875
0 0.53076171875 0.053253173828125 0.020721435546875 0.0909423828125
0 0.8115234375 0.239410400390625 0.0240020751953125 0.109710693359375
0 0.66015625 0.2301025390625 0.0230712890625 0.1403045654296875
0 0.7412109375 0.07335662841796875 0.018646240234375 0.0963592529296875
0 0.5458984375 0.234527587890625 0.027587890625 0.1268768310546875
0 0.0341796875 0.732421875 0.04248046875 0.16632080078125
0 0.86669921875 0.072784423828125 0.02203369140625 0.0885772705078125
0 0.1689453125 0.122833251953125 0.01861572265625 0.107879638671875
0 0.0560302734375 0.243377685546875 0.0271759033203125 0.1153564453125