0 0.84912 0.284275 0.02109 0.1142
0 0.035335 0.7450749999999999 0.041495 0.197625
0 0.71094 0.21607500000000002 0.022155 0.09117499999999999
0 0.663575 0.0969 0.018875 0.10505
0 0.62793 0.078 0.021745 0.094
0 0.373535 0.22797499999999998 0.02162 0.112675
0 0.408935 0.181125 0.0193 0.10400000000000001
0 0.9663099999999999 0.104225 0.02069 0.1007
0 0.95801 0.239725 0.023329999999999997 0.112925
0 0.7387699999999999 0.111475 0.017515 0.09147500000000001
0 0.617675 0.26505 0.026260000000000002 0.13275
0 0.569335 0.0801 0.02136 0.09505000000000001
0 0.020415 0.26594999999999996 0.027265 0.131
0 0.13025 0.09217499999999999 0.02022 0.09095
0 0.443605 0.23545000000000002 0.023954999999999997 0.12304999999999999
0 0.36133 0.09307499999999999 0.018295000000000002 0.084925
0 0.163575 0.093225 0.01744 0.0924
0 0.5581050000000001 0.2588 0.024274999999999998 0.116425
0 0.028105 0.077125 0.01877 0.1036
0 0.8320299999999999 0.157775 0.017305 0.083625
0 0.518555 0.2832 0.02199 0.10400000000000001
0 0.916505 0.24932500000000002 0.025515 0.13405
0 0.26343 0.26992499999999997 0.023774999999999998 0.117575
0 0.33154500000000003 0.102075 0.018645 0.0917
0 0.468995 0.11977499999999999 0.019684999999999998 0.08789999999999999
0 0.06305 0.27297499999999997 0.024 0.112675
0 0.8603500000000001 0.0674 0.01616 0.07980000000000001
0 0.12744 0.2823 0.025665 0.124675
0 0.229005 0.0801 0.02443 0.12
0 0.26220499999999997 0.048375 0.01964 0.09634999999999999
0 0.74707 0.2626 0.024184999999999998 0.0882