0 0.55810546875 0.279693603515625 0.0255584716796875 0.117340087890625
0 0.415771484375 0.248870849609375 0.02532958984375 0.1175689697265625
0 0.85205078125 0.284881591796875 0.0262603759765625 0.109100341796875
0 0.9287109375 0.310516357421875 0.0236053466796875 0.106201171875
0 0.126953125 0.124969482421875 0.0239105224609375 0.0923919677734375
0 0.43115234375 0.07030487060546875 0.0200653076171875 0.095062255859375
0 0.308349609375 0.1479339599609375 0.0185089111328125 0.1125335693359375
0 0.9677734375 0.236663818359375 0.0229339599609375 0.104217529296875
0 0.33642578125 0.20416259765625 0.0200958251953125 0.103607177734375
0 0.7666015625 0.1120758056640625 0.0225830078125 0.094146728515625
0 0.83056640625 0.06168365478515625 0.0243377685546875 0.1052093505859375
0 0.457763671875 0.28533935546875 0.0225372314453125 0.1125335693359375
0 0.2447509765625 0.233154296875 0.0225372314453125 0.11077880859375
0 0.5634765625 0.066375732421875 0.0239105224609375 0.1055908203125
0 0.66748046875 0.1114654541015625 0.0212860107421875 0.089569091796875
0 0.1544189453125 0.05283355712890625 0.020294189453125 0.0995635986328125
0 0.515625 0.24383544921875 0.019378662109375 0.1325225830078125
0 0.9296875 0.098419189453125 0.021484375 0.108489990234375
0 0.86572265625 0.06664276123046875 0.023193359375 0.0958251953125
0 0.7294921875 0.0609588623046875 0.022979736328125 0.109710693359375
0 0.23681640625 0.09490966796875 0.0182647705078125 0.087890625
0 0.6318359375 0.0609588623046875 0.019683837890625 0.1082611083984375
0 0.64892578125 0.232391357421875 0.0258636474609375 0.1297760009765625
0 0.751953125 0.242462158203125 0.0210113525390625 0.138702392578125
0 0.063720703125 0.06191253662109375 0.0169219970703125 0.0868988037109375
0 0.17431640625 0.225982666015625 0.02423095703125 0.129547119140625
0 0.34228515625 0.097503662109375 0.0170440673828125 0.0823211669921875
0 0.2099609375 0.194549560546875 0.02056884765625 0.1136016845703125
0 0.03515625 0.3173828125 0.0211639404296875 0.1070404052734375
0 0.073974609375 0.24017333984375 0.0219879150390625 0.121917724609375
0 0.03607177734375 0.75927734375 0.035064697265625 0.1708984375