0 0.970703125 0.091705322265625 0.019683837890625 0.0836181640625
0 0.43994140625 0.26214599609375 0.0215301513671875 0.1044464111328125
0 0.370361328125 0.0934600830078125 0.0204925537109375 0.0911712646484375
0 0.035736083984375 0.0981903076171875 0.02001953125 0.0936126708984375
0 0.95166015625 0.296630859375 0.020416259765625 0.086212158203125
0 0.2685546875 0.0981903076171875 0.0214080810546875 0.097808837890625
0 0.2086181640625 0.1528167724609375 0.01898193359375 0.093231201171875
0 0.340087890625 0.0600433349609375 0.022369384765625 0.0952911376953125
0 0.52587890625 0.310516357421875 0.021453857421875 0.086517333984375
0 0.44140625 0.07114410400390625 0.0184783935546875 0.0846099853515625
0 0.06793212890625 0.11016845703125 0.0167236328125 0.0774383544921875
0 0.409912109375 0.15777587890625 0.020599365234375 0.092010498046875
0 0.82421875 0.27496337890625 0.0253753662109375 0.1146697998046875
0 0.64111328125 0.0591278076171875 0.0163421630859375 0.079193115234375
0 0.74072265625 0.04817962646484375 0.017303466796875 0.0771331787109375
0 0.5673828125 0.258331298828125 0.0196380615234375 0.099334716796875
0 0.34228515625 0.269012451171875 0.0213623046875 0.10223388671875
0 0.6103515625 0.20263671875 0.0189361572265625 0.0826263427734375
0 0.7685546875 0.1395416259765625 0.0185394287109375 0.0855255126953125
0 0.166259765625 0.1032257080078125 0.017303466796875 0.09185791015625
0 0.9130859375 0.248870849609375 0.021697998046875 0.0989532470703125
0 0.865234375 0.256805419921875 0.0235137939453125 0.103607177734375
0 0.161376953125 0.2520751953125 0.024566650390625 0.1116180419921875
0 0.708984375 0.14404296875 0.018341064453125 0.10009765625
0 0.8330078125 0.1268768310546875 0.0182952880859375 0.0888824462890625
0 0.23974609375 0.25543212890625 0.0215301513671875 0.097808837890625
0 0.0177154541015625 0.265960693359375 0.0217437744140625 0.0901031494140625
0 0.6708984375 0.1146697998046875 0.0199127197265625 0.0954437255859375
0 0.1319580078125 0.07801055908203125 0.019378662109375 0.093994140625
0 0.03521728515625 0.7586669921875 0.03662109375 0.1800537109375
0 0.5337596049591404 0.10848772458519114 0.02169754491703827 0.10607688626107581