0 0.46826171875 0.1142120361328125 0.019378662109375 0.09307861328125
0 0.1705322265625 0.097503662109375 0.018341064453125 0.0934600830078125
0 0.208984375 0.181732177734375 0.0201416015625 0.10345458984375
0 0.138671875 0.0962066650390625 0.0181884765625 0.086212158203125
0 0.43359375 0.072784423828125 0.02276611328125 0.100860595703125
0 0.33251953125 0.1153564453125 0.0177154541015625 0.08819580078125
0 0.37548828125 0.245208740234375 0.023651123046875 0.1032257080078125
0 0.97216796875 0.22552490234375 0.0222015380859375 0.118255615234375
0 0.240234375 0.0684356689453125 0.021697998046875 0.092010498046875
0 0.67529296875 0.210113525390625 0.0217437744140625 0.1528167724609375
0 0.6298828125 0.1438140869140625 0.0179901123046875 0.10009765625
0 0.7607421875 0.051326751708984375 0.0216217041015625 0.10265350341796875
0 0.578125 0.226287841796875 0.022247314453125 0.106658935546875
0 0.9306640625 0.1016998291015625 0.018341064453125 0.095062255859375
0 0.93603515625 0.316162109375 0.0200958251953125 0.1055908203125
0 0.87158203125 0.199737548828125 0.0230255126953125 0.1171112060546875
0 0.76123046875 0.269927978515625 0.0254669189453125 0.145416259765625
0 0.0189056396484375 0.2911376953125 0.023193359375 0.086212158203125
0 0.54541015625 0.2960205078125 0.020294189453125 0.09857177734375
0 0.82568359375 0.1058197021484375 0.01473236083984375 0.1216888427734375
0 0.6552734375 0.04924774169921875 0.01332855224609375 0.0984954833984375
0 0.33642578125 0.32196044921875 0.021697998046875 0.0804901123046875
0 0.724609375 0.0888824462890625 0.0260009765625 0.1309967041015625
0 0.560546875 0.0952911376953125 0.01751708984375 0.0783538818359375
0 0.05975341796875 0.265960693359375 0.0243377685546875 0.093994140625
0 0.035003662109375 0.0885772705078125 0.022674560546875 0.0817108154296875
0 0.27001953125 0.137176513671875 0.0199127197265625 0.0739288330078125
0 0.411376953125 0.22430419921875 0.0211639404296875 0.109100341796875
0 0.84326171875 0.301513671875 0.0251312255859375 0.133056640625
0 0.035491943359375 0.7537841796875 0.037322998046875 0.18768310546875
0 0.14392704794968691 0.251932604870055 0.025072718570799738 0.12054191620576794