0 0.53955078125 0.1004791259765625 0.0160980224609375 0.0849151611328125
0 0.6640625 0.06977081298828125 0.017303466796875 0.0888824462890625
0 0.1630859375 0.269012451171875 0.0245208740234375 0.1221466064453125
0 0.242431640625 0.1093292236328125 0.01837158203125 0.080108642578125
0 0.67626953125 0.244293212890625 0.0223236083984375 0.1003265380859375
0 0.94189453125 0.239410400390625 0.0236053466796875 0.12420654296875
0 0.2098388671875 0.174407958984375 0.0203399658203125 0.1184844970703125
0 0.5712890625 0.1052093505859375 0.0182647705078125 0.0888824462890625
0 0.8583984375 0.04985809326171875 0.0180511474609375 0.089569091796875
0 0.1273193359375 0.0829315185546875 0.02801513671875 0.1361083984375
0 0.77099609375 0.1116180419921875 0.0202484130859375 0.07335662841796875
0 0.437255859375 0.0600433349609375 0.01934814453125 0.0899505615234375
0 0.270751953125 0.118865966796875 0.022247314453125 0.1038360595703125
0 0.359375 0.291748046875 0.02069091796875 0.091705322265625
0 0.8408203125 0.309906005859375 0.0258636474609375 0.1309967041015625
0 0.509765625 0.1800537109375 0.0219879150390625 0.099334716796875
0 0.9091796875 0.17242431640625 0.01971435546875 0.1064300537109375
0 0.332763671875 0.08392333984375 0.02001953125 0.1052093505859375
0 0.0312042236328125 0.1126861572265625 0.021484375 0.1050567626953125
0 0.7109375 0.2056884765625 0.018829345703125 0.1024627685546875
0 0.93896484375 0.0954437255859375 0.01861572265625 0.087890625
0 0.367919921875 0.0714111328125 0.0191192626953125 0.0926971435546875
0 0.469970703125 0.097808837890625 0.0204925537109375 0.1004791259765625
0 0.74072265625 0.0820159912109375 0.0177154541015625 0.1003265380859375
0 0.63818359375 0.32196044921875 0.020965576171875 0.089569091796875
0 0.016021728515625 0.250244140625 0.028167724609375 0.1186370849609375
0 0.1611328125 0.05146026611328125 0.0231475830078125 0.09765625
0 0.058563232421875 0.238037109375 0.024566650390625 0.1190948486328125
0 0.82861328125 0.1093292236328125 0.0231475830078125 0.099945068359375
0 0.4111328125 0.227203369140625 0.021942138671875 0.0943756103515625
0 0.0364990234375 0.7574462890625 0.03240966796875 0.17608642578125