0 0.434814453125 0.1204681396484375 0.0193023681640625 0.0921630859375
0 0.3701171875 0.122833251953125 0.020172119140625 0.084228515625
0 0.341796875 0.1082611083984375 0.0153656005859375 0.0771331787109375
0 0.1683349609375 0.1157379150390625 0.0193023681640625 0.09307861328125
0 0.0631103515625 0.059356689453125 0.020965576171875 0.1039886474609375
0 0.771484375 0.10955810546875 0.0185394287109375 0.0846099853515625
0 0.11065673828125 0.209197998046875 0.0233306884765625 0.1171112060546875
0 0.60888671875 0.16693115234375 0.01898193359375 0.109710693359375
0 0.74560546875 0.290069580078125 0.019989013671875 0.0921630859375
0 0.71142578125 0.223388671875 0.0213623046875 0.1171112060546875
0 0.9599609375 0.301513671875 0.0207977294921875 0.08331298828125
0 0.416748046875 0.27557373046875 0.021453857421875 0.1081085205078125
0 0.9697265625 0.0872039794921875 0.0211639404296875 0.0826263427734375
0 0.24072265625 0.089569091796875 0.018585205078125 0.07770538330078125
0 0.469970703125 0.0872039794921875 0.0189361572265625 0.07114410400390625
0 0.6689453125 0.1221466064453125 0.0177154541015625 0.0836181640625
0 0.336669921875 0.244293212890625 0.0192413330078125 0.0972747802734375
0 0.63623046875 0.04405975341796875 0.0197906494140625 0.0855255126953125
0 0.5654296875 0.0972747802734375 0.01763916015625 0.097808837890625
0 0.87451171875 0.19561767578125 0.021820068359375 0.10223388671875
0 0.26806640625 0.09765625 0.0199127197265625 0.095062255859375
0 0.556640625 0.239410400390625 0.02069091796875 0.1175689697265625
0 0.2076416015625 0.1435089111328125 0.0169830322265625 0.0899505615234375
0 0.1478271484375 0.2349853515625 0.022369384765625 0.11016845703125
0 0.82958984375 0.113372802734375 0.017913818359375 0.10009765625
0 0.52880859375 0.07335662841796875 0.0221099853515625 0.0997161865234375
0 0.035675048828125 0.7464599609375 0.041229248046875 0.207366943359375
0 0.03131714874142695 0.30712961111863485 0.023986917101769277 0.10189965344440458
0 0.0706787109375 0.233612060546875 0.0221099853515625 0.0965118408203125
0 0.8564453125 0.087890625 0.01238250732421875 0.085906982421875
0 0.9200964463986265 0.2808626647594393 0.021938628749449775 0.11089856290930655