0 0.96826171875 0.093231201171875 0.021209716796875 0.0945281982421875
0 0.5546875 0.254974365234375 0.02069091796875 0.1003265380859375
0 0.337646484375 0.06313323974609375 0.019500732421875 0.0958251953125
0 0.86962890625 0.0899505615234375 0.0223236083984375 0.103607177734375
0 0.41015625 0.201263427734375 0.0212860107421875 0.09765625
0 0.446533203125 0.2838134765625 0.0245208740234375 0.095977783203125
0 0.908203125 0.1499176025390625 0.0177764892578125 0.09674072265625
0 0.0709228515625 0.0958251953125 0.021087646484375 0.095062255859375
0 0.437255859375 0.0689697265625 0.021087646484375 0.1024627685546875
0 0.3115234375 0.234527587890625 0.0213623046875 0.0934600830078125
0 0.732421875 0.123748779296875 0.0191192626953125 0.097808837890625
0 0.7431640625 0.31402587890625 0.0204925537109375 0.0888824462890625
0 0.53466796875 0.0771331787109375 0.0215301513671875 0.106201171875
0 0.037811279296875 0.102081298828125 0.0188751220703125 0.0852203369140625
0 0.63232421875 0.116424560546875 0.017913818359375 0.092926025390625
0 0.345703125 0.251617431640625 0.02532958984375 0.0995635986328125
0 0.81494140625 0.247955322265625 0.0211181640625 0.09918212890625
0 0.64404296875 0.31219482421875 0.020843505859375 0.084228515625
0 0.1177978515625 0.2606201171875 0.022674560546875 0.104217529296875
0 0.77880859375 0.214080810546875 0.01898193359375 0.0954437255859375
0 0.93994140625 0.0921630859375 0.0182647705078125 0.0868988037109375
0 0.568359375 0.113372802734375 0.01934814453125 0.086517333984375
0 0.048309326171875 0.25634765625 0.021820068359375 0.1093292236328125
0 0.8349609375 0.1153564453125 0.01953125 0.079193115234375
0 0.1676025390625 0.108489990234375 0.0185089111328125 0.097503662109375
0 0.23095703125 0.087890625 0.019683837890625 0.1010894775390625
0 0.66015625 0.064849853515625 0.0182952880859375 0.0952911376953125
0 0.1593017578125 0.2679443359375 0.024658203125 0.1129150390625
0 0.263916015625 0.28167724609375 0.0205230712890625 0.104217529296875
0 0.036895751953125 0.7476806640625 0.025177001953125 0.153961181640625
0 0.223388671875 0.272064208984375 0.01861572265625 0.0963592529296875